time/s      E/V        I/A
0.00000E+00 -7.00000E-01 -1.54484E-06 -6.99691E-01
6.66667E-02 -6.98000E-01 -1.06997E-06 -6.97713E-01
1.33333E-01 -6.96000E-01 -9.49564E-07 -6.95734E-01
2.00000E-01 -6.94000E-01 -8.50504E-07 -6.93755E-01
2.66667E-01 -6.92000E-01 -7.88151E-07 -6.91624E-01
3.33333E-01 -6.90000E-01 -7.47145E-07 -6.89645E-01
4.00000E-01 -6.88000E-01 -7.00610E-07 -6.87818E-01
4.66667E-01 -6.86000E-01 -6.62061E-07 -6.85687E-01
5.33333E-01 -6.84000E-01 -6.40560E-07 -6.83708E-01
6.00000E-01 -6.82000E-01 -6.06619E-07 -6.81729E-01
6.66667E-01 -6.80000E-01 -5.80049E-07 -6.79750E-01
7.33333E-01 -6.78000E-01 -5.59930E-07 -6.77772E-01
8.00000E-01 -6.76000E-01 -5.37047E-07 -6.75793E-01
8.66667E-01 -6.74000E-01 -5.16621E-07 -6.73662E-01
9.33333E-01 -6.72000E-01 -4.95427E-07 -6.71683E-01
1.00000E+00 -6.70000E-01 -4.77611E-07 -6.69704E-01
1.06667E+00 -6.68000E-01 -4.68089E-07 -6.67725E-01
1.13333E+00 -6.66000E-01 -4.49353E-07 -6.65746E-01
1.20000E+00 -6.64000E-01 -4.35837E-07 -6.63767E-01
1.26667E+00 -6.62000E-01 -4.26469E-07 -6.61636E-01
1.33333E+00 -6.60000E-01 -4.12647E-07 -6.59657E-01
1.40000E+00 -6.58000E-01 -3.99592E-07 -6.57678E-01
1.46667E+00 -6.56000E-01 -3.92067E-07 -6.55700E-01
1.53333E+00 -6.54000E-01 -3.78552E-07 -6.53568E-01
1.60000E+00 -6.52000E-01 -3.67033E-07 -6.51590E-01
1.66667E+00 -6.50000E-01 -3.57972E-07 -6.49763E-01
1.73333E+00 -6.48000E-01 -3.47529E-07 -6.47632E-01
1.80000E+00 -6.46000E-01 -3.37700E-07 -6.45653E-01
1.86667E+00 -6.44000E-01 -3.33246E-07 -6.43674E-01
1.93333E+00 -6.42000E-01 -3.21420E-07 -6.41847E-01
2.00000E+00 -6.40000E-01 -3.09748E-07 -6.39869E-01
2.06667E+00 -6.38000E-01 -3.11591E-07 -6.37890E-01
2.13333E+00 -6.36000E-01 -3.03451E-07 -6.35911E-01
2.20000E+00 -6.34000E-01 -2.87940E-07 -6.33932E-01
2.26667E+00 -6.32000E-01 -2.90704E-07 -6.31801E-01
2.33333E+00 -6.30000E-01 -2.81336E-07 -6.29974E-01
2.40000E+00 -6.28000E-01 -2.67513E-07 -6.27995E-01
2.46667E+00 -6.26000E-01 -2.70585E-07 -6.25864E-01
2.53333E+00 -6.24000E-01 -2.61677E-07 -6.23885E-01
2.60000E+00 -6.22000E-01 -2.49391E-07 -6.21906E-01
2.66667E+00 -6.20000E-01 -2.53998E-07 -6.19775E-01
2.73333E+00 -6.18000E-01 -2.43248E-07 -6.17797E-01
2.80000E+00 -6.16000E-01 -2.40483E-07 -6.15818E-01
2.86667E+00 -6.14000E-01 -2.39869E-07 -6.13839E-01
2.93333E+00 -6.12000E-01 -2.31422E-07 -6.11860E-01
3.00000E+00 -6.10000E-01 -2.19136E-07 -6.09881E-01
3.06667E+00 -6.08000E-01 -2.21286E-07 -6.07902E-01
3.13333E+00 -6.06000E-01 -2.16064E-07 -6.05771E-01
3.20000E+00 -6.04000E-01 -2.05467E-07 -6.03792E-01
3.26667E+00 -6.02000E-01 -2.11610E-07 -6.01813E-01
3.33333E+00 -6.00000E-01 -2.01781E-07 -5.99834E-01
3.40000E+00 -5.98000E-01 -1.94409E-07 -5.97856E-01
3.46667E+00 -5.96000E-01 -1.99170E-07 -5.95877E-01
3.53333E+00 -5.94000E-01 -1.89802E-07 -5.93746E-01
3.60000E+00 -5.92000E-01 -1.84273E-07 -5.91919E-01
3.66667E+00 -5.90000E-01 -1.89495E-07 -5.89788E-01
3.73333E+00 -5.88000E-01 -1.80587E-07 -5.87809E-01
3.80000E+00 -5.86000E-01 -1.74597E-07 -5.85830E-01
3.86667E+00 -5.84000E-01 -1.77822E-07 -5.83851E-01
3.93333E+00 -5.82000E-01 -1.68454E-07 -5.81720E-01
4.00000E+00 -5.80000E-01 -1.68147E-07 -5.79741E-01
4.06667E+00 -5.78000E-01 -1.65229E-07 -5.77762E-01
4.13333E+00 -5.76000E-01 -1.59239E-07 -5.75784E-01
4.20000E+00 -5.74000E-01 -1.65075E-07 -5.73805E-01
4.26667E+00 -5.72000E-01 -1.55246E-07 -5.71826E-01
4.33333E+00 -5.70000E-01 -1.51407E-07 -5.69847E-01
4.40000E+00 -5.68000E-01 -1.56935E-07 -5.67716E-01
4.46667E+00 -5.66000E-01 -1.46799E-07 -5.65737E-01
4.53333E+00 -5.64000E-01 -1.42806E-07 -5.63758E-01
4.60000E+00 -5.62000E-01 -1.51253E-07 -5.61931E-01
4.66667E+00 -5.60000E-01 -1.36663E-07 -5.59800E-01
4.73333E+00 -5.58000E-01 -1.27448E-07 -5.57821E-01
4.80000E+00 -5.56000E-01 -1.44649E-07 -5.55843E-01
4.86667E+00 -5.54000E-01 -1.24223E-07 -5.53864E-01
4.93333E+00 -5.52000E-01 -1.19155E-07 -5.51885E-01
5.00000E+00 -5.50000E-01 -1.33131E-07 -5.49906E-01
5.06667E+00 -5.48000E-01 -1.19308E-07 -5.47775E-01
5.13333E+00 -5.46000E-01 -1.11169E-07 -5.45796E-01
5.20000E+00 -5.44000E-01 -1.19923E-07 -5.43817E-01
5.26667E+00 -5.42000E-01 -1.12704E-07 -5.41838E-01
5.33333E+00 -5.40000E-01 -1.03489E-07 -5.39859E-01
5.40000E+00 -5.38000E-01 -1.07022E-07 -5.37728E-01
5.46667E+00 -5.36000E-01 -9.65784E-08 -5.35749E-01
5.53333E+00 -5.34000E-01 -9.33532E-08 -5.33771E-01
5.60000E+00 -5.32000E-01 -9.30460E-08 -5.31792E-01
5.66667E+00 -5.30000E-01 -8.58277E-08 -5.29813E-01
5.73333E+00 -5.28000E-01 -8.50598E-08 -5.27682E-01
5.80000E+00 -5.26000E-01 -8.07596E-08 -5.25703E-01
5.86667E+00 -5.24000E-01 -8.22954E-08 -5.23876E-01
5.93333E+00 -5.22000E-01 -7.73808E-08 -5.21745E-01
6.00000E+00 -5.20000E-01 -7.30806E-08 -5.19766E-01
6.06667E+00 -5.18000E-01 -7.30806E-08 -5.17787E-01
6.13333E+00 -5.16000E-01 -7.09304E-08 -5.15808E-01
6.20000E+00 -5.14000E-01 -6.44801E-08 -5.13830E-01
6.26667E+00 -5.12000E-01 -6.12549E-08 -5.11851E-01
6.33333E+00 -5.10000E-01 -6.03334E-08 -5.09872E-01
6.40000E+00 -5.08000E-01 -5.41902E-08 -5.07741E-01
6.46667E+00 -5.06000E-01 -4.63576E-08 -5.05762E-01
6.53333E+00 -5.04000E-01 -5.18865E-08 -5.03783E-01
6.60000E+00 -5.02000E-01 -5.58796E-08 -5.01652E-01
6.66667E+00 -5.00000E-01 -4.31324E-08 -4.99673E-01
6.73333E+00 -4.98000E-01 -4.43610E-08 -4.97694E-01
6.80000E+00 -4.96000E-01 -4.31324E-08 -4.95715E-01
6.86667E+00 -4.94000E-01 -3.25354E-08 -4.93736E-01
6.93333E+00 -4.92000E-01 -3.60677E-08 -4.91758E-01
7.00000E+00 -4.90000E-01 -2.90030E-08 -4.89779E-01
7.06667E+00 -4.88000E-01 -2.13240E-08 -4.87648E-01
7.13333E+00 -4.86000E-01 -2.99245E-08 -4.85669E-01
7.20000E+00 -4.84000E-01 -2.40884E-08 -4.83994E-01
7.26667E+00 -4.82000E-01 -1.36450E-08 -4.82015E-01
7.33333E+00 -4.80000E-01 -1.91739E-08 -4.79884E-01
7.40000E+00 -4.78000E-01 -1.77916E-08 -4.77905E-01
7.46667E+00 -4.76000E-01 -6.11953E-09 -4.75927E-01
7.53333E+00 -4.74000E-01 -1.24163E-08 -4.73948E-01
7.60000E+00 -4.72000E-01 -9.49830E-09 -4.71969E-01
7.66667E+00 -4.70000E-01 3.86320E-09  -4.69990E-01
7.73333E+00 -4.68000E-01 -6.73385E-09 -4.68011E-01
7.80000E+00 -4.66000E-01 2.48097E-09  -4.65880E-01
7.86667E+00 -4.64000E-01 9.54567E-09  -4.63901E-01
7.93333E+00 -4.62000E-01 9.45169E-10  -4.61922E-01
8.00000E+00 -4.60000E-01 9.85283E-09  -4.59943E-01
8.06667E+00 -4.58000E-01 1.87605E-08  -4.57812E-01
8.13333E+00 -4.56000E-01 6.01332E-09  -4.55833E-01
8.20000E+00 -4.54000E-01 9.08493E-09  -4.53855E-01
8.26667E+00 -4.52000E-01 2.32143E-08  -4.51876E-01
8.33333E+00 -4.50000E-01 1.55353E-08  -4.49897E-01
8.40000E+00 -4.48000E-01 2.38286E-08  -4.47918E-01
8.46667E+00 -4.46000E-01 3.07398E-08  -4.45939E-01
8.53333E+00 -4.44000E-01 2.42894E-08  -4.43960E-01
8.60000E+00 -4.42000E-01 3.67294E-08  -4.41829E-01
8.66667E+00 -4.40000E-01 3.68830E-08  -4.39850E-01
8.73333E+00 -4.38000E-01 3.13541E-08  -4.37871E-01
8.80000E+00 -4.36000E-01 4.14904E-08  -4.35892E-01
8.86667E+00 -4.34000E-01 3.67294E-08  -4.33914E-01
8.93333E+00 -4.32000E-01 4.17976E-08  -4.31935E-01
9.00000E+00 -4.30000E-01 4.74800E-08  -4.29956E-01
9.06667E+00 -4.28000E-01 3.73437E-08  -4.27825E-01
9.13333E+00 -4.26000E-01 4.82479E-08  -4.25846E-01
9.20000E+00 -4.24000E-01 5.65413E-08  -4.23867E-01
9.26667E+00 -4.22000E-01 4.41013E-08  -4.21736E-01
9.33333E+00 -4.20000E-01 5.74627E-08  -4.19757E-01
9.40000E+00 -4.18000E-01 6.71383E-08  -4.17778E-01
9.46667E+00 -4.16000E-01 4.65585E-08  -4.15799E-01
9.53333E+00 -4.14000E-01 6.82134E-08  -4.13820E-01
9.60000E+00 -4.12000E-01 7.65067E-08  -4.11842E-01
9.66667E+00 -4.10000E-01 5.43911E-08  -4.09710E-01
9.73333E+00 -4.08000E-01 7.66603E-08  -4.07732E-01
9.80000E+00 -4.06000E-01 8.11141E-08  -4.05905E-01
9.86667E+00 -4.04000E-01 6.69847E-08  -4.03926E-01
9.93333E+00 -4.02000E-01 8.63359E-08  -4.01795E-01
1.00000E+01 -4.00000E-01 9.27862E-08  -3.99816E-01
1.00667E+01 -3.98000E-01 8.09605E-08  -3.97837E-01
1.01333E+01 -3.96000E-01 9.77008E-08  -3.95858E-01
1.02000E+01 -3.94000E-01 1.04305E-07  -3.94032E-01
1.02667E+01 -3.92000E-01 9.73936E-08  -3.91901E-01
1.03333E+01 -3.90000E-01 1.03998E-07  -3.89922E-01
1.04000E+01 -3.88000E-01 1.09066E-07  -3.87791E-01
1.04667E+01 -3.86000E-01 1.10909E-07  -3.85812E-01
1.05333E+01 -3.84000E-01 1.17513E-07  -3.83833E-01
1.06000E+01 -3.82000E-01 1.16438E-07  -3.81854E-01
1.06667E+01 -3.80000E-01 1.24577E-07  -3.79723E-01
1.07333E+01 -3.78000E-01 1.27342E-07  -3.77896E-01
1.08000E+01 -3.76000E-01 1.32410E-07  -3.75917E-01
1.08667E+01 -3.74000E-01 1.34407E-07  -3.73786E-01
1.09333E+01 -3.72000E-01 1.40396E-07  -3.71807E-01
1.10000E+01 -3.70000E-01 1.43468E-07  -3.69829E-01
1.10667E+01 -3.68000E-01 1.46693E-07  -3.67850E-01
1.11333E+01 -3.66000E-01 1.52683E-07  -3.65871E-01
1.12000E+01 -3.64000E-01 1.48997E-07  -3.63740E-01
1.12667E+01 -3.62000E-01 1.57290E-07  -3.61761E-01
1.13333E+01 -3.60000E-01 1.65737E-07  -3.59782E-01
1.14000E+01 -3.58000E-01 1.62972E-07  -3.57803E-01
1.14667E+01 -3.56000E-01 1.68501E-07  -3.55824E-01
1.15333E+01 -3.54000E-01 1.79098E-07  -3.53845E-01
1.16000E+01 -3.52000E-01 1.77870E-07  -3.51714E-01
1.16667E+01 -3.50000E-01 1.83552E-07  -3.49735E-01
1.17333E+01 -3.48000E-01 1.89695E-07  -3.47757E-01
1.18000E+01 -3.46000E-01 1.89542E-07  -3.45778E-01
1.18667E+01 -3.44000E-01 1.97067E-07  -3.43647E-01
1.19333E+01 -3.42000E-01 2.01828E-07  -3.41668E-01
1.20000E+01 -3.40000E-01 1.99985E-07  -3.39689E-01
1.20667E+01 -3.38000E-01 2.09814E-07  -3.37862E-01
1.21333E+01 -3.36000E-01 2.15036E-07  -3.35731E-01
1.22000E+01 -3.34000E-01 2.13808E-07  -3.33752E-01
1.22667E+01 -3.32000E-01 2.20565E-07  -3.31773E-01
1.23333E+01 -3.30000E-01 2.33619E-07  -3.29794E-01
1.24000E+01 -3.28000E-01 2.28705E-07  -3.27816E-01
1.24667E+01 -3.26000E-01 2.39609E-07  -3.25837E-01
1.25333E+01 -3.24000E-01 2.50206E-07  -3.23706E-01
1.26000E+01 -3.22000E-01 2.43909E-07  -3.21727E-01
1.26667E+01 -3.20000E-01 2.52817E-07  -3.19748E-01
1.27333E+01 -3.18000E-01 2.62493E-07  -3.17769E-01
1.28000E+01 -3.16000E-01 2.55428E-07  -3.15790E-01
1.28667E+01 -3.14000E-01 2.67100E-07  -3.13811E-01
1.29333E+01 -3.12000E-01 2.76929E-07  -3.11832E-01
1.30000E+01 -3.10000E-01 2.72782E-07  -3.09701E-01
1.30667E+01 -3.08000E-01 2.81844E-07  -3.07722E-01
1.31333E+01 -3.06000E-01 2.97355E-07  -3.05744E-01
1.32000E+01 -3.04000E-01 2.91366E-07  -3.03765E-01
1.32667E+01 -3.02000E-01 2.99505E-07  -3.01634E-01
1.33333E+01 -3.00000E-01 3.11945E-07  -2.99807E-01
1.34000E+01 -2.98000E-01 3.08260E-07  -2.97676E-01
1.34667E+01 -2.96000E-01 3.16399E-07  -2.95697E-01
1.35333E+01 -2.94000E-01 3.23771E-07  -2.93718E-01
1.36000E+01 -2.92000E-01 3.24232E-07  -2.91739E-01
1.36667E+01 -2.90000E-01 3.34982E-07  -2.89760E-01
1.37333E+01 -2.88000E-01 3.36518E-07  -2.87781E-01
1.38000E+01 -2.86000E-01 3.45887E-07  -2.85803E-01
1.38667E+01 -2.84000E-01 3.55255E-07  -2.83672E-01
1.39333E+01 -2.82000E-01 3.52337E-07  -2.81693E-01
1.40000E+01 -2.80000E-01 3.66006E-07  -2.79714E-01
1.40667E+01 -2.78000E-01 3.78292E-07  -2.77735E-01
1.41333E+01 -2.76000E-01 3.65391E-07  -2.75756E-01
1.42000E+01 -2.74000E-01 3.89043E-07  -2.73777E-01
1.42667E+01 -2.72000E-01 4.01329E-07  -2.71646E-01
1.43333E+01 -2.70000E-01 3.87968E-07  -2.69667E-01
1.44000E+01 -2.68000E-01 4.09315E-07  -2.67688E-01
1.44667E+01 -2.66000E-01 4.24827E-07  -2.65709E-01
1.45333E+01 -2.64000E-01 4.15766E-07  -2.63578E-01
1.46000E+01 -2.62000E-01 4.38649E-07  -2.61599E-01
1.46667E+01 -2.60000E-01 4.50014E-07  -2.59773E-01
1.47333E+01 -2.58000E-01 4.41567E-07  -2.57642E-01
1.48000E+01 -2.56000E-01 4.64604E-07  -2.55663E-01
1.48667E+01 -2.54000E-01 4.75509E-07  -2.53684E-01
1.49333E+01 -2.52000E-01 4.70748E-07  -2.51705E-01
1.50000E+01 -2.50000E-01 4.91634E-07  -2.49726E-01
1.50667E+01 -2.48000E-01 5.01156E-07  -2.47747E-01
1.51333E+01 -2.46000E-01 5.05610E-07  -2.45616E-01
1.52000E+01 -2.44000E-01 5.20661E-07  -2.43637E-01
1.52667E+01 -2.42000E-01 5.30644E-07  -2.41659E-01
1.53333E+01 -2.40000E-01 5.38937E-07  -2.39832E-01
1.54000E+01 -2.38000E-01 5.52913E-07  -2.37701E-01
1.54667E+01 -2.36000E-01 5.61360E-07  -2.35722E-01
1.55333E+01 -2.34000E-01 5.72571E-07  -2.33743E-01
1.56000E+01 -2.32000E-01 5.84551E-07  -2.31612E-01
1.56667E+01 -2.30000E-01 5.93919E-07  -2.29633E-01
1.57333E+01 -2.28000E-01 6.00984E-07  -2.27654E-01
1.58000E+01 -2.26000E-01 6.18031E-07  -2.25675E-01
1.58667E+01 -2.24000E-01 6.23406E-07  -2.23544E-01
1.59333E+01 -2.22000E-01 6.34464E-07  -2.21718E-01
1.60000E+01 -2.20000E-01 6.51972E-07  -2.19739E-01
1.60667E+01 -2.18000E-01 6.60112E-07  -2.17608E-01
1.61333E+01 -2.16000E-01 6.75009E-07  -2.15629E-01
1.62000E+01 -2.14000E-01 6.90828E-07  -2.13650E-01
1.62667E+01 -2.12000E-01 6.96511E-07  -2.11671E-01
1.63333E+01 -2.10000E-01 7.10179E-07  -2.09692E-01
1.64000E+01 -2.08000E-01 7.28302E-07  -2.07713E-01
1.64667E+01 -2.06000E-01 7.32756E-07  -2.05582E-01
1.65333E+01 -2.04000E-01 7.44735E-07  -2.03603E-01
1.66000E+01 -2.02000E-01 7.36749E-07  -2.01777E-01
1.66667E+01 -2.00000E-01 7.68847E-07  -1.99646E-01
1.67333E+01 -1.98000E-01 7.82055E-07  -1.97667E-01
1.68000E+01 -1.96000E-01 7.99102E-07  -1.95688E-01
1.68667E+01 -1.94000E-01 8.05706E-07  -1.93557E-01
1.69333E+01 -1.92000E-01 8.16918E-07  -1.91578E-01
1.70000E+01 -1.90000E-01 8.33965E-07  -1.89599E-01
1.70667E+01 -1.88000E-01 8.35194E-07  -1.87620E-01
1.71333E+01 -1.86000E-01 8.51780E-07  -1.85489E-01
1.72000E+01 -1.84000E-01 8.67599E-07  -1.83510E-01
1.72667E+01 -1.82000E-01 8.62070E-07  -1.81683E-01
1.73333E+01 -1.80000E-01 8.78350E-07  -1.79552E-01
1.74000E+01 -1.78000E-01 8.94015E-07  -1.77574E-01
1.74667E+01 -1.76000E-01 8.88947E-07  -1.75595E-01
1.75333E+01 -1.74000E-01 9.03230E-07  -1.73616E-01
1.76000E+01 -1.72000E-01 9.16438E-07  -1.71789E-01
1.76667E+01 -1.70000E-01 9.14748E-07  -1.69810E-01
1.77333E+01 -1.68000E-01 9.24424E-07  -1.67831E-01
1.78000E+01 -1.66000E-01 9.38553E-07  -1.65700E-01
1.78667E+01 -1.64000E-01 9.30567E-07  -1.63874E-01
1.79333E+01 -1.62000E-01 9.40396E-07  -1.61895E-01
1.80000E+01 -1.60000E-01 9.49918E-07  -1.59764E-01
1.80667E+01 -1.58000E-01 9.39936E-07  -1.57785E-01
1.81333E+01 -1.56000E-01 9.48843E-07  -1.55806E-01
1.82000E+01 -1.54000E-01 9.53451E-07  -1.53827E-01
1.82667E+01 -1.52000E-01 9.48075E-07  -1.51696E-01
1.83333E+01 -1.50000E-01 9.53297E-07  -1.49717E-01
1.84000E+01 -1.48000E-01 9.52836E-07  -1.47738E-01
1.84667E+01 -1.46000E-01 9.54372E-07  -1.45607E-01
1.85333E+01 -1.44000E-01 9.57137E-07  -1.43780E-01
1.86000E+01 -1.42000E-01 9.45465E-07  -1.41802E-01
1.86667E+01 -1.40000E-01 9.53451E-07  -1.39823E-01
1.87333E+01 -1.38000E-01 9.57444E-07  -1.37692E-01
1.88000E+01 -1.36000E-01 9.35021E-07  -1.35713E-01
1.88667E+01 -1.34000E-01 9.52222E-07  -1.33734E-01
1.89333E+01 -1.32000E-01 9.52683E-07  -1.31755E-01
1.90000E+01 -1.30000E-01 9.33178E-07  -1.29776E-01
1.90667E+01 -1.28000E-01 9.48229E-07  -1.27797E-01
1.91333E+01 -1.26000E-01 9.48383E-07  -1.25666E-01
1.92000E+01 -1.24000E-01 9.29492E-07  -1.23840E-01
1.92667E+01 -1.22000E-01 9.45772E-07  -1.21708E-01
1.93333E+01 -1.20000E-01 9.45772E-07  -1.19730E-01
1.94000E+01 -1.18000E-01 9.23656E-07  -1.17751E-01
1.94667E+01 -1.16000E-01 9.43468E-07  -1.15772E-01
1.95333E+01 -1.14000E-01 9.41318E-07  -1.13641E-01
1.96000E+01 -1.12000E-01 9.19356E-07  -1.11662E-01
1.96667E+01 -1.10000E-01 9.37171E-07  -1.09683E-01
1.97333E+01 -1.08000E-01 9.31949E-07  -1.07552E-01
1.98000E+01 -1.06000E-01 9.21813E-07  -1.05573E-01
1.98667E+01 -1.04000E-01 9.32871E-07  -1.03746E-01
1.99333E+01 -1.02000E-01 9.29031E-07  -1.01615E-01
2.00000E+01 -1.00000E-01 9.23042E-07  -9.96364E-02
2.00667E+01 -9.80000E-02 9.30260E-07  -9.76575E-02
2.01333E+01 -9.60000E-02 9.24731E-07  -9.56786E-02
2.02000E+01 -9.40000E-02 9.22581E-07  -9.36998E-02
2.02667E+01 -9.20000E-02 9.23503E-07  -9.17209E-02
2.03333E+01 -9.00000E-02 9.19049E-07  -8.97420E-02
2.04000E+01 -8.80000E-02 9.19970E-07  -8.77631E-02
2.04667E+01 -8.60000E-02 9.21045E-07  -8.57843E-02
2.05333E+01 -8.40000E-02 9.15209E-07  -8.38054E-02
2.06000E+01 -8.20000E-02 9.17513E-07  -8.18265E-02
2.06667E+01 -8.00000E-02 9.21352E-07  -7.96954E-02
2.07333E+01 -7.80000E-02 9.12752E-07  -7.77166E-02
2.08000E+01 -7.60000E-02 9.18588E-07  -7.57377E-02
2.08667E+01 -7.40000E-02 9.18895E-07  -7.37588E-02
2.09333E+01 -7.20000E-02 9.04305E-07  -7.17799E-02
2.10000E+01 -7.00000E-02 9.15977E-07  -6.96489E-02
2.10667E+01 -6.80000E-02 9.14134E-07  -6.76700E-02
2.11333E+01 -6.60000E-02 9.12138E-07  -6.56911E-02
2.12000E+01 -6.40000E-02 9.13520E-07  -6.37122E-02
2.12667E+01 -6.20000E-02 9.14441E-07  -6.17334E-02
2.13333E+01 -6.00000E-02 9.09220E-07  -5.96023E-02
2.14000E+01 -5.80000E-02 9.14595E-07  -5.76234E-02
2.14667E+01 -5.60000E-02 9.16284E-07  -5.57967E-02
2.15333E+01 -5.40000E-02 9.11830E-07  -5.36657E-02
2.16000E+01 -5.20000E-02 9.16899E-07  -5.16868E-02
2.16667E+01 -5.00000E-02 9.19970E-07  -4.97079E-02
2.17333E+01 -4.80000E-02 9.13213E-07  -4.75768E-02
2.18000E+01 -4.60000E-02 9.17359E-07  -4.57502E-02
2.18667E+01 -4.40000E-02 9.23503E-07  -4.37713E-02
2.19333E+01 -4.20000E-02 9.14134E-07  -4.16402E-02
2.20000E+01 -4.00000E-02 9.18895E-07  -3.96613E-02
2.20667E+01 -3.80000E-02 9.25653E-07  -3.76825E-02
2.21333E+01 -3.60000E-02 9.15977E-07  -3.55514E-02
2.22000E+01 -3.40000E-02 9.24117E-07  -3.35725E-02
2.22667E+01 -3.20000E-02 9.31796E-07  -3.15936E-02
2.23333E+01 -3.00000E-02 9.21352E-07  -2.96147E-02
2.24000E+01 -2.80000E-02 9.26728E-07  -2.76359E-02
2.24667E+01 -2.60000E-02 9.38400E-07  -2.56570E-02
2.25333E+01 -2.40000E-02 9.26113E-07  -2.36781E-02
2.26000E+01 -2.20000E-02 9.30260E-07  -2.15470E-02
2.26667E+01 -2.00000E-02 9.40857E-07  -1.95682E-02
2.27333E+01 -1.80000E-02 9.35175E-07  -1.75893E-02
2.28000E+01 -1.60000E-02 9.38553E-07  -1.59149E-02
2.28667E+01 -1.40000E-02 9.47461E-07  -1.39360E-02
2.29333E+01 -1.20000E-02 9.39321E-07  -1.18049E-02
2.30000E+01 -1.00000E-02 9.47768E-07  -9.82602E-03
2.30667E+01 -8.00000E-03 9.49765E-07  -7.84714E-03
2.31333E+01 -6.00000E-03 9.47000E-07  -5.86827E-03
2.32000E+01 -4.00000E-03 9.52222E-07  -3.88940E-03
2.32667E+01 -2.00000E-03 9.53297E-07  -1.91053E-03
2.33333E+01 1.45825E-17  9.54065E-07  2.20568E-04 
2.34000E+01 2.00000E-03  9.59440E-07  2.19944E-03 
2.34667E+01 4.00000E-03  9.52683E-07  4.17831E-03 
2.35333E+01 6.00000E-03  9.61283E-07  6.15719E-03 
2.36000E+01 8.00000E-03  9.68962E-07  8.13606E-03 
2.36667E+01 1.00000E-02  9.57444E-07  1.02672E-02 
2.37333E+01 1.20000E-02  9.71573E-07  1.20938E-02 
2.38000E+01 1.40000E-02  9.79406E-07  1.42249E-02 
2.38667E+01 1.60000E-02  9.62666E-07  1.62038E-02 
2.39333E+01 1.80000E-02  9.80174E-07  1.81826E-02 
2.40000E+01 2.00000E-02  9.89081E-07  2.01615E-02 
2.40667E+01 2.20000E-02  9.67427E-07  2.21404E-02 
2.41333E+01 2.40000E-02  9.92921E-07  2.41193E-02 
2.42000E+01 2.60000E-02  9.97528E-07  2.62504E-02 
2.42667E+01 2.80000E-02  9.80020E-07  2.82292E-02 
2.43333E+01 3.00000E-02  1.00429E-06  3.02081E-02 
2.44000E+01 3.20000E-02  1.00905E-06  3.21870E-02 
2.44667E+01 3.40000E-02  9.96760E-07  3.41658E-02 
2.45333E+01 3.60000E-02  1.01749E-06  3.61447E-02 
2.46000E+01 3.80000E-02  1.02179E-06  3.81236E-02 
2.46667E+01 4.00000E-02  1.01304E-06  4.02547E-02 
2.47333E+01 4.20000E-02  1.03116E-06  4.22336E-02 
2.48000E+01 4.40000E-02  1.03408E-06  4.42124E-02 
2.48667E+01 4.60000E-02  1.02824E-06  4.63435E-02 
2.49333E+01 4.80000E-02  1.04130E-06  4.83224E-02 
2.50000E+01 5.00000E-02  1.04529E-06  5.03013E-02 
2.50667E+01 5.20000E-02  1.04391E-06  5.21279E-02 
2.51333E+01 5.40000E-02  1.05635E-06  5.42590E-02 
2.52000E+01 5.60000E-02  1.05896E-06  5.62379E-02 
2.52667E+01 5.80000E-02  1.06326E-06  5.83690E-02 
2.53333E+01 6.00000E-02  1.07478E-06  6.01956E-02 
2.54000E+01 6.20000E-02  1.07693E-06  6.21745E-02 
2.54667E+01 6.40000E-02  1.08062E-06  6.41534E-02 
2.55333E+01 6.60000E-02  1.09029E-06  6.61322E-02 
2.56000E+01 6.80000E-02  1.09121E-06  6.82633E-02 
2.56667E+01 7.00000E-02  1.09367E-06  7.02422E-02 
2.57333E+01 7.20000E-02  1.10350E-06  7.20689E-02 
2.58000E+01 7.40000E-02  1.10534E-06  7.42000E-02 
2.58667E+01 7.60000E-02  1.11102E-06  7.61788E-02 
2.59333E+01 7.80000E-02  1.12331E-06  7.81577E-02 
2.60000E+01 8.00000E-02  1.12270E-06  8.02888E-02 
2.60667E+01 8.20000E-02  1.13283E-06  8.22677E-02 
2.61333E+01 8.40000E-02  1.14374E-06  8.42465E-02 
2.62000E+01 8.60000E-02  1.14435E-06  8.62254E-02 
2.62667E+01 8.80000E-02  1.15403E-06  8.83565E-02 
2.63333E+01 9.00000E-02  1.16846E-06  9.01832E-02 
2.64000E+01 9.20000E-02  1.16816E-06  9.21620E-02 
2.64667E+01 9.40000E-02  1.18182E-06  9.42931E-02 
2.65333E+01 9.60000E-02  1.20102E-06  9.62720E-02 
2.66000E+01 9.80000E-02  1.19964E-06  9.82509E-02 
2.66667E+01 1.00000E-01  1.21484E-06  1.00230E-01 
2.67333E+01 9.80000E-02  7.01272E-07  9.84031E-02 
2.68000E+01 9.60000E-02  5.11139E-07  9.64242E-02 
2.68667E+01 9.40000E-02  4.04708E-07  9.42931E-02 
2.69333E+01 9.20000E-02  3.32986E-07  9.23142E-02 
2.70000E+01 9.00000E-02  2.56964E-07  9.03354E-02 
2.70667E+01 8.80000E-02  2.07357E-07  8.83565E-02 
2.71333E+01 8.60000E-02  1.69576E-07  8.63776E-02 
2.72000E+01 8.40000E-02  1.19356E-07  8.43988E-02 
2.72667E+01 8.20000E-02  8.74109E-08  8.22677E-02 
2.73333E+01 8.00000E-02  6.69847E-08  8.02888E-02 
2.74000E+01 7.80000E-02  2.50573E-08  7.83099E-02 
2.74667E+01 7.60000E-02  1.86665E-09  7.63310E-02 
2.75333E+01 7.40000E-02  -9.80546E-09 7.43522E-02 
2.76000E+01 7.20000E-02  -4.57433E-08 7.22211E-02 
2.76667E+01 7.00000E-02  -6.00262E-08 7.02422E-02 
2.77333E+01 6.80000E-02  -7.63058E-08 6.82633E-02 
2.78000E+01 6.60000E-02  -1.00264E-07 6.62845E-02 
2.78667E+01 6.40000E-02  -1.13626E-07 6.43056E-02 
2.79333E+01 6.20000E-02  -1.31595E-07 6.21745E-02 
2.80000E+01 6.00000E-02  -1.47567E-07 6.01956E-02 
2.80667E+01 5.80000E-02  -1.55400E-07 5.83690E-02 
2.81333E+01 5.60000E-02  -1.73522E-07 5.63901E-02 
2.82000E+01 5.40000E-02  -1.87191E-07 5.42590E-02 
2.82667E+01 5.20000E-02  -1.90262E-07 5.22801E-02 
2.83333E+01 5.00000E-02  -2.12224E-07 5.04535E-02 
2.84000E+01 4.80000E-02  -2.16371E-07 4.83224E-02 
2.84667E+01 4.60000E-02  -2.18828E-07 4.63435E-02 
2.85333E+01 4.40000E-02  -2.49544E-07 4.43646E-02 
2.86000E+01 4.20000E-02  -2.41558E-07 4.22336E-02 
2.86667E+01 4.00000E-02  -2.47855E-07 4.02547E-02 
2.87333E+01 3.80000E-02  -2.78725E-07 3.82758E-02 
2.88000E+01 3.60000E-02  -2.65978E-07 3.62969E-02 
2.88667E+01 3.40000E-02  -2.70278E-07 3.43181E-02 
2.89333E+01 3.20000E-02  -3.01762E-07 3.21870E-02 
2.90000E+01 3.00000E-02  -2.85175E-07 3.03603E-02 
2.90667E+01 2.80000E-02  -2.88861E-07 2.82292E-02 
2.91333E+01 2.60000E-02  -3.17273E-07 2.62504E-02 
2.92000E+01 2.40000E-02  -3.01608E-07 2.42715E-02 
2.92667E+01 2.20000E-02  -3.06062E-07 2.22926E-02 
2.93333E+01 2.00000E-02  -3.32939E-07 2.03137E-02 
2.94000E+01 1.80000E-02  -3.16966E-07 1.83349E-02 
2.94667E+01 1.60000E-02  -3.24492E-07 1.63560E-02 
2.95333E+01 1.40000E-02  -3.41386E-07 1.42249E-02 
2.96000E+01 1.20000E-02  -3.32939E-07 1.22460E-02 
2.96667E+01 1.00000E-02  -3.38160E-07 1.02672E-02 
2.97333E+01 8.00000E-03  -3.51368E-07 8.28828E-03 
2.98000E+01 6.00000E-03  -3.47068E-07 6.30941E-03 
2.98667E+01 4.00000E-03  -3.49065E-07 4.17831E-03 
2.99333E+01 2.00000E-03  -3.57511E-07 2.19944E-03 
3.00000E+01 1.45825E-17  -3.56129E-07 2.20568E-04 
3.00667E+01 -2.00000E-03 -3.61197E-07 -1.75830E-03
3.01333E+01 -4.00000E-03 -3.68416E-07 -3.73718E-03
3.02000E+01 -6.00000E-03 -3.67648E-07 -5.86827E-03
3.02667E+01 -8.00000E-03 -3.74098E-07 -7.84714E-03
3.03333E+01 -1.00000E-02 -3.80088E-07 -9.67379E-03
3.04000E+01 -1.20000E-02 -3.83313E-07 -1.18049E-02
3.04667E+01 -1.40000E-02 -3.83927E-07 -1.37838E-02
3.05333E+01 -1.60000E-02 -3.92067E-07 -1.57626E-02
3.06000E+01 -1.80000E-02 -3.89303E-07 -1.75893E-02
3.06667E+01 -2.00000E-02 -3.94985E-07 -1.95682E-02
3.07333E+01 -2.20000E-02 -3.99285E-07 -2.15470E-02
3.08000E+01 -2.40000E-02 -3.98671E-07 -2.35259E-02
3.08667E+01 -2.60000E-02 -4.03586E-07 -2.55048E-02
3.09333E+01 -2.80000E-02 -4.07425E-07 -2.74836E-02
3.10000E+01 -3.00000E-02 -4.06043E-07 -2.94625E-02
3.10667E+01 -3.20000E-02 -4.12032E-07 -3.15936E-02
3.11333E+01 -3.40000E-02 -4.17561E-07 -3.35725E-02
3.12000E+01 -3.60000E-02 -4.11725E-07 -3.55514E-02
3.12667E+01 -3.80000E-02 -4.18790E-07 -3.75302E-02
3.13333E+01 -4.00000E-02 -4.24012E-07 -3.95091E-02
3.14000E+01 -4.20000E-02 -4.14643E-07 -4.16402E-02
3.14667E+01 -4.40000E-02 -4.25240E-07 -4.36191E-02
3.15333E+01 -4.60000E-02 -4.34609E-07 -4.55979E-02
3.16000E+01 -4.80000E-02 -4.20479E-07 -4.75768E-02
3.16667E+01 -5.00000E-02 -4.33073E-07 -4.95557E-02
3.17333E+01 -5.20000E-02 -4.41520E-07 -5.15346E-02
3.18000E+01 -5.40000E-02 -4.30923E-07 -5.36657E-02
3.18667E+01 -5.60000E-02 -4.40291E-07 -5.56445E-02
3.19333E+01 -5.80000E-02 -4.48277E-07 -5.76234E-02
3.20000E+01 -6.00000E-02 -4.39677E-07 -5.96023E-02
3.20667E+01 -6.20000E-02 -4.47817E-07 -6.15811E-02
3.21333E+01 -6.40000E-02 -4.52731E-07 -6.37122E-02
3.22000E+01 -6.60000E-02 -4.44284E-07 -6.56911E-02
3.22667E+01 -6.80000E-02 -4.55189E-07 -6.75178E-02
3.23333E+01 -7.00000E-02 -4.59642E-07 -6.94966E-02
3.24000E+01 -7.20000E-02 -4.53499E-07 -7.16277E-02
3.24667E+01 -7.40000E-02 -4.63635E-07 -7.36066E-02
3.25333E+01 -7.60000E-02 -4.69318E-07 -7.55855E-02
3.26000E+01 -7.80000E-02 -4.64096E-07 -7.77166E-02
3.26667E+01 -8.00000E-02 -4.75768E-07 -7.96954E-02
3.27333E+01 -8.20000E-02 -4.79147E-07 -8.16743E-02
3.28000E+01 -8.40000E-02 -4.77304E-07 -8.36532E-02
3.28667E+01 -8.60000E-02 -4.84522E-07 -8.56321E-02
3.29333E+01 -8.80000E-02 -4.86058E-07 -8.76109E-02
3.30000E+01 -9.00000E-02 -4.92355E-07 -8.95898E-02
3.30667E+01 -9.20000E-02 -4.94966E-07 -9.17209E-02
3.31333E+01 -9.40000E-02 -4.95273E-07 -9.36998E-02
3.32000E+01 -9.60000E-02 -5.12320E-07 -9.56786E-02
3.32667E+01 -9.80000E-02 -5.08327E-07 -9.75053E-02
3.33333E+01 -1.00000E-01 -5.10785E-07 -9.96364E-02
3.34000E+01 -1.02000E-01 -5.30750E-07 -1.01615E-01
3.34667E+01 -1.04000E-01 -5.21842E-07 -1.03594E-01
3.35333E+01 -1.06000E-01 -5.23839E-07 -1.05573E-01
3.36000E+01 -1.08000E-01 -5.51637E-07 -1.07552E-01
3.36667E+01 -1.10000E-01 -5.36125E-07 -1.09531E-01
3.37333E+01 -1.12000E-01 -5.38583E-07 -1.11662E-01
3.38000E+01 -1.14000E-01 -5.71910E-07 -1.13641E-01
3.38667E+01 -1.16000E-01 -5.49026E-07 -1.15620E-01
3.39333E+01 -1.18000E-01 -5.55784E-07 -1.17598E-01
3.40000E+01 -1.20000E-01 -5.91107E-07 -1.19577E-01
3.40667E+01 -1.22000E-01 -5.70527E-07 -1.21708E-01
3.41333E+01 -1.24000E-01 -5.77439E-07 -1.23687E-01
3.42000E+01 -1.26000E-01 -6.07694E-07 -1.25514E-01
3.42667E+01 -1.28000E-01 -5.95254E-07 -1.27645E-01
3.43333E+01 -1.30000E-01 -6.00629E-07 -1.29624E-01
3.44000E+01 -1.32000E-01 -6.23206E-07 -1.31603E-01
3.44667E+01 -1.34000E-01 -6.17523E-07 -1.33734E-01
3.45333E+01 -1.36000E-01 -6.25970E-07 -1.35713E-01
3.46000E+01 -1.38000E-01 -6.44707E-07 -1.37692E-01
3.46667E+01 -1.40000E-01 -6.41021E-07 -1.39670E-01
3.47333E+01 -1.42000E-01 -6.52847E-07 -1.41649E-01
3.48000E+01 -1.44000E-01 -6.71276E-07 -1.43628E-01
3.48667E+01 -1.46000E-01 -6.71583E-07 -1.45607E-01
3.49333E+01 -1.48000E-01 -6.86173E-07 -1.47586E-01
3.50000E+01 -1.50000E-01 -7.00149E-07 -1.49717E-01
3.50667E+01 -1.52000E-01 -7.06292E-07 -1.51696E-01
3.51333E+01 -1.54000E-01 -7.15661E-07 -1.53675E-01
3.52000E+01 -1.56000E-01 -7.31633E-07 -1.55654E-01
3.52667E+01 -1.58000E-01 -7.35166E-07 -1.57785E-01
3.53333E+01 -1.60000E-01 -7.51445E-07 -1.59764E-01
3.54000E+01 -1.62000E-01 -7.65575E-07 -1.61743E-01
3.54667E+01 -1.64000E-01 -7.69414E-07 -1.63721E-01
3.55333E+01 -1.66000E-01 -7.89687E-07 -1.65700E-01
3.56000E+01 -1.68000E-01 -8.01973E-07 -1.67679E-01
3.56667E+01 -1.70000E-01 -8.06427E-07 -1.69658E-01
3.57333E+01 -1.72000E-01 -8.23474E-07 -1.71789E-01
3.58000E+01 -1.74000E-01 -8.33150E-07 -1.73616E-01
3.58667E+01 -1.76000E-01 -8.37604E-07 -1.75442E-01
3.59333E+01 -1.78000E-01 -8.54498E-07 -1.77421E-01
3.60000E+01 -1.80000E-01 -8.69241E-07 -1.79552E-01
3.60667E+01 -1.82000E-01 -8.65709E-07 -1.81531E-01
3.61333E+01 -1.84000E-01 -8.88900E-07 -1.83510E-01
3.62000E+01 -1.86000E-01 -8.98422E-07 -1.85489E-01
3.62667E+01 -1.88000E-01 -8.98729E-07 -1.87468E-01
3.63333E+01 -1.90000E-01 -9.17926E-07 -1.89447E-01
3.64000E+01 -1.92000E-01 -9.28216E-07 -1.91578E-01
3.64667E+01 -1.94000E-01 -9.28830E-07 -1.93557E-01
3.65333E+01 -1.96000E-01 -9.45110E-07 -1.95536E-01
3.66000E+01 -1.98000E-01 -9.59547E-07 -1.97514E-01
3.66667E+01 -2.00000E-01 -9.54325E-07 -1.99646E-01
3.67333E+01 -2.02000E-01 -9.70144E-07 -2.01624E-01
3.68000E+01 -2.04000E-01 -9.84580E-07 -2.03451E-01
3.68667E+01 -2.06000E-01 -9.81201E-07 -2.05582E-01
3.69333E+01 -2.08000E-01 -9.98556E-07 -2.07561E-01
3.70000E+01 -2.10000E-01 -1.00931E-06 -2.09540E-01
3.70667E+01 -2.12000E-01 -1.01453E-06 -2.11671E-01
3.71333E+01 -2.14000E-01 -1.02804E-06 -2.13498E-01
3.72000E+01 -2.16000E-01 -1.04002E-06 -2.15629E-01
3.72667E+01 -2.18000E-01 -1.04678E-06 -2.17608E-01
3.73333E+01 -2.20000E-01 -1.05707E-06 -2.19586E-01
3.74000E+01 -2.22000E-01 -1.07059E-06 -2.21565E-01
3.74667E+01 -2.24000E-01 -1.07366E-06 -2.23544E-01
3.75333E+01 -2.26000E-01 -1.08809E-06 -2.25523E-01
3.76000E+01 -2.28000E-01 -1.10222E-06 -2.27502E-01
3.76667E+01 -2.30000E-01 -1.10867E-06 -2.29633E-01
3.77333E+01 -2.32000E-01 -1.12495E-06 -2.31612E-01
3.78000E+01 -2.34000E-01 -1.13555E-06 -2.33591E-01
3.78667E+01 -2.36000E-01 -1.15429E-06 -2.35570E-01
3.79333E+01 -2.38000E-01 -1.15751E-06 -2.37701E-01
3.80000E+01 -2.40000E-01 -1.17517E-06 -2.39680E-01
3.80667E+01 -2.42000E-01 -1.19836E-06 -2.41659E-01
3.81333E+01 -2.44000E-01 -1.19806E-06 -2.43637E-01
3.82000E+01 -2.46000E-01 -1.21188E-06 -2.45616E-01
3.82667E+01 -2.48000E-01 -1.24475E-06 -2.47595E-01
3.83333E+01 -2.50000E-01 -1.23353E-06 -2.49726E-01
3.84000E+01 -2.52000E-01 -1.25135E-06 -2.51553E-01
3.84667E+01 -2.54000E-01 -1.29128E-06 -2.53532E-01
3.85333E+01 -2.56000E-01 -1.27316E-06 -2.55663E-01
3.86000E+01 -2.58000E-01 -1.28990E-06 -2.57642E-01
3.86667E+01 -2.60000E-01 -1.32860E-06 -2.59621E-01
3.87333E+01 -2.62000E-01 -1.30971E-06 -2.61447E-01
3.88000E+01 -2.64000E-01 -1.32783E-06 -2.63578E-01
3.88667E+01 -2.66000E-01 -1.35978E-06 -2.65557E-01
3.89333E+01 -2.68000E-01 -1.34365E-06 -2.67536E-01
3.90000E+01 -2.70000E-01 -1.35809E-06 -2.69667E-01
3.90667E+01 -2.72000E-01 -1.38665E-06 -2.71646E-01
3.91333E+01 -2.74000E-01 -1.37191E-06 -2.73625E-01
3.92000E+01 -2.76000E-01 -1.38512E-06 -2.75604E-01
3.92667E+01 -2.78000E-01 -1.40785E-06 -2.77735E-01
3.93333E+01 -2.80000E-01 -1.39833E-06 -2.79714E-01
3.94000E+01 -2.82000E-01 -1.40693E-06 -2.81540E-01
3.94667E+01 -2.84000E-01 -1.42274E-06 -2.83672E-01
3.95333E+01 -2.86000E-01 -1.41722E-06 -2.85650E-01
3.96000E+01 -2.88000E-01 -1.43027E-06 -2.87629E-01
3.96667E+01 -2.90000E-01 -1.43396E-06 -2.89608E-01
3.97333E+01 -2.92000E-01 -1.42873E-06 -2.91587E-01
3.98000E+01 -2.94000E-01 -1.43749E-06 -2.93718E-01
3.98667E+01 -2.96000E-01 -1.44409E-06 -2.95697E-01
3.99333E+01 -2.98000E-01 -1.43810E-06 -2.97676E-01
4.00000E+01 -3.00000E-01 -1.44501E-06 -2.99655E-01
4.00667E+01 -3.02000E-01 -1.44993E-06 -3.01634E-01
4.01333E+01 -3.04000E-01 -1.44379E-06 -3.03612E-01
4.02000E+01 -3.06000E-01 -1.45162E-06 -3.05591E-01
4.02667E+01 -3.08000E-01 -1.45146E-06 -3.07722E-01
4.03333E+01 -3.10000E-01 -1.44440E-06 -3.09701E-01
4.04000E+01 -3.12000E-01 -1.45116E-06 -3.11680E-01
4.04667E+01 -3.14000E-01 -1.45100E-06 -3.13659E-01
4.05333E+01 -3.16000E-01 -1.43764E-06 -3.15790E-01
4.06000E+01 -3.18000E-01 -1.44532E-06 -3.17769E-01
4.06667E+01 -3.20000E-01 -1.44809E-06 -3.19748E-01
4.07333E+01 -3.22000E-01 -1.43242E-06 -3.21727E-01
4.08000E+01 -3.24000E-01 -1.43887E-06 -3.23706E-01
4.08667E+01 -3.26000E-01 -1.44670E-06 -3.25685E-01
4.09333E+01 -3.28000E-01 -1.42612E-06 -3.27663E-01
4.10000E+01 -3.30000E-01 -1.43580E-06 -3.29642E-01
4.10667E+01 -3.32000E-01 -1.43872E-06 -3.31621E-01
4.11333E+01 -3.34000E-01 -1.41891E-06 -3.33600E-01
4.12000E+01 -3.36000E-01 -1.42658E-06 -3.35579E-01
4.12667E+01 -3.38000E-01 -1.42382E-06 -3.37710E-01
4.13333E+01 -3.40000E-01 -1.41061E-06 -3.39537E-01
4.14000E+01 -3.42000E-01 -1.41614E-06 -3.41668E-01
4.14667E+01 -3.44000E-01 -1.41722E-06 -3.43647E-01
4.15333E+01 -3.46000E-01 -1.39664E-06 -3.45778E-01
4.16000E+01 -3.48000E-01 -1.40800E-06 -3.47757E-01
4.16667E+01 -3.50000E-01 -1.40984E-06 -3.49735E-01
4.17333E+01 -3.52000E-01 -1.39126E-06 -3.51714E-01
4.18000E+01 -3.54000E-01 -1.40094E-06 -3.53693E-01
4.18667E+01 -3.56000E-01 -1.39648E-06 -3.55824E-01
4.19333E+01 -3.58000E-01 -1.38527E-06 -3.57803E-01
4.20000E+01 -3.60000E-01 -1.39065E-06 -3.59630E-01
4.20667E+01 -3.62000E-01 -1.39034E-06 -3.61761E-01
4.21333E+01 -3.64000E-01 -1.37575E-06 -3.63740E-01
4.22000E+01 -3.66000E-01 -1.37897E-06 -3.65719E-01
4.22667E+01 -3.68000E-01 -1.38312E-06 -3.67697E-01
4.23333E+01 -3.70000E-01 -1.36700E-06 -3.69676E-01
4.24000E+01 -3.72000E-01 -1.37314E-06 -3.71655E-01
4.24667E+01 -3.74000E-01 -1.37283E-06 -3.73786E-01
4.25333E+01 -3.76000E-01 -1.36638E-06 -3.75765E-01
4.26000E+01 -3.78000E-01 -1.36423E-06 -3.77744E-01
4.26667E+01 -3.80000E-01 -1.36147E-06 -3.79723E-01
4.27333E+01 -3.82000E-01 -1.36223E-06 -3.81702E-01
4.28000E+01 -3.84000E-01 -1.35563E-06 -3.83681E-01
4.28667E+01 -3.86000E-01 -1.35271E-06 -3.85812E-01
4.29333E+01 -3.88000E-01 -1.36638E-06 -3.87791E-01
4.30000E+01 -3.90000E-01 -1.34595E-06 -3.89770E-01
4.30667E+01 -3.92000E-01 -1.34565E-06 -3.91748E-01
4.31333E+01 -3.94000E-01 -1.36715E-06 -3.93879E-01
4.32000E+01 -3.96000E-01 -1.33659E-06 -3.95858E-01
4.32667E+01 -3.98000E-01 -1.33613E-06 -3.97837E-01
4.33333E+01 -4.00000E-01 -1.36116E-06 -3.99816E-01
4.34000E+01 -4.02000E-01 -1.32799E-06 -4.01795E-01
4.34667E+01 -4.04000E-01 -1.32968E-06 -4.03774E-01
4.35333E+01 -4.06000E-01 -1.35102E-06 -4.05753E-01
4.36000E+01 -4.08000E-01 -1.31892E-06 -4.07732E-01
4.36667E+01 -4.10000E-01 -1.32077E-06 -4.09710E-01
4.37333E+01 -4.12000E-01 -1.34503E-06 -4.11689E-01
4.38000E+01 -4.14000E-01 -1.31217E-06 -4.13820E-01
4.38667E+01 -4.16000E-01 -1.31601E-06 -4.15799E-01
4.39333E+01 -4.18000E-01 -1.33398E-06 -4.17626E-01
4.40000E+01 -4.20000E-01 -1.30848E-06 -4.19605E-01
4.40667E+01 -4.22000E-01 -1.30910E-06 -4.21736E-01
4.41333E+01 -4.24000E-01 -1.32154E-06 -4.23715E-01
4.42000E+01 -4.26000E-01 -1.29727E-06 -4.25846E-01
4.42667E+01 -4.28000E-01 -1.30925E-06 -4.27825E-01
4.43333E+01 -4.30000E-01 -1.30771E-06 -4.29804E-01
4.44000E+01 -4.32000E-01 -1.28852E-06 -4.31783E-01
4.44667E+01 -4.34000E-01 -1.29573E-06 -4.33761E-01
4.45333E+01 -4.36000E-01 -1.30065E-06 -4.35892E-01
4.46000E+01 -4.38000E-01 -1.28483E-06 -4.37719E-01
4.46667E+01 -4.40000E-01 -1.29696E-06 -4.39698E-01
4.47333E+01 -4.42000E-01 -1.29497E-06 -4.41829E-01
4.48000E+01 -4.44000E-01 -1.28022E-06 -4.43808E-01
4.48667E+01 -4.46000E-01 -1.29236E-06 -4.45787E-01
4.49333E+01 -4.48000E-01 -1.29174E-06 -4.47766E-01
4.50000E+01 -4.50000E-01 -1.27715E-06 -4.49745E-01
4.50667E+01 -4.52000E-01 -1.28406E-06 -4.51876E-01
4.51333E+01 -4.54000E-01 -1.28191E-06 -4.53855E-01
4.52000E+01 -4.56000E-01 -1.26886E-06 -4.55833E-01
4.52667E+01 -4.58000E-01 -1.27915E-06 -4.57812E-01
4.53333E+01 -4.60000E-01 -1.27930E-06 -4.59791E-01
4.54000E+01 -4.62000E-01 -1.26179E-06 -4.61770E-01
4.54667E+01 -4.64000E-01 -1.27638E-06 -4.63749E-01
4.55333E+01 -4.66000E-01 -1.27654E-06 -4.65880E-01
4.56000E+01 -4.68000E-01 -1.25841E-06 -4.67859E-01
4.56667E+01 -4.70000E-01 -1.27393E-06 -4.69838E-01
4.57333E+01 -4.72000E-01 -1.27469E-06 -4.71969E-01
4.58000E+01 -4.74000E-01 -1.25427E-06 -4.73948E-01
4.58667E+01 -4.76000E-01 -1.26870E-06 -4.75774E-01
4.59333E+01 -4.78000E-01 -1.26809E-06 -4.77753E-01
4.60000E+01 -4.80000E-01 -1.25058E-06 -4.79884E-01
4.60667E+01 -4.82000E-01 -1.26517E-06 -4.81863E-01
4.61333E+01 -4.84000E-01 -1.26502E-06 -4.83842E-01
4.62000E+01 -4.86000E-01 -1.24997E-06 -4.85517E-01
4.62667E+01 -4.88000E-01 -1.26179E-06 -4.87648E-01
4.63333E+01 -4.90000E-01 -1.26179E-06 -4.89626E-01
4.64000E+01 -4.92000E-01 -1.24613E-06 -4.91605E-01
4.64667E+01 -4.94000E-01 -1.26271E-06 -4.93736E-01
4.65333E+01 -4.96000E-01 -1.25949E-06 -4.95563E-01
4.66000E+01 -4.98000E-01 -1.24198E-06 -4.97542E-01
4.66667E+01 -5.00000E-01 -1.25657E-06 -4.99673E-01
4.67333E+01 -5.02000E-01 -1.25795E-06 -5.01652E-01
4.68000E+01 -5.04000E-01 -1.24137E-06 -5.03631E-01
4.68667E+01 -5.06000E-01 -1.25350E-06 -5.05610E-01
4.69333E+01 -5.08000E-01 -1.25580E-06 -5.07741E-01
4.70000E+01 -5.10000E-01 -1.24121E-06 -5.09720E-01
4.70667E+01 -5.12000E-01 -1.25335E-06 -5.11699E-01
4.71333E+01 -5.14000E-01 -1.25688E-06 -5.13830E-01
4.72000E+01 -5.16000E-01 -1.24229E-06 -5.15656E-01
4.72667E+01 -5.18000E-01 -1.25227E-06 -5.17635E-01
4.73333E+01 -5.20000E-01 -1.25089E-06 -5.19766E-01
4.74000E+01 -5.22000E-01 -1.24398E-06 -5.21745E-01
4.74667E+01 -5.24000E-01 -1.24782E-06 -5.23724E-01
4.75333E+01 -5.26000E-01 -1.25058E-06 -5.25703E-01
4.76000E+01 -5.28000E-01 -1.25258E-06 -5.27682E-01
4.76667E+01 -5.30000E-01 -1.24643E-06 -5.29813E-01
4.77333E+01 -5.32000E-01 -1.25196E-06 -5.31792E-01
4.78000E+01 -5.34000E-01 -1.25964E-06 -5.33771E-01
4.78667E+01 -5.36000E-01 -1.24874E-06 -5.35597E-01
4.79333E+01 -5.38000E-01 -1.25089E-06 -5.37728E-01
4.80000E+01 -5.40000E-01 -1.26655E-06 -5.39707E-01
4.80667E+01 -5.42000E-01 -1.24505E-06 -5.41686E-01
4.81333E+01 -5.44000E-01 -1.24659E-06 -5.43817E-01
4.82000E+01 -5.46000E-01 -1.26947E-06 -5.45796E-01
4.82667E+01 -5.48000E-01 -1.24490E-06 -5.47775E-01
4.83333E+01 -5.50000E-01 -1.25058E-06 -5.49754E-01
4.84000E+01 -5.52000E-01 -1.27362E-06 -5.51733E-01
4.84667E+01 -5.54000E-01 -1.24690E-06 -5.53712E-01
4.85333E+01 -5.56000E-01 -1.24643E-06 -5.55690E-01
4.86000E+01 -5.58000E-01 -1.27039E-06 -5.57669E-01
4.86667E+01 -5.60000E-01 -1.25273E-06 -5.59800E-01
4.87333E+01 -5.62000E-01 -1.25043E-06 -5.61779E-01
4.88000E+01 -5.64000E-01 -1.26809E-06 -5.63758E-01
4.88667E+01 -5.66000E-01 -1.24336E-06 -5.65737E-01
4.89333E+01 -5.68000E-01 -1.25120E-06 -5.67716E-01
4.90000E+01 -5.70000E-01 -1.26087E-06 -5.69695E-01
4.90667E+01 -5.72000E-01 -1.24367E-06 -5.71674E-01
4.91333E+01 -5.74000E-01 -1.25135E-06 -5.73652E-01
4.92000E+01 -5.76000E-01 -1.25872E-06 -5.75631E-01
4.92667E+01 -5.78000E-01 -1.24674E-06 -5.77610E-01
4.93333E+01 -5.80000E-01 -1.25504E-06 -5.79741E-01
4.94000E+01 -5.82000E-01 -1.25903E-06 -5.81720E-01
4.94667E+01 -5.84000E-01 -1.24889E-06 -5.83699E-01
4.95333E+01 -5.86000E-01 -1.25550E-06 -5.85678E-01
4.96000E+01 -5.88000E-01 -1.25811E-06 -5.87809E-01
4.96667E+01 -5.90000E-01 -1.24889E-06 -5.89788E-01
4.97333E+01 -5.92000E-01 -1.25826E-06 -5.91767E-01
4.98000E+01 -5.94000E-01 -1.25934E-06 -5.93746E-01
4.98667E+01 -5.96000E-01 -1.24920E-06 -5.95724E-01
4.99333E+01 -5.98000E-01 -1.26241E-06 -5.97703E-01
5.00000E+01 -6.00000E-01 -1.26686E-06 -5.99834E-01
5.00667E+01 -6.02000E-01 -1.25350E-06 -6.01813E-01
5.01333E+01 -6.04000E-01 -1.26947E-06 -6.03792E-01
5.02000E+01 -6.06000E-01 -1.27116E-06 -6.05771E-01
5.02667E+01 -6.08000E-01 -1.25457E-06 -6.07750E-01
5.03333E+01 -6.10000E-01 -1.27147E-06 -6.09729E-01
5.04000E+01 -6.12000E-01 -1.27070E-06 -6.11708E-01
5.04667E+01 -6.14000E-01 -1.25626E-06 -6.13687E-01
5.05333E+01 -6.16000E-01 -1.27300E-06 -6.15665E-01
5.06000E+01 -6.18000E-01 -1.27423E-06 -6.17797E-01
5.06667E+01 -6.20000E-01 -1.25949E-06 -6.19775E-01
5.07333E+01 -6.22000E-01 -1.27761E-06 -6.21754E-01
5.08000E+01 -6.24000E-01 -1.28237E-06 -6.23733E-01
5.08667E+01 -6.26000E-01 -1.26579E-06 -6.25864E-01
5.09333E+01 -6.28000E-01 -1.31478E-06 -6.27843E-01
5.10000E+01 -6.30000E-01 -1.26425E-06 -6.29822E-01
5.10667E+01 -6.32000E-01 -1.27024E-06 -6.31801E-01
5.11333E+01 -6.34000E-01 -1.28590E-06 -6.33780E-01
5.12000E+01 -6.36000E-01 -1.29189E-06 -6.35759E-01
5.12667E+01 -6.38000E-01 -1.26072E-06 -6.37890E-01
5.13333E+01 -6.40000E-01 -1.30787E-06 -6.39869E-01
5.14000E+01 -6.42000E-01 -1.29312E-06 -6.41695E-01
5.14667E+01 -6.44000E-01 -1.28022E-06 -6.43522E-01
5.15333E+01 -6.46000E-01 -1.30480E-06 -6.45501E-01
5.16000E+01 -6.48000E-01 -1.30602E-06 -6.47632E-01
5.16667E+01 -6.50000E-01 -1.28759E-06 -6.49611E-01
5.17333E+01 -6.52000E-01 -1.31186E-06 -6.51437E-01
5.18000E+01 -6.54000E-01 -1.31293E-06 -6.53568E-01
5.18667E+01 -6.56000E-01 -1.29804E-06 -6.55547E-01
5.19333E+01 -6.58000E-01 -1.31785E-06 -6.57526E-01
5.20000E+01 -6.60000E-01 -1.31892E-06 -6.59657E-01
5.20667E+01 -6.62000E-01 -1.31063E-06 -6.61636E-01
5.21333E+01 -6.64000E-01 -1.32691E-06 -6.63615E-01
5.22000E+01 -6.66000E-01 -1.32829E-06 -6.65594E-01
5.22667E+01 -6.68000E-01 -1.32768E-06 -6.67573E-01
5.23333E+01 -6.70000E-01 -1.33551E-06 -6.69704E-01
5.24000E+01 -6.72000E-01 -1.34012E-06 -6.71683E-01
5.24667E+01 -6.74000E-01 -1.34672E-06 -6.73509E-01
5.25333E+01 -6.76000E-01 -1.34534E-06 -6.75640E-01
5.26000E+01 -6.78000E-01 -1.34933E-06 -6.77619E-01
5.26667E+01 -6.80000E-01 -1.36270E-06 -6.79598E-01
5.27333E+01 -6.82000E-01 -1.35578E-06 -6.81577E-01
5.28000E+01 -6.84000E-01 -1.36024E-06 -6.83556E-01
5.28667E+01 -6.86000E-01 -1.38389E-06 -6.85687E-01
5.29333E+01 -6.88000E-01 -1.37007E-06 -6.87666E-01
5.30000E+01 -6.90000E-01 -1.37375E-06 -6.89645E-01
5.30667E+01 -6.92000E-01 -1.40232E-06 -6.91624E-01
5.31333E+01 -6.94000E-01 -1.38251E-06 -6.93603E-01
5.32000E+01 -6.96000E-01 -1.38942E-06 -6.95581E-01
5.32667E+01 -6.98000E-01 -1.41368E-06 -6.97560E-01
