time/s      E/V        I/A
0.00000E+00 -7.00000E-01 -1.39848E-06 -6.99691E-01
6.66667E-02 -6.98000E-01 -9.35127E-07 -6.97713E-01
1.33333E-01 -6.96000E-01 -8.16563E-07 -6.95734E-01
2.00000E-01 -6.94000E-01 -7.09825E-07 -6.93755E-01
2.66667E-01 -6.92000E-01 -6.56225E-07 -6.91624E-01
3.33333E-01 -6.90000E-01 -6.22898E-07 -6.89645E-01
4.00000E-01 -6.88000E-01 -5.63463E-07 -6.87818E-01
4.66667E-01 -6.86000E-01 -5.38583E-07 -6.85687E-01
5.33333E-01 -6.84000E-01 -5.12320E-07 -6.83708E-01
6.00000E-01 -6.82000E-01 -4.74540E-07 -6.81729E-01
6.66667E-01 -6.80000E-01 -4.61946E-07 -6.79750E-01
7.33333E-01 -6.78000E-01 -4.36452E-07 -6.77772E-01
8.00000E-01 -6.76000E-01 -4.11418E-07 -6.75793E-01
8.66667E-01 -6.74000E-01 -3.97596E-07 -6.73662E-01
9.33333E-01 -6.72000E-01 -3.78245E-07 -6.71683E-01
1.00000E+00 -6.70000E-01 -3.54747E-07 -6.69704E-01
1.06667E+00 -6.68000E-01 -3.48911E-07 -6.67725E-01
1.13333E+00 -6.66000E-01 -3.30788E-07 -6.65746E-01
1.20000E+00 -6.64000E-01 -3.12052E-07 -6.63767E-01
1.26667E+00 -6.62000E-01 -3.10362E-07 -6.61636E-01
1.33333E+00 -6.60000E-01 -2.94236E-07 -6.59657E-01
1.40000E+00 -6.58000E-01 -2.74117E-07 -6.57678E-01
1.46667E+00 -6.56000E-01 -2.78725E-07 -6.55700E-01
1.53333E+00 -6.54000E-01 -2.65978E-07 -6.53568E-01
1.60000E+00 -6.52000E-01 -2.42173E-07 -6.51590E-01
1.66667E+00 -6.50000E-01 -2.47855E-07 -6.49763E-01
1.73333E+00 -6.48000E-01 -2.35569E-07 -6.47632E-01
1.80000E+00 -6.46000E-01 -2.20211E-07 -6.45653E-01
1.86667E+00 -6.44000E-01 -2.24050E-07 -6.43674E-01
1.93333E+00 -6.42000E-01 -2.10228E-07 -6.41847E-01
2.00000E+00 -6.40000E-01 -1.99170E-07 -6.40021E-01
2.06667E+00 -6.38000E-01 -2.01474E-07 -6.37890E-01
2.13333E+00 -6.36000E-01 -1.90262E-07 -6.35911E-01
2.20000E+00 -6.34000E-01 -1.77208E-07 -6.33780E-01
2.26667E+00 -6.32000E-01 -1.81201E-07 -6.31801E-01
2.33333E+00 -6.30000E-01 -1.71833E-07 -6.29974E-01
2.40000E+00 -6.28000E-01 -1.52482E-07 -6.27995E-01
2.46667E+00 -6.26000E-01 -1.64922E-07 -6.25864E-01
2.53333E+00 -6.24000E-01 -1.55707E-07 -6.23885E-01
2.60000E+00 -6.22000E-01 -1.36663E-07 -6.21906E-01
2.66667E+00 -6.20000E-01 -1.51099E-07 -6.19928E-01
2.73333E+00 -6.18000E-01 -1.39427E-07 -6.17797E-01
2.80000E+00 -6.16000E-01 -1.24223E-07 -6.15818E-01
2.86667E+00 -6.14000E-01 -1.37124E-07 -6.13839E-01
2.93333E+00 -6.12000E-01 -1.29905E-07 -6.11860E-01
3.00000E+00 -6.10000E-01 -1.08865E-07 -6.09881E-01
3.06667E+00 -6.08000E-01 -1.21305E-07 -6.07902E-01
3.13333E+00 -6.06000E-01 -1.12858E-07 -6.05771E-01
3.20000E+00 -6.04000E-01 -9.61176E-08 -6.03792E-01
3.26667E+00 -6.02000E-01 -1.09633E-07 -6.01813E-01
3.33333E+00 -6.00000E-01 -1.01339E-07 -5.99834E-01
3.40000E+00 -5.98000E-01 -8.39848E-08 -5.97856E-01
3.46667E+00 -5.96000E-01 -9.82678E-08 -5.95877E-01
3.53333E+00 -5.94000E-01 -9.44282E-08 -5.93746E-01
3.60000E+00 -5.92000E-01 -8.02989E-08 -5.91919E-01
3.66667E+00 -5.90000E-01 -9.01280E-08 -5.89940E-01
3.73333E+00 -5.88000E-01 -8.32169E-08 -5.87961E-01
3.80000E+00 -5.86000E-01 -7.36949E-08 -5.85830E-01
3.86667E+00 -5.84000E-01 -7.67665E-08 -5.83851E-01
3.93333E+00 -5.82000E-01 -6.90875E-08 -5.81872E-01
4.00000E+00 -5.80000E-01 -6.97018E-08 -5.79741E-01
4.06667E+00 -5.78000E-01 -6.67838E-08 -5.77762E-01
4.13333E+00 -5.76000E-01 -6.06406E-08 -5.75784E-01
4.20000E+00 -5.74000E-01 -7.12376E-08 -5.73805E-01
4.26667E+00 -5.72000E-01 -5.68011E-08 -5.71826E-01
4.33333E+00 -5.70000E-01 -5.23472E-08 -5.69847E-01
4.40000E+00 -5.68000E-01 -6.78588E-08 -5.67716E-01
4.46667E+00 -5.66000E-01 -5.11186E-08 -5.65737E-01
4.53333E+00 -5.64000E-01 -4.42075E-08 -5.63758E-01
4.60000E+00 -5.62000E-01 -6.09477E-08 -5.61931E-01
4.66667E+00 -5.60000E-01 -4.23645E-08 -5.59800E-01
4.73333E+00 -5.58000E-01 -3.25354E-08 -5.57821E-01
4.80000E+00 -5.56000E-01 -5.84904E-08 -5.55843E-01
4.86667E+00 -5.54000E-01 -2.71600E-08 -5.53864E-01
4.93333E+00 -5.52000E-01 -2.37813E-08 -5.51885E-01
5.00000E+00 -5.50000E-01 -4.58968E-08 -5.49906E-01
5.06667E+00 -5.48000E-01 -1.88667E-08 -5.47775E-01
5.13333E+00 -5.46000E-01 -1.99418E-08 -5.45796E-01
5.20000E+00 -5.44000E-01 -3.20746E-08 -5.43817E-01
5.26667E+00 -5.42000E-01 -1.13413E-08 -5.41838E-01
5.33333E+00 -5.40000E-01 -1.04198E-08 -5.39859E-01
5.40000E+00 -5.38000E-01 -1.47200E-08 -5.37728E-01
5.46667E+00 -5.36000E-01 -3.66224E-09 -5.35749E-01
5.53333E+00 -5.34000E-01 2.32739E-09  -5.33771E-01
5.60000E+00 -5.32000E-01 -3.35508E-09 -5.31792E-01
5.66667E+00 -5.30000E-01 5.70616E-09  -5.29813E-01
5.73333E+00 -5.28000E-01 6.01332E-09  -5.27834E-01
5.80000E+00 -5.26000E-01 7.08838E-09  -5.25703E-01
5.86667E+00 -5.24000E-01 1.30780E-08  -5.23876E-01
5.93333E+00 -5.22000E-01 1.07743E-08  -5.21745E-01
6.00000E+00 -5.20000E-01 1.36923E-08  -5.19766E-01
6.06667E+00 -5.18000E-01 2.16785E-08  -5.17787E-01
6.13333E+00 -5.16000E-01 1.89141E-08  -5.15808E-01
6.20000E+00 -5.14000E-01 2.32143E-08  -5.13830E-01
6.26667E+00 -5.12000E-01 3.36578E-08  -5.11851E-01
6.33333E+00 -5.10000E-01 2.67467E-08  -5.09872E-01
6.40000E+00 -5.08000E-01 3.22756E-08  -5.07741E-01
6.46667E+00 -5.06000E-01 4.13368E-08  -5.05762E-01
6.53333E+00 -5.04000E-01 3.15077E-08  -5.03783E-01
6.60000E+00 -5.02000E-01 4.13368E-08  -5.01652E-01
6.66667E+00 -5.00000E-01 4.71729E-08  -4.99673E-01
6.73333E+00 -4.98000E-01 3.93403E-08  -4.97694E-01
6.80000E+00 -4.96000E-01 4.54835E-08  -4.95715E-01
6.86667E+00 -4.94000E-01 5.50055E-08  -4.93736E-01
6.93333E+00 -4.92000E-01 4.82479E-08  -4.91758E-01
7.00000E+00 -4.90000E-01 5.30089E-08  -4.89626E-01
7.06667E+00 -4.88000E-01 6.66776E-08  -4.87648E-01
7.13333E+00 -4.86000E-01 5.37768E-08  -4.85669E-01
7.20000E+00 -4.84000E-01 6.09951E-08  -4.83994E-01
7.26667E+00 -4.82000E-01 7.45102E-08  -4.82015E-01
7.33333E+00 -4.80000E-01 5.56198E-08  -4.79884E-01
7.40000E+00 -4.78000E-01 6.99028E-08  -4.77905E-01
7.46667E+00 -4.76000E-01 8.12677E-08  -4.75927E-01
7.53333E+00 -4.74000E-01 6.56025E-08  -4.73948E-01
7.60000E+00 -4.72000E-01 7.51245E-08  -4.71969E-01
7.66667E+00 -4.70000E-01 8.94075E-08  -4.69990E-01
7.73333E+00 -4.68000E-01 7.61996E-08  -4.67859E-01
7.80000E+00 -4.66000E-01 8.38786E-08  -4.65880E-01
7.86667E+00 -4.64000E-01 9.90830E-08  -4.63901E-01
7.93333E+00 -4.62000E-01 8.66430E-08  -4.61922E-01
8.00000E+00 -4.60000E-01 9.09433E-08  -4.59791E-01
8.06667E+00 -4.58000E-01 1.05994E-07  -4.57812E-01
8.13333E+00 -4.56000E-01 8.84860E-08  -4.55833E-01
8.20000E+00 -4.54000E-01 9.81616E-08  -4.53855E-01
8.26667E+00 -4.52000E-01 1.07069E-07  -4.51876E-01
8.33333E+00 -4.50000E-01 9.50899E-08  -4.49897E-01
8.40000E+00 -4.48000E-01 1.03230E-07  -4.47918E-01
8.46667E+00 -4.46000E-01 1.13059E-07  -4.45939E-01
8.53333E+00 -4.44000E-01 1.02769E-07  -4.43960E-01
8.60000E+00 -4.42000E-01 1.12598E-07  -4.41829E-01
8.66667E+00 -4.40000E-01 1.12291E-07  -4.39850E-01
8.73333E+00 -4.38000E-01 1.11216E-07  -4.37871E-01
8.80000E+00 -4.36000E-01 1.19202E-07  -4.35892E-01
8.86667E+00 -4.34000E-01 1.10141E-07  -4.33914E-01
8.93333E+00 -4.32000E-01 1.18281E-07  -4.31935E-01
9.00000E+00 -4.30000E-01 1.27495E-07  -4.29804E-01
9.06667E+00 -4.28000E-01 1.11677E-07  -4.27825E-01
9.13333E+00 -4.26000E-01 1.24577E-07  -4.25846E-01
9.20000E+00 -4.24000E-01 1.34867E-07  -4.23867E-01
9.26667E+00 -4.22000E-01 1.15055E-07  -4.21736E-01
9.33333E+00 -4.20000E-01 1.34253E-07  -4.19757E-01
9.40000E+00 -4.18000E-01 1.42700E-07  -4.17778E-01
9.46667E+00 -4.16000E-01 1.11523E-07  -4.15799E-01
9.53333E+00 -4.14000E-01 1.47614E-07  -4.13820E-01
9.60000E+00 -4.12000E-01 1.48229E-07  -4.11842E-01
9.66667E+00 -4.10000E-01 1.22120E-07  -4.09710E-01
9.73333E+00 -4.08000E-01 1.49304E-07  -4.07732E-01
9.80000E+00 -4.06000E-01 1.53143E-07  -4.05905E-01
9.86667E+00 -4.04000E-01 1.35174E-07  -4.03926E-01
9.93333E+00 -4.02000E-01 1.61897E-07  -4.01795E-01
1.00000E+01 -4.00000E-01 1.64355E-07  -3.99816E-01
1.00667E+01 -3.98000E-01 1.52683E-07  -3.97837E-01
1.01333E+01 -3.96000E-01 1.70498E-07  -3.95858E-01
1.02000E+01 -3.94000E-01 1.73570E-07  -3.93879E-01
1.02667E+01 -3.92000E-01 1.65430E-07  -3.91901E-01
1.03333E+01 -3.90000E-01 1.84013E-07  -3.89922E-01
1.04000E+01 -3.88000E-01 1.81249E-07  -3.87791E-01
1.04667E+01 -3.86000E-01 1.79406E-07  -3.85812E-01
1.05333E+01 -3.84000E-01 1.91078E-07  -3.83833E-01
1.06000E+01 -3.82000E-01 1.91538E-07  -3.81854E-01
1.06667E+01 -3.80000E-01 1.93535E-07  -3.79723E-01
1.07333E+01 -3.78000E-01 2.00600E-07  -3.77896E-01
1.08000E+01 -3.76000E-01 2.00907E-07  -3.75917E-01
1.08667E+01 -3.74000E-01 2.05821E-07  -3.73786E-01
1.09333E+01 -3.72000E-01 2.10890E-07  -3.71807E-01
1.10000E+01 -3.70000E-01 2.17647E-07  -3.69829E-01
1.10667E+01 -3.68000E-01 2.14729E-07  -3.67850E-01
1.11333E+01 -3.66000E-01 2.20719E-07  -3.65871E-01
1.12000E+01 -3.64000E-01 2.17801E-07  -3.63740E-01
1.12667E+01 -3.62000E-01 2.25326E-07  -3.61761E-01
1.13333E+01 -3.60000E-01 2.30394E-07  -3.59782E-01
1.14000E+01 -3.58000E-01 2.29012E-07  -3.57803E-01
1.14667E+01 -3.56000E-01 2.35155E-07  -3.55824E-01
1.15333E+01 -3.54000E-01 2.45906E-07  -3.53845E-01
1.16000E+01 -3.52000E-01 2.42527E-07  -3.51867E-01
1.16667E+01 -3.50000E-01 2.47595E-07  -3.49735E-01
1.17333E+01 -3.48000E-01 2.56964E-07  -3.47757E-01
1.18000E+01 -3.46000E-01 2.54046E-07  -3.45778E-01
1.18667E+01 -3.44000E-01 2.57117E-07  -3.43799E-01
1.19333E+01 -3.42000E-01 2.71400E-07  -3.41668E-01
1.20000E+01 -3.40000E-01 2.60496E-07  -3.39689E-01
1.20667E+01 -3.38000E-01 2.69097E-07  -3.37862E-01
1.21333E+01 -3.36000E-01 2.81076E-07  -3.35731E-01
1.22000E+01 -3.34000E-01 2.73704E-07  -3.33752E-01
1.22667E+01 -3.32000E-01 2.84608E-07  -3.31773E-01
1.23333E+01 -3.30000E-01 2.96741E-07  -3.29642E-01
1.24000E+01 -3.28000E-01 2.89676E-07  -3.27816E-01
1.24667E+01 -3.26000E-01 2.93362E-07  -3.25837E-01
1.25333E+01 -3.24000E-01 3.10870E-07  -3.23706E-01
1.26000E+01 -3.22000E-01 3.01195E-07  -3.21727E-01
1.26667E+01 -3.20000E-01 3.03652E-07  -3.19748E-01
1.27333E+01 -3.18000E-01 3.23464E-07  -3.17769E-01
1.28000E+01 -3.16000E-01 3.13021E-07  -3.15790E-01
1.28667E+01 -3.14000E-01 3.19932E-07  -3.13811E-01
1.29333E+01 -3.12000E-01 3.34368E-07  -3.11832E-01
1.30000E+01 -3.10000E-01 3.28225E-07  -3.09701E-01
1.30667E+01 -3.08000E-01 3.36518E-07  -3.07722E-01
1.31333E+01 -3.06000E-01 3.46962E-07  -3.05744E-01
1.32000E+01 -3.04000E-01 3.42354E-07  -3.03765E-01
1.32667E+01 -3.02000E-01 3.51108E-07  -3.01634E-01
1.33333E+01 -3.00000E-01 3.58480E-07  -2.99807E-01
1.34000E+01 -2.98000E-01 3.56637E-07  -2.97828E-01
1.34667E+01 -2.96000E-01 3.65545E-07  -2.95697E-01
1.35333E+01 -2.94000E-01 3.67695E-07  -2.93718E-01
1.36000E+01 -2.92000E-01 3.69385E-07  -2.91739E-01
1.36667E+01 -2.90000E-01 3.82592E-07  -2.89760E-01
1.37333E+01 -2.88000E-01 3.77678E-07  -2.87781E-01
1.38000E+01 -2.86000E-01 3.89504E-07  -2.85650E-01
1.38667E+01 -2.84000E-01 3.99333E-07  -2.83672E-01
1.39333E+01 -2.82000E-01 3.85357E-07  -2.81693E-01
1.40000E+01 -2.80000E-01 4.07472E-07  -2.79714E-01
1.40667E+01 -2.78000E-01 4.17916E-07  -2.77735E-01
1.41333E+01 -2.76000E-01 3.92422E-07  -2.75756E-01
1.42000E+01 -2.74000E-01 4.28513E-07  -2.73777E-01
1.42667E+01 -2.72000E-01 4.30817E-07  -2.71646E-01
1.43333E+01 -2.70000E-01 4.12233E-07  -2.69667E-01
1.44000E+01 -2.68000E-01 4.48171E-07  -2.67688E-01
1.44667E+01 -2.66000E-01 4.57386E-07  -2.65709E-01
1.45333E+01 -2.64000E-01 4.34963E-07  -2.63578E-01
1.46000E+01 -2.62000E-01 4.73205E-07  -2.61599E-01
1.46667E+01 -2.60000E-01 4.77198E-07  -2.59773E-01
1.47333E+01 -2.58000E-01 4.60304E-07  -2.57642E-01
1.48000E+01 -2.56000E-01 4.91327E-07  -2.55663E-01
1.48667E+01 -2.54000E-01 5.03153E-07  -2.53684E-01
1.49333E+01 -2.52000E-01 4.88102E-07  -2.51705E-01
1.50000E+01 -2.50000E-01 5.15747E-07  -2.49726E-01
1.50667E+01 -2.48000E-01 5.24501E-07  -2.47747E-01
1.51333E+01 -2.46000E-01 5.18050E-07  -2.45769E-01
1.52000E+01 -2.44000E-01 5.39091E-07  -2.43637E-01
1.52667E+01 -2.42000E-01 5.47538E-07  -2.41659E-01
1.53333E+01 -2.40000E-01 5.52299E-07  -2.39832E-01
1.54000E+01 -2.38000E-01 5.70728E-07  -2.37701E-01
1.54667E+01 -2.36000E-01 5.75336E-07  -2.35722E-01
1.55333E+01 -2.34000E-01 5.82247E-07  -2.33743E-01
1.56000E+01 -2.32000E-01 5.96530E-07  -2.31612E-01
1.56667E+01 -2.30000E-01 6.02980E-07  -2.29633E-01
1.57333E+01 -2.28000E-01 6.07127E-07  -2.27654E-01
1.58000E+01 -2.26000E-01 6.24789E-07  -2.25675E-01
1.58667E+01 -2.24000E-01 6.30471E-07  -2.23544E-01
1.59333E+01 -2.22000E-01 6.37382E-07  -2.21718E-01
1.60000E+01 -2.20000E-01 6.53201E-07  -2.19739E-01
1.60667E+01 -2.18000E-01 6.64412E-07  -2.17608E-01
1.61333E+01 -2.16000E-01 6.70402E-07  -2.15629E-01
1.62000E+01 -2.14000E-01 6.87603E-07  -2.13650E-01
1.62667E+01 -2.12000E-01 6.87910E-07  -2.11671E-01
1.63333E+01 -2.10000E-01 7.03575E-07  -2.09692E-01
1.64000E+01 -2.08000E-01 7.20162E-07  -2.07713E-01
1.64667E+01 -2.06000E-01 7.19241E-07  -2.05582E-01
1.65333E+01 -2.04000E-01 7.29531E-07  -2.03603E-01
1.66000E+01 -2.02000E-01 7.53335E-07  -2.01777E-01
1.66667E+01 -2.00000E-01 7.50264E-07  -1.99646E-01
1.67333E+01 -1.98000E-01 7.61014E-07  -1.97667E-01
1.68000E+01 -1.96000E-01 7.82516E-07  -1.95688E-01
1.68667E+01 -1.94000E-01 7.86048E-07  -1.93557E-01
1.69333E+01 -1.92000E-01 7.94341E-07  -1.91578E-01
1.70000E+01 -1.90000E-01 8.16303E-07  -1.89599E-01
1.70667E+01 -1.88000E-01 8.08010E-07  -1.87620E-01
1.71333E+01 -1.86000E-01 8.21525E-07  -1.85489E-01
1.72000E+01 -1.84000E-01 8.41644E-07  -1.83510E-01
1.72667E+01 -1.82000E-01 8.36269E-07  -1.81683E-01
1.73333E+01 -1.80000E-01 8.42873E-07  -1.79552E-01
1.74000E+01 -1.78000E-01 8.60995E-07  -1.77574E-01
1.74667E+01 -1.76000E-01 8.55927E-07  -1.75595E-01
1.75333E+01 -1.74000E-01 8.66678E-07  -1.73768E-01
1.76000E+01 -1.72000E-01 8.79732E-07  -1.71941E-01
1.76667E+01 -1.70000E-01 8.74357E-07  -1.69810E-01
1.77333E+01 -1.68000E-01 8.83572E-07  -1.67831E-01
1.78000E+01 -1.66000E-01 8.93401E-07  -1.65853E-01
1.78667E+01 -1.64000E-01 8.87258E-07  -1.63874E-01
1.79333E+01 -1.62000E-01 8.94476E-07  -1.61895E-01
1.80000E+01 -1.60000E-01 8.98469E-07  -1.59916E-01
1.80667E+01 -1.58000E-01 8.97701E-07  -1.57785E-01
1.81333E+01 -1.56000E-01 9.04612E-07  -1.55806E-01
1.82000E+01 -1.54000E-01 9.01080E-07  -1.53827E-01
1.82667E+01 -1.52000E-01 9.02462E-07  -1.51696E-01
1.83333E+01 -1.50000E-01 9.09220E-07  -1.49717E-01
1.84000E+01 -1.48000E-01 9.01387E-07  -1.47738E-01
1.84667E+01 -1.46000E-01 9.07684E-07  -1.45759E-01
1.85333E+01 -1.44000E-01 9.12598E-07  -1.43780E-01
1.86000E+01 -1.42000E-01 8.92479E-07  -1.41802E-01
1.86667E+01 -1.40000E-01 9.07530E-07  -1.39823E-01
1.87333E+01 -1.38000E-01 9.06916E-07  -1.37692E-01
1.88000E+01 -1.36000E-01 8.82036E-07  -1.35713E-01
1.88667E+01 -1.34000E-01 9.08452E-07  -1.33734E-01
1.89333E+01 -1.32000E-01 9.04459E-07  -1.31755E-01
1.90000E+01 -1.30000E-01 8.75739E-07  -1.29776E-01
1.90667E+01 -1.28000E-01 9.05687E-07  -1.27645E-01
1.91333E+01 -1.26000E-01 9.04459E-07  -1.25666E-01
1.92000E+01 -1.24000E-01 8.71132E-07  -1.23840E-01
1.92667E+01 -1.22000E-01 9.05534E-07  -1.21708E-01
1.93333E+01 -1.20000E-01 9.02616E-07  -1.19730E-01
1.94000E+01 -1.18000E-01 8.67446E-07  -1.17751E-01
1.94667E+01 -1.16000E-01 9.00773E-07  -1.15772E-01
1.95333E+01 -1.14000E-01 8.96165E-07  -1.13793E-01
1.96000E+01 -1.12000E-01 8.70210E-07  -1.11662E-01
1.96667E+01 -1.10000E-01 8.96012E-07  -1.09683E-01
1.97333E+01 -1.08000E-01 8.92786E-07  -1.07704E-01
1.98000E+01 -1.06000E-01 8.74203E-07  -1.05573E-01
1.98667E+01 -1.04000E-01 8.90483E-07  -1.03746E-01
1.99333E+01 -1.02000E-01 8.91404E-07  -1.01767E-01
2.00000E+01 -1.00000E-01 8.76968E-07  -9.96364E-02
2.00667E+01 -9.80000E-02 8.92326E-07  -9.76575E-02
2.01333E+01 -9.60000E-02 8.87104E-07  -9.56786E-02
2.02000E+01 -9.40000E-02 8.80654E-07  -9.36998E-02
2.02667E+01 -9.20000E-02 8.87411E-07  -9.17209E-02
2.03333E+01 -9.00000E-02 8.88640E-07  -8.97420E-02
2.04000E+01 -8.80000E-02 8.79732E-07  -8.77631E-02
2.04667E+01 -8.60000E-02 8.85722E-07  -8.57843E-02
2.05333E+01 -8.40000E-02 8.81729E-07  -8.38054E-02
2.06000E+01 -8.20000E-02 8.79886E-07  -8.18265E-02
2.06667E+01 -8.00000E-02 8.89254E-07  -7.96954E-02
2.07333E+01 -7.80000E-02 8.82497E-07  -7.77166E-02
2.08000E+01 -7.60000E-02 8.80654E-07  -7.57377E-02
2.08667E+01 -7.40000E-02 8.88486E-07  -7.37588E-02
2.09333E+01 -7.20000E-02 8.82036E-07  -7.16277E-02
2.10000E+01 -7.00000E-02 8.81114E-07  -6.96489E-02
2.10667E+01 -6.80000E-02 8.87258E-07  -6.76700E-02
2.11333E+01 -6.60000E-02 8.82036E-07  -6.56911E-02
2.12000E+01 -6.40000E-02 8.80346E-07  -6.37122E-02
2.12667E+01 -6.20000E-02 8.89101E-07  -6.17334E-02
2.13333E+01 -6.00000E-02 8.80807E-07  -5.97545E-02
2.14000E+01 -5.80000E-02 8.82957E-07  -5.76234E-02
2.14667E+01 -5.60000E-02 8.94476E-07  -5.57967E-02
2.15333E+01 -5.40000E-02 8.84186E-07  -5.36657E-02
2.16000E+01 -5.20000E-02 8.94629E-07  -5.16868E-02
2.16667E+01 -5.00000E-02 9.00158E-07  -4.97079E-02
2.17333E+01 -4.80000E-02 8.89254E-07  -4.77290E-02
2.18000E+01 -4.60000E-02 8.84800E-07  -4.57502E-02
2.18667E+01 -4.40000E-02 9.00312E-07  -4.37713E-02
2.19333E+01 -4.20000E-02 8.91251E-07  -4.16402E-02
2.20000E+01 -4.00000E-02 8.89254E-07  -3.96613E-02
2.20667E+01 -3.80000E-02 9.05073E-07  -3.76825E-02
2.21333E+01 -3.60000E-02 8.93094E-07  -3.57036E-02
2.22000E+01 -3.40000E-02 8.97087E-07  -3.35725E-02
2.22667E+01 -3.20000E-02 9.13366E-07  -3.15936E-02
2.23333E+01 -3.00000E-02 9.01694E-07  -2.96147E-02
2.24000E+01 -2.80000E-02 9.02769E-07  -2.76359E-02
2.24667E+01 -2.60000E-02 9.15977E-07  -2.56570E-02
2.25333E+01 -2.40000E-02 9.05226E-07  -2.36781E-02
2.26000E+01 -2.20000E-02 9.07837E-07  -2.16993E-02
2.26667E+01 -2.00000E-02 9.16438E-07  -1.95682E-02
2.27333E+01 -1.80000E-02 9.05073E-07  -1.77415E-02
2.28000E+01 -1.60000E-02 9.14441E-07  -1.59149E-02
2.28667E+01 -1.40000E-02 9.21506E-07  -1.39360E-02
2.29333E+01 -1.20000E-02 9.12752E-07  -1.19571E-02
2.30000E+01 -1.00000E-02 9.21199E-07  -9.82602E-03
2.30667E+01 -8.00000E-03 9.23195E-07  -7.84714E-03
2.31333E+01 -6.00000E-03 9.21045E-07  -5.86827E-03
2.32000E+01 -4.00000E-03 9.26728E-07  -3.88940E-03
2.32667E+01 -2.00000E-03 9.21352E-07  -1.91053E-03
2.33333E+01 1.45825E-17  9.32717E-07  2.20568E-04 
2.34000E+01 2.00000E-03  9.32564E-07  2.19944E-03 
2.34667E+01 4.00000E-03  9.16899E-07  4.17831E-03 
2.35333E+01 6.00000E-03  9.39475E-07  6.15719E-03 
2.36000E+01 8.00000E-03  9.41932E-07  8.13606E-03 
2.36667E+01 1.00000E-02  9.20431E-07  1.02672E-02 
2.37333E+01 1.20000E-02  9.48843E-07  1.20938E-02 
2.38000E+01 1.40000E-02  9.54679E-07  1.42249E-02 
2.38667E+01 1.60000E-02  9.21199E-07  1.62038E-02 
2.39333E+01 1.80000E-02  9.60208E-07  1.81826E-02 
2.40000E+01 2.00000E-02  9.62819E-07  2.01615E-02 
2.40667E+01 2.20000E-02  9.27649E-07  2.21404E-02 
2.41333E+01 2.40000E-02  9.66966E-07  2.41193E-02 
2.42000E+01 2.60000E-02  9.72341E-07  2.62504E-02 
2.42667E+01 2.80000E-02  9.42700E-07  2.82292E-02 
2.43333E+01 3.00000E-02  9.77409E-07  3.02081E-02 
2.44000E+01 3.20000E-02  9.85088E-07  3.21870E-02 
2.44667E+01 3.40000E-02  9.60976E-07  3.41658E-02 
2.45333E+01 3.60000E-02  9.91692E-07  3.61447E-02 
2.46000E+01 3.80000E-02  9.97682E-07  3.81236E-02 
2.46667E+01 4.00000E-02  9.77870E-07  4.02547E-02 
2.47333E+01 4.20000E-02  1.00690E-06  4.22336E-02 
2.48000E+01 4.40000E-02  1.00813E-06  4.42124E-02 
2.48667E+01 4.60000E-02  9.93074E-07  4.61913E-02 
2.49333E+01 4.80000E-02  1.01565E-06  4.83224E-02 
2.50000E+01 5.00000E-02  1.01964E-06  5.03013E-02 
2.50667E+01 5.20000E-02  1.01488E-06  5.22801E-02 
2.51333E+01 5.40000E-02  1.03070E-06  5.42590E-02 
2.52000E+01 5.60000E-02  1.03393E-06  5.62379E-02 
2.52667E+01 5.80000E-02  1.03423E-06  5.82168E-02 
2.53333E+01 6.00000E-02  1.04729E-06  6.01956E-02 
2.54000E+01 6.20000E-02  1.04760E-06  6.21745E-02 
2.54667E+01 6.40000E-02  1.04882E-06  6.41534E-02 
2.55333E+01 6.60000E-02  1.06480E-06  6.61322E-02 
2.56000E+01 6.80000E-02  1.05773E-06  6.82633E-02 
2.56667E+01 7.00000E-02  1.06480E-06  7.00900E-02 
2.57333E+01 7.20000E-02  1.07831E-06  7.20689E-02 
2.58000E+01 7.40000E-02  1.07632E-06  7.42000E-02 
2.58667E+01 7.60000E-02  1.07939E-06  7.61788E-02 
2.59333E+01 7.80000E-02  1.09920E-06  7.81577E-02 
2.60000E+01 8.00000E-02  1.09474E-06  8.01366E-02 
2.60667E+01 8.20000E-02  1.09920E-06  8.22677E-02 
2.61333E+01 8.40000E-02  1.11947E-06  8.42465E-02 
2.62000E+01 8.60000E-02  1.11717E-06  8.62254E-02 
2.62667E+01 8.80000E-02  1.12531E-06  8.83565E-02 
2.63333E+01 9.00000E-02  1.14573E-06  9.01832E-02 
2.64000E+01 9.20000E-02  1.14097E-06  9.21620E-02 
2.64667E+01 9.40000E-02  1.15526E-06  9.42931E-02 
2.65333E+01 9.60000E-02  1.17476E-06  9.62720E-02 
2.66000E+01 9.80000E-02  1.17752E-06  9.82509E-02 
2.66667E+01 1.00000E-01  1.18551E-06  1.00230E-01 
2.67333E+01 9.80000E-02  6.81767E-07  9.84031E-02 
2.68000E+01 9.60000E-02  4.90559E-07  9.64242E-02 
2.68667E+01 9.40000E-02  3.79982E-07  9.42931E-02 
2.69333E+01 9.20000E-02  3.14249E-07  9.23142E-02 
2.70000E+01 9.00000E-02  2.32544E-07  9.03354E-02 
2.70667E+01 8.80000E-02  1.88160E-07  8.83565E-02 
2.71333E+01 8.60000E-02  1.52068E-07  8.63776E-02 
2.72000E+01 8.40000E-02  1.02615E-07  8.43988E-02 
2.72667E+01 8.20000E-02  6.88277E-08  8.22677E-02 
2.73333E+01 8.00000E-02  4.79408E-08  8.02888E-02 
2.74000E+01 7.80000E-02  1.12351E-08  7.83099E-02 
2.74667E+01 7.60000E-02  -1.36450E-08 7.63310E-02 
2.75333E+01 7.40000E-02  -2.47028E-08 7.42000E-02 
2.76000E+01 7.20000E-02  -5.68011E-08 7.22211E-02 
2.76667E+01 7.00000E-02  -7.52307E-08 7.02422E-02 
2.77333E+01 6.80000E-02  -8.76707E-08 6.82633E-02 
2.78000E+01 6.60000E-02  -1.09172E-07 6.62845E-02 
2.78667E+01 6.40000E-02  -1.28370E-07 6.43056E-02 
2.79333E+01 6.20000E-02  -1.42038E-07 6.21745E-02 
2.80000E+01 6.00000E-02  -1.55092E-07 6.03478E-02 
2.80667E+01 5.80000E-02  -1.71372E-07 5.83690E-02 
2.81333E+01 5.60000E-02  -1.90877E-07 5.62379E-02 
2.82000E+01 5.40000E-02  -1.91952E-07 5.42590E-02 
2.82667E+01 5.20000E-02  -2.03624E-07 5.22801E-02 
2.83333E+01 5.00000E-02  -2.30654E-07 5.03013E-02 
2.84000E+01 4.80000E-02  -2.20211E-07 4.83224E-02 
2.84667E+01 4.60000E-02  -2.35569E-07 4.63435E-02 
2.85333E+01 4.40000E-02  -2.69510E-07 4.43646E-02 
2.86000E+01 4.20000E-02  -2.46166E-07 4.22336E-02 
2.86667E+01 4.00000E-02  -2.57070E-07 4.02547E-02 
2.87333E+01 3.80000E-02  -2.97922E-07 3.82758E-02 
2.88000E+01 3.60000E-02  -2.72274E-07 3.62969E-02 
2.88667E+01 3.40000E-02  -2.80261E-07 3.41658E-02 
2.89333E+01 3.20000E-02  -3.16198E-07 3.21870E-02 
2.90000E+01 3.00000E-02  -2.91779E-07 3.02081E-02 
2.90667E+01 2.80000E-02  -2.97154E-07 2.82292E-02 
2.91333E+01 2.60000E-02  -3.33246E-07 2.62504E-02 
2.92000E+01 2.40000E-02  -3.08673E-07 2.42715E-02 
2.92667E+01 2.20000E-02  -3.14048E-07 2.22926E-02 
2.93333E+01 2.00000E-02  -3.48143E-07 2.03137E-02 
2.94000E+01 1.80000E-02  -3.24031E-07 1.83349E-02 
2.94667E+01 1.60000E-02  -3.30481E-07 1.62038E-02 
2.95333E+01 1.40000E-02  -3.53365E-07 1.42249E-02 
2.96000E+01 1.20000E-02  -3.38160E-07 1.22460E-02 
2.96667E+01 1.00000E-02  -3.44150E-07 1.02672E-02 
2.97333E+01 8.00000E-03  -3.58740E-07 8.28828E-03 
2.98000E+01 6.00000E-03  -3.49218E-07 6.30941E-03 
2.98667E+01 4.00000E-03  -3.55668E-07 4.33053E-03 
2.99333E+01 2.00000E-03  -3.66112E-07 2.19944E-03 
3.00000E+01 1.45825E-17  -3.62119E-07 2.20568E-04 
3.00667E+01 -2.00000E-03 -3.67187E-07 -1.75830E-03
3.01333E+01 -4.00000E-03 -3.76863E-07 -3.88940E-03
3.02000E+01 -6.00000E-03 -3.72255E-07 -5.86827E-03
3.02667E+01 -8.00000E-03 -3.79473E-07 -7.84714E-03
3.03333E+01 -1.00000E-02 -3.87767E-07 -9.82602E-03
3.04000E+01 -1.20000E-02 -3.82852E-07 -1.18049E-02
3.04667E+01 -1.40000E-02 -3.88995E-07 -1.37838E-02
3.05333E+01 -1.60000E-02 -3.96982E-07 -1.59149E-02
3.06000E+01 -1.80000E-02 -3.88535E-07 -1.75893E-02
3.06667E+01 -2.00000E-02 -3.98517E-07 -1.95682E-02
3.07333E+01 -2.20000E-02 -4.06811E-07 -2.15470E-02
3.08000E+01 -2.40000E-02 -3.96367E-07 -2.35259E-02
3.08667E+01 -2.60000E-02 -4.08347E-07 -2.55048E-02
3.09333E+01 -2.80000E-02 -4.18022E-07 -2.74836E-02
3.10000E+01 -3.00000E-02 -4.05121E-07 -2.94625E-02
3.10667E+01 -3.20000E-02 -4.16179E-07 -3.14414E-02
3.11333E+01 -3.40000E-02 -4.21708E-07 -3.35725E-02
3.12000E+01 -3.60000E-02 -4.11111E-07 -3.55514E-02
3.12667E+01 -3.80000E-02 -4.19558E-07 -3.75302E-02
3.13333E+01 -4.00000E-02 -4.27851E-07 -3.95091E-02
3.14000E+01 -4.20000E-02 -4.15565E-07 -4.16402E-02
3.14667E+01 -4.40000E-02 -4.27083E-07 -4.36191E-02
3.15333E+01 -4.60000E-02 -4.34916E-07 -4.57502E-02
3.16000E+01 -4.80000E-02 -4.22015E-07 -4.75768E-02
3.16667E+01 -5.00000E-02 -4.37834E-07 -4.95557E-02
3.17333E+01 -5.20000E-02 -4.43824E-07 -5.15346E-02
3.18000E+01 -5.40000E-02 -4.31076E-07 -5.36657E-02
3.18667E+01 -5.60000E-02 -4.47049E-07 -5.56445E-02
3.19333E+01 -5.80000E-02 -4.49045E-07 -5.76234E-02
3.20000E+01 -6.00000E-02 -4.40598E-07 -5.96023E-02
3.20667E+01 -6.20000E-02 -4.50581E-07 -6.15811E-02
3.21333E+01 -6.40000E-02 -4.55189E-07 -6.37122E-02
3.22000E+01 -6.60000E-02 -4.44592E-07 -6.56911E-02
3.22667E+01 -6.80000E-02 -4.54728E-07 -6.75178E-02
3.23333E+01 -7.00000E-02 -4.64250E-07 -6.94966E-02
3.24000E+01 -7.20000E-02 -4.54881E-07 -7.16277E-02
3.24667E+01 -7.40000E-02 -4.68704E-07 -7.36066E-02
3.25333E+01 -7.60000E-02 -4.71929E-07 -7.55855E-02
3.26000E+01 -7.80000E-02 -4.67629E-07 -7.77166E-02
3.26667E+01 -8.00000E-02 -4.75768E-07 -7.96954E-02
3.27333E+01 -8.20000E-02 -4.81297E-07 -8.16743E-02
3.28000E+01 -8.40000E-02 -4.82372E-07 -8.36532E-02
3.28667E+01 -8.60000E-02 -4.80836E-07 -8.56321E-02
3.29333E+01 -8.80000E-02 -4.87287E-07 -8.76109E-02
3.30000E+01 -9.00000E-02 -5.00956E-07 -8.97420E-02
3.30667E+01 -9.20000E-02 -4.91587E-07 -9.17209E-02
3.31333E+01 -9.40000E-02 -4.97116E-07 -9.36998E-02
3.32000E+01 -9.60000E-02 -5.24453E-07 -9.56786E-02
3.32667E+01 -9.80000E-02 -5.03566E-07 -9.75053E-02
3.33333E+01 -1.00000E-01 -5.08174E-07 -9.96364E-02
3.34000E+01 -1.02000E-01 -5.38276E-07 -1.01615E-01
3.34667E+01 -1.04000E-01 -5.15085E-07 -1.03594E-01
3.35333E+01 -1.06000E-01 -5.22610E-07 -1.05573E-01
3.36000E+01 -1.08000E-01 -5.56705E-07 -1.07552E-01
3.36667E+01 -1.10000E-01 -5.28907E-07 -1.09531E-01
3.37333E+01 -1.12000E-01 -5.34743E-07 -1.11662E-01
3.38000E+01 -1.14000E-01 -5.77439E-07 -1.13641E-01
3.38667E+01 -1.16000E-01 -5.45801E-07 -1.15620E-01
3.39333E+01 -1.18000E-01 -5.50869E-07 -1.17598E-01
3.40000E+01 -1.20000E-01 -5.90646E-07 -1.19577E-01
3.40667E+01 -1.22000E-01 -5.60852E-07 -1.21708E-01
3.41333E+01 -1.24000E-01 -5.72678E-07 -1.23687E-01
3.42000E+01 -1.26000E-01 -6.00629E-07 -1.25666E-01
3.42667E+01 -1.28000E-01 -5.74828E-07 -1.27645E-01
3.43333E+01 -1.30000E-01 -5.92797E-07 -1.29624E-01
3.44000E+01 -1.32000E-01 -6.16141E-07 -1.31603E-01
3.44667E+01 -1.34000E-01 -6.00783E-07 -1.33734E-01
3.45333E+01 -1.36000E-01 -6.14605E-07 -1.35713E-01
3.46000E+01 -1.38000E-01 -6.33803E-07 -1.37692E-01
3.46667E+01 -1.40000E-01 -6.22898E-07 -1.39670E-01
3.47333E+01 -1.42000E-01 -6.40407E-07 -1.41649E-01
3.48000E+01 -1.44000E-01 -6.55304E-07 -1.43780E-01
3.48667E+01 -1.46000E-01 -6.50543E-07 -1.45607E-01
3.49333E+01 -1.48000E-01 -6.67129E-07 -1.47586E-01
3.50000E+01 -1.50000E-01 -6.77419E-07 -1.49717E-01
3.50667E+01 -1.52000E-01 -6.80491E-07 -1.51696E-01
3.51333E+01 -1.54000E-01 -6.94620E-07 -1.53675E-01
3.52000E+01 -1.56000E-01 -7.04910E-07 -1.55654E-01
3.52667E+01 -1.58000E-01 -7.01992E-07 -1.57785E-01
3.53333E+01 -1.60000E-01 -7.23493E-07 -1.59764E-01
3.54000E+01 -1.62000E-01 -7.34551E-07 -1.61743E-01
3.54667E+01 -1.64000E-01 -7.34858E-07 -1.63721E-01
3.55333E+01 -1.66000E-01 -7.51445E-07 -1.65700E-01
3.56000E+01 -1.68000E-01 -7.67110E-07 -1.67679E-01
3.56667E+01 -1.70000E-01 -7.64192E-07 -1.69810E-01
3.57333E+01 -1.72000E-01 -7.84926E-07 -1.71789E-01
3.58000E+01 -1.74000E-01 -7.93833E-07 -1.73616E-01
3.58667E+01 -1.76000E-01 -7.89379E-07 -1.75442E-01
3.59333E+01 -1.78000E-01 -8.09191E-07 -1.77421E-01
3.60000E+01 -1.80000E-01 -8.21478E-07 -1.79552E-01
3.60667E+01 -1.82000E-01 -8.15181E-07 -1.81531E-01
3.61333E+01 -1.84000E-01 -8.36221E-07 -1.83510E-01
3.62000E+01 -1.86000E-01 -8.47279E-07 -1.85489E-01
3.62667E+01 -1.88000E-01 -8.40215E-07 -1.87468E-01
3.63333E+01 -1.90000E-01 -8.64634E-07 -1.89447E-01
3.64000E+01 -1.92000E-01 -8.72159E-07 -1.91578E-01
3.64667E+01 -1.94000E-01 -8.68166E-07 -1.93557E-01
3.65333E+01 -1.96000E-01 -8.87364E-07 -1.95536E-01
3.66000E+01 -1.98000E-01 -8.92739E-07 -1.97514E-01
3.66667E+01 -2.00000E-01 -8.88285E-07 -1.99646E-01
3.67333E+01 -2.02000E-01 -9.08097E-07 -2.01624E-01
3.68000E+01 -2.04000E-01 -9.14240E-07 -2.03603E-01
3.68667E+01 -2.06000E-01 -9.08251E-07 -2.05582E-01
3.69333E+01 -2.08000E-01 -9.29138E-07 -2.07561E-01
3.70000E+01 -2.10000E-01 -9.42806E-07 -2.09540E-01
3.70667E+01 -2.12000E-01 -9.32977E-07 -2.11671E-01
3.71333E+01 -2.14000E-01 -9.50332E-07 -2.13498E-01
3.72000E+01 -2.16000E-01 -9.62925E-07 -2.15477E-01
3.72667E+01 -2.18000E-01 -9.61390E-07 -2.17608E-01
3.73333E+01 -2.20000E-01 -9.75672E-07 -2.19586E-01
3.74000E+01 -2.22000E-01 -9.81662E-07 -2.21565E-01
3.74667E+01 -2.24000E-01 -9.89648E-07 -2.23544E-01
3.75333E+01 -2.26000E-01 -9.99477E-07 -2.25523E-01
3.76000E+01 -2.28000E-01 -1.01622E-06 -2.27654E-01
3.76667E+01 -2.30000E-01 -1.02298E-06 -2.29633E-01
3.77333E+01 -2.32000E-01 -1.02820E-06 -2.31612E-01
3.78000E+01 -2.34000E-01 -1.04094E-06 -2.33591E-01
3.78667E+01 -2.36000E-01 -1.06521E-06 -2.35570E-01
3.79333E+01 -2.38000E-01 -1.06122E-06 -2.37701E-01
3.80000E+01 -2.40000E-01 -1.07181E-06 -2.39680E-01
3.80667E+01 -2.42000E-01 -1.10407E-06 -2.41659E-01
3.81333E+01 -2.44000E-01 -1.09224E-06 -2.43637E-01
3.82000E+01 -2.46000E-01 -1.09715E-06 -2.45616E-01
3.82667E+01 -2.48000E-01 -1.14354E-06 -2.47595E-01
3.83333E+01 -2.50000E-01 -1.12572E-06 -2.49726E-01
3.84000E+01 -2.52000E-01 -1.13770E-06 -2.51553E-01
3.84667E+01 -2.54000E-01 -1.18669E-06 -2.53532E-01
3.85333E+01 -2.56000E-01 -1.16104E-06 -2.55511E-01
3.86000E+01 -2.58000E-01 -1.17195E-06 -2.57642E-01
3.86667E+01 -2.60000E-01 -1.22401E-06 -2.59621E-01
3.87333E+01 -2.62000E-01 -1.18930E-06 -2.61599E-01
3.88000E+01 -2.64000E-01 -1.20420E-06 -2.63578E-01
3.88667E+01 -2.66000E-01 -1.24628E-06 -2.65557E-01
3.89333E+01 -2.68000E-01 -1.21864E-06 -2.67536E-01
3.90000E+01 -2.70000E-01 -1.23169E-06 -2.69667E-01
3.90667E+01 -2.72000E-01 -1.26916E-06 -2.71646E-01
3.91333E+01 -2.74000E-01 -1.24597E-06 -2.73625E-01
3.92000E+01 -2.76000E-01 -1.25887E-06 -2.75604E-01
3.92667E+01 -2.78000E-01 -1.28713E-06 -2.77735E-01
3.93333E+01 -2.80000E-01 -1.27009E-06 -2.79714E-01
3.94000E+01 -2.82000E-01 -1.28099E-06 -2.81540E-01
3.94667E+01 -2.84000E-01 -1.30265E-06 -2.83672E-01
3.95333E+01 -2.86000E-01 -1.28775E-06 -2.85650E-01
3.96000E+01 -2.88000E-01 -1.29819E-06 -2.87629E-01
3.96667E+01 -2.90000E-01 -1.31032E-06 -2.89608E-01
3.97333E+01 -2.92000E-01 -1.30234E-06 -2.91587E-01
3.98000E+01 -2.94000E-01 -1.30848E-06 -2.93566E-01
3.98667E+01 -2.96000E-01 -1.31846E-06 -2.95697E-01
3.99333E+01 -2.98000E-01 -1.30894E-06 -2.97676E-01
4.00000E+01 -3.00000E-01 -1.31800E-06 -2.99655E-01
4.00667E+01 -3.02000E-01 -1.32660E-06 -3.01634E-01
4.01333E+01 -3.04000E-01 -1.31647E-06 -3.03612E-01
4.02000E+01 -3.06000E-01 -1.32461E-06 -3.05591E-01
4.02667E+01 -3.08000E-01 -1.33167E-06 -3.07722E-01
4.03333E+01 -3.10000E-01 -1.31693E-06 -3.09701E-01
4.04000E+01 -3.12000E-01 -1.32706E-06 -3.11680E-01
4.04667E+01 -3.14000E-01 -1.32783E-06 -3.13811E-01
4.05333E+01 -3.16000E-01 -1.31493E-06 -3.15790E-01
4.06000E+01 -3.18000E-01 -1.32399E-06 -3.17769E-01
4.06667E+01 -3.20000E-01 -1.32645E-06 -3.19748E-01
4.07333E+01 -3.22000E-01 -1.30986E-06 -3.21727E-01
4.08000E+01 -3.24000E-01 -1.32645E-06 -3.23706E-01
4.08667E+01 -3.26000E-01 -1.32491E-06 -3.25685E-01
4.09333E+01 -3.28000E-01 -1.30495E-06 -3.27816E-01
4.10000E+01 -3.30000E-01 -1.32123E-06 -3.29642E-01
4.10667E+01 -3.32000E-01 -1.31846E-06 -3.31621E-01
4.11333E+01 -3.34000E-01 -1.30126E-06 -3.33600E-01
4.12000E+01 -3.36000E-01 -1.31401E-06 -3.35731E-01
4.12667E+01 -3.38000E-01 -1.31078E-06 -3.37710E-01
4.13333E+01 -3.40000E-01 -1.29236E-06 -3.39689E-01
4.14000E+01 -3.42000E-01 -1.30480E-06 -3.41668E-01
4.14667E+01 -3.44000E-01 -1.30464E-06 -3.43647E-01
4.15333E+01 -3.46000E-01 -1.28391E-06 -3.45778E-01
4.16000E+01 -3.48000E-01 -1.29988E-06 -3.47757E-01
4.16667E+01 -3.50000E-01 -1.29650E-06 -3.49735E-01
4.17333E+01 -3.52000E-01 -1.27976E-06 -3.51714E-01
4.18000E+01 -3.54000E-01 -1.29451E-06 -3.53845E-01
4.18667E+01 -3.56000E-01 -1.28882E-06 -3.55824E-01
4.19333E+01 -3.58000E-01 -1.27024E-06 -3.57803E-01
4.20000E+01 -3.60000E-01 -1.28345E-06 -3.59630E-01
4.20667E+01 -3.62000E-01 -1.27992E-06 -3.61761E-01
4.21333E+01 -3.64000E-01 -1.26655E-06 -3.63740E-01
4.22000E+01 -3.66000E-01 -1.27623E-06 -3.65719E-01
4.22667E+01 -3.68000E-01 -1.27162E-06 -3.67850E-01
4.23333E+01 -3.70000E-01 -1.26809E-06 -3.69676E-01
4.24000E+01 -3.72000E-01 -1.26855E-06 -3.71655E-01
4.24667E+01 -3.74000E-01 -1.26517E-06 -3.73786E-01
4.25333E+01 -3.76000E-01 -1.26533E-06 -3.75765E-01
4.26000E+01 -3.78000E-01 -1.26241E-06 -3.77744E-01
4.26667E+01 -3.80000E-01 -1.25642E-06 -3.79723E-01
4.27333E+01 -3.82000E-01 -1.26686E-06 -3.81702E-01
4.28000E+01 -3.84000E-01 -1.25335E-06 -3.83681E-01
4.28667E+01 -3.86000E-01 -1.24889E-06 -3.85812E-01
4.29333E+01 -3.88000E-01 -1.27208E-06 -3.87791E-01
4.30000E+01 -3.90000E-01 -1.24290E-06 -3.89770E-01
4.30667E+01 -3.92000E-01 -1.24536E-06 -3.91748E-01
4.31333E+01 -3.94000E-01 -1.27193E-06 -3.93879E-01
4.32000E+01 -3.96000E-01 -1.23952E-06 -3.95858E-01
4.32667E+01 -3.98000E-01 -1.23799E-06 -3.97685E-01
4.33333E+01 -4.00000E-01 -1.26947E-06 -3.99816E-01
4.34000E+01 -4.02000E-01 -1.22985E-06 -4.01795E-01
4.34667E+01 -4.04000E-01 -1.22754E-06 -4.03774E-01
4.35333E+01 -4.06000E-01 -1.26671E-06 -4.05905E-01
4.36000E+01 -4.08000E-01 -1.21940E-06 -4.07732E-01
4.36667E+01 -4.10000E-01 -1.22340E-06 -4.09710E-01
4.37333E+01 -4.12000E-01 -1.25826E-06 -4.11689E-01
4.38000E+01 -4.14000E-01 -1.21188E-06 -4.13820E-01
4.38667E+01 -4.16000E-01 -1.22048E-06 -4.15799E-01
4.39333E+01 -4.18000E-01 -1.24536E-06 -4.17626E-01
4.40000E+01 -4.20000E-01 -1.20865E-06 -4.19757E-01
4.40667E+01 -4.22000E-01 -1.21311E-06 -4.21736E-01
4.41333E+01 -4.24000E-01 -1.23231E-06 -4.23715E-01
4.42000E+01 -4.26000E-01 -1.20435E-06 -4.25694E-01
4.42667E+01 -4.28000E-01 -1.20466E-06 -4.27825E-01
4.43333E+01 -4.30000E-01 -1.21940E-06 -4.29804E-01
4.44000E+01 -4.32000E-01 -1.19790E-06 -4.31783E-01
4.44667E+01 -4.34000E-01 -1.20359E-06 -4.33761E-01
4.45333E+01 -4.36000E-01 -1.21065E-06 -4.35892E-01
4.46000E+01 -4.38000E-01 -1.19560E-06 -4.37719E-01
4.46667E+01 -4.40000E-01 -1.20036E-06 -4.39850E-01
4.47333E+01 -4.42000E-01 -1.20328E-06 -4.41829E-01
4.48000E+01 -4.44000E-01 -1.19299E-06 -4.43808E-01
4.48667E+01 -4.46000E-01 -1.19360E-06 -4.45787E-01
4.49333E+01 -4.48000E-01 -1.20021E-06 -4.47766E-01
4.50000E+01 -4.50000E-01 -1.18454E-06 -4.49745E-01
4.50667E+01 -4.52000E-01 -1.19161E-06 -4.51876E-01
4.51333E+01 -4.54000E-01 -1.19483E-06 -4.53855E-01
4.52000E+01 -4.56000E-01 -1.18024E-06 -4.55833E-01
4.52667E+01 -4.58000E-01 -1.18823E-06 -4.57812E-01
4.53333E+01 -4.60000E-01 -1.19268E-06 -4.59791E-01
4.54000E+01 -4.62000E-01 -1.17901E-06 -4.61770E-01
4.54667E+01 -4.64000E-01 -1.18807E-06 -4.63749E-01
4.55333E+01 -4.66000E-01 -1.19268E-06 -4.65880E-01
4.56000E+01 -4.68000E-01 -1.17487E-06 -4.67859E-01
4.56667E+01 -4.70000E-01 -1.18316E-06 -4.69838E-01
4.57333E+01 -4.72000E-01 -1.18853E-06 -4.71817E-01
4.58000E+01 -4.74000E-01 -1.16918E-06 -4.73948E-01
4.58667E+01 -4.76000E-01 -1.18255E-06 -4.75774E-01
4.59333E+01 -4.78000E-01 -1.18408E-06 -4.77753E-01
4.60000E+01 -4.80000E-01 -1.16319E-06 -4.79884E-01
4.60667E+01 -4.82000E-01 -1.17671E-06 -4.81863E-01
4.61333E+01 -4.84000E-01 -1.18285E-06 -4.83842E-01
4.62000E+01 -4.86000E-01 -1.16043E-06 -4.85669E-01
4.62667E+01 -4.88000E-01 -1.17702E-06 -4.87648E-01
4.63333E+01 -4.90000E-01 -1.18439E-06 -4.89626E-01
4.64000E+01 -4.92000E-01 -1.15920E-06 -4.91605E-01
4.64667E+01 -4.94000E-01 -1.17348E-06 -4.93736E-01
4.65333E+01 -4.96000E-01 -1.17763E-06 -4.95563E-01
4.66000E+01 -4.98000E-01 -1.15459E-06 -4.97542E-01
4.66667E+01 -5.00000E-01 -1.17011E-06 -4.99673E-01
4.67333E+01 -5.02000E-01 -1.17471E-06 -5.01652E-01
4.68000E+01 -5.04000E-01 -1.15659E-06 -5.03631E-01
4.68667E+01 -5.06000E-01 -1.16903E-06 -5.05610E-01
4.69333E+01 -5.08000E-01 -1.17502E-06 -5.07741E-01
4.70000E+01 -5.10000E-01 -1.15889E-06 -5.09720E-01
4.70667E+01 -5.12000E-01 -1.16780E-06 -5.11699E-01
4.71333E+01 -5.14000E-01 -1.17487E-06 -5.13830E-01
4.72000E+01 -5.16000E-01 -1.16074E-06 -5.15656E-01
4.72667E+01 -5.18000E-01 -1.16657E-06 -5.17635E-01
4.73333E+01 -5.20000E-01 -1.16903E-06 -5.19614E-01
4.74000E+01 -5.22000E-01 -1.16719E-06 -5.21745E-01
4.74667E+01 -5.24000E-01 -1.16580E-06 -5.23724E-01
4.75333E+01 -5.26000E-01 -1.16842E-06 -5.25703E-01
4.76000E+01 -5.28000E-01 -1.17840E-06 -5.27682E-01
4.76667E+01 -5.30000E-01 -1.16842E-06 -5.29661E-01
4.77333E+01 -5.32000E-01 -1.16980E-06 -5.31792E-01
4.78000E+01 -5.34000E-01 -1.18608E-06 -5.33771E-01
4.78667E+01 -5.36000E-01 -1.16780E-06 -5.35749E-01
4.79333E+01 -5.38000E-01 -1.16811E-06 -5.37728E-01
4.80000E+01 -5.40000E-01 -1.19314E-06 -5.39707E-01
4.80667E+01 -5.42000E-01 -1.16412E-06 -5.41686E-01
4.81333E+01 -5.44000E-01 -1.16749E-06 -5.43817E-01
4.82000E+01 -5.46000E-01 -1.20589E-06 -5.45796E-01
4.82667E+01 -5.48000E-01 -1.16012E-06 -5.47775E-01
4.83333E+01 -5.50000E-01 -1.16703E-06 -5.49754E-01
4.84000E+01 -5.52000E-01 -1.20743E-06 -5.51733E-01
4.84667E+01 -5.54000E-01 -1.16120E-06 -5.53712E-01
4.85333E+01 -5.56000E-01 -1.16995E-06 -5.55690E-01
4.86000E+01 -5.58000E-01 -1.20051E-06 -5.57669E-01
4.86667E+01 -5.60000E-01 -1.16504E-06 -5.59800E-01
4.87333E+01 -5.62000E-01 -1.17087E-06 -5.61779E-01
4.88000E+01 -5.64000E-01 -1.19499E-06 -5.63758E-01
4.88667E+01 -5.66000E-01 -1.16611E-06 -5.65737E-01
4.89333E+01 -5.68000E-01 -1.16949E-06 -5.67716E-01
4.90000E+01 -5.70000E-01 -1.19099E-06 -5.69695E-01
4.90667E+01 -5.72000E-01 -1.16780E-06 -5.71674E-01
4.91333E+01 -5.74000E-01 -1.17179E-06 -5.73652E-01
4.92000E+01 -5.76000E-01 -1.18669E-06 -5.75631E-01
4.92667E+01 -5.78000E-01 -1.15874E-06 -5.77762E-01
4.93333E+01 -5.80000E-01 -1.17579E-06 -5.79741E-01
4.94000E+01 -5.82000E-01 -1.18055E-06 -5.81720E-01
4.94667E+01 -5.84000E-01 -1.17195E-06 -5.83699E-01
4.95333E+01 -5.86000E-01 -1.17809E-06 -5.85678E-01
4.96000E+01 -5.88000E-01 -1.18040E-06 -5.87809E-01
4.96667E+01 -5.90000E-01 -1.16934E-06 -5.89788E-01
4.97333E+01 -5.92000E-01 -1.18178E-06 -5.91767E-01
4.98000E+01 -5.94000E-01 -1.18393E-06 -5.93746E-01
4.98667E+01 -5.96000E-01 -1.17179E-06 -5.95724E-01
4.99333E+01 -5.98000E-01 -1.18807E-06 -5.97703E-01
5.00000E+01 -6.00000E-01 -1.18900E-06 -5.99834E-01
5.00667E+01 -6.02000E-01 -1.17748E-06 -6.01813E-01
5.01333E+01 -6.04000E-01 -1.19191E-06 -6.03792E-01
5.02000E+01 -6.06000E-01 -1.19468E-06 -6.05771E-01
5.02667E+01 -6.08000E-01 -1.18393E-06 -6.07750E-01
5.03333E+01 -6.10000E-01 -1.19652E-06 -6.09729E-01
5.04000E+01 -6.12000E-01 -1.19591E-06 -6.11708E-01
5.04667E+01 -6.14000E-01 -1.17855E-06 -6.13687E-01
5.05333E+01 -6.16000E-01 -1.19760E-06 -6.15665E-01
5.06000E+01 -6.18000E-01 -1.19975E-06 -6.17797E-01
5.06667E+01 -6.20000E-01 -1.18393E-06 -6.19775E-01
5.07333E+01 -6.22000E-01 -1.20328E-06 -6.21754E-01
5.08000E+01 -6.24000E-01 -1.20712E-06 -6.23885E-01
5.08667E+01 -6.26000E-01 -1.19237E-06 -6.25864E-01
5.09333E+01 -6.28000E-01 -1.21065E-06 -6.27843E-01
5.10000E+01 -6.30000E-01 -1.21372E-06 -6.29822E-01
5.10667E+01 -6.32000E-01 -1.19514E-06 -6.31801E-01
5.11333E+01 -6.34000E-01 -1.21357E-06 -6.33780E-01
5.12000E+01 -6.36000E-01 -1.21848E-06 -6.35759E-01
5.12667E+01 -6.38000E-01 -1.20005E-06 -6.37890E-01
5.13333E+01 -6.40000E-01 -1.22017E-06 -6.39869E-01
5.14000E+01 -6.42000E-01 -1.22340E-06 -6.41695E-01
5.14667E+01 -6.44000E-01 -1.21065E-06 -6.43522E-01
5.15333E+01 -6.46000E-01 -1.22616E-06 -6.45501E-01
5.16000E+01 -6.48000E-01 -1.23476E-06 -6.47632E-01
5.16667E+01 -6.50000E-01 -1.22140E-06 -6.49611E-01
5.17333E+01 -6.52000E-01 -1.23661E-06 -6.51590E-01
5.18000E+01 -6.54000E-01 -1.24290E-06 -6.53568E-01
5.18667E+01 -6.56000E-01 -1.23277E-06 -6.55547E-01
5.19333E+01 -6.58000E-01 -1.24336E-06 -6.57526E-01
5.20000E+01 -6.60000E-01 -1.24951E-06 -6.59657E-01
5.20667E+01 -6.62000E-01 -1.24367E-06 -6.61636E-01
5.21333E+01 -6.64000E-01 -1.25304E-06 -6.63615E-01
5.22000E+01 -6.66000E-01 -1.26087E-06 -6.65594E-01
5.22667E+01 -6.68000E-01 -1.26471E-06 -6.67725E-01
5.23333E+01 -6.70000E-01 -1.25949E-06 -6.69704E-01
5.24000E+01 -6.72000E-01 -1.27285E-06 -6.71531E-01
5.24667E+01 -6.74000E-01 -1.28114E-06 -6.73662E-01
5.25333E+01 -6.76000E-01 -1.27024E-06 -6.75640E-01
5.26000E+01 -6.78000E-01 -1.28084E-06 -6.77619E-01
5.26667E+01 -6.80000E-01 -1.30188E-06 -6.79598E-01
5.27333E+01 -6.82000E-01 -1.28114E-06 -6.81577E-01
5.28000E+01 -6.84000E-01 -1.29297E-06 -6.83556E-01
5.28667E+01 -6.86000E-01 -1.32660E-06 -6.85687E-01
5.29333E+01 -6.88000E-01 -1.29251E-06 -6.87666E-01
5.30000E+01 -6.90000E-01 -1.30695E-06 -6.89645E-01
5.30667E+01 -6.92000E-01 -1.34565E-06 -6.91624E-01
5.31333E+01 -6.94000E-01 -1.30664E-06 -6.93603E-01
5.32000E+01 -6.96000E-01 -1.32200E-06 -6.95581E-01
5.32667E+01 -6.98000E-01 -1.35609E-06 -6.97713E-01
