time/s      E/V        I/A
0.00000E+00 -7.00000E-01 -1.13156E-06 -6.99691E-01
6.66667E-02 -6.98000E-01 -8.95811E-07 -6.97713E-01
1.33333E-01 -6.96000E-01 -8.36682E-07 -6.95734E-01
2.00000E-01 -6.94000E-01 -7.93373E-07 -6.93755E-01
2.66667E-01 -6.92000E-01 -7.61735E-07 -6.91776E-01
3.33333E-01 -6.90000E-01 -7.43152E-07 -6.89797E-01
4.00000E-01 -6.88000E-01 -7.19193E-07 -6.87818E-01
4.66667E-01 -6.86000E-01 -6.98460E-07 -6.85687E-01
5.33333E-01 -6.84000E-01 -6.92931E-07 -6.83708E-01
6.00000E-01 -6.82000E-01 -6.71276E-07 -6.81729E-01
6.66667E-01 -6.80000E-01 -6.54536E-07 -6.79750E-01
7.33333E-01 -6.78000E-01 -6.49314E-07 -6.77772E-01
8.00000E-01 -6.76000E-01 -6.33342E-07 -6.75793E-01
8.66667E-01 -6.74000E-01 -6.18598E-07 -6.73662E-01
9.33333E-01 -6.72000E-01 -6.11380E-07 -6.71683E-01
1.00000E+00 -6.70000E-01 -6.00168E-07 -6.69856E-01
1.06667E+00 -6.68000E-01 -5.86807E-07 -6.67725E-01
1.13333E+00 -6.66000E-01 -5.81892E-07 -6.65746E-01
1.20000E+00 -6.64000E-01 -5.71910E-07 -6.63767E-01
1.26667E+00 -6.62000E-01 -5.61620E-07 -6.61788E-01
1.33333E+00 -6.60000E-01 -5.57780E-07 -6.59657E-01
1.40000E+00 -6.58000E-01 -5.43344E-07 -6.57678E-01
1.46667E+00 -6.56000E-01 -5.41808E-07 -6.55700E-01
1.53333E+00 -6.54000E-01 -5.35511E-07 -6.53721E-01
1.60000E+00 -6.52000E-01 -5.21842E-07 -6.51590E-01
1.66667E+00 -6.50000E-01 -5.12167E-07 -6.49763E-01
1.73333E+00 -6.48000E-01 -5.10938E-07 -6.47632E-01
1.80000E+00 -6.46000E-01 -5.02031E-07 -6.45653E-01
1.86667E+00 -6.44000E-01 -4.94198E-07 -6.43674E-01
1.93333E+00 -6.42000E-01 -4.93584E-07 -6.41847E-01
2.00000E+00 -6.40000E-01 -4.81451E-07 -6.40021E-01
2.06667E+00 -6.38000E-01 -4.81144E-07 -6.37890E-01
2.13333E+00 -6.36000E-01 -4.82219E-07 -6.35911E-01
2.20000E+00 -6.34000E-01 -4.63021E-07 -6.33932E-01
2.26667E+00 -6.32000E-01 -4.63635E-07 -6.31953E-01
2.33333E+00 -6.30000E-01 -4.58414E-07 -6.29974E-01
2.40000E+00 -6.28000E-01 -4.48124E-07 -6.27995E-01
2.46667E+00 -6.26000E-01 -4.41213E-07 -6.26016E-01
2.53333E+00 -6.24000E-01 -4.39831E-07 -6.23885E-01
2.60000E+00 -6.22000E-01 -4.30769E-07 -6.21906E-01
2.66667E+00 -6.20000E-01 -4.29541E-07 -6.19928E-01
2.73333E+00 -6.18000E-01 -4.25394E-07 -6.17949E-01
2.80000E+00 -6.16000E-01 -4.15258E-07 -6.15818E-01
2.86667E+00 -6.14000E-01 -4.19404E-07 -6.13839E-01
2.93333E+00 -6.12000E-01 -4.16333E-07 -6.11860E-01
3.00000E+00 -6.10000E-01 -4.00668E-07 -6.09881E-01
3.06667E+00 -6.08000E-01 -4.04200E-07 -6.07902E-01
3.13333E+00 -6.06000E-01 -4.01589E-07 -6.05771E-01
3.20000E+00 -6.04000E-01 -3.90685E-07 -6.03792E-01
3.26667E+00 -6.02000E-01 -3.88688E-07 -6.01966E-01
3.33333E+00 -6.00000E-01 -3.89610E-07 -5.99834E-01
3.40000E+00 -5.98000E-01 -3.75788E-07 -5.97856E-01
3.46667E+00 -5.96000E-01 -3.74405E-07 -5.95877E-01
3.53333E+00 -5.94000E-01 -3.75634E-07 -5.93898E-01
3.60000E+00 -5.92000E-01 -3.65958E-07 -5.91919E-01
3.66667E+00 -5.90000E-01 -3.65498E-07 -5.89940E-01
3.73333E+00 -5.88000E-01 -3.63808E-07 -5.87961E-01
3.80000E+00 -5.86000E-01 -3.58587E-07 -5.85830E-01
3.86667E+00 -5.84000E-01 -3.55208E-07 -5.83851E-01
3.93333E+00 -5.82000E-01 -3.49986E-07 -5.81872E-01
4.00000E+00 -5.80000E-01 -3.46607E-07 -5.79741E-01
4.06667E+00 -5.78000E-01 -3.38775E-07 -5.77762E-01
4.13333E+00 -5.76000E-01 -3.39389E-07 -5.75784E-01
4.20000E+00 -5.74000E-01 -3.37085E-07 -5.73805E-01
4.26667E+00 -5.72000E-01 -3.29099E-07 -5.71826E-01
4.33333E+00 -5.70000E-01 -3.26949E-07 -5.69847E-01
4.40000E+00 -5.68000E-01 -3.27410E-07 -5.67868E-01
4.46667E+00 -5.66000E-01 -3.19577E-07 -5.65737E-01
4.53333E+00 -5.64000E-01 -3.19577E-07 -5.63758E-01
4.60000E+00 -5.62000E-01 -3.17888E-07 -5.61931E-01
4.66667E+00 -5.60000E-01 -3.08366E-07 -5.59953E-01
4.73333E+00 -5.58000E-01 -3.07751E-07 -5.57821E-01
4.80000E+00 -5.56000E-01 -3.07598E-07 -5.55843E-01
4.86667E+00 -5.54000E-01 -2.94236E-07 -5.53864E-01
4.93333E+00 -5.52000E-01 -2.98076E-07 -5.51885E-01
5.00000E+00 -5.50000E-01 -2.98076E-07 -5.49906E-01
5.06667E+00 -5.48000E-01 -2.85789E-07 -5.47927E-01
5.13333E+00 -5.46000E-01 -2.89475E-07 -5.45796E-01
5.20000E+00 -5.44000E-01 -2.89015E-07 -5.43817E-01
5.26667E+00 -5.42000E-01 -2.76421E-07 -5.41838E-01
5.33333E+00 -5.40000E-01 -2.78418E-07 -5.39859E-01
5.40000E+00 -5.38000E-01 -2.76728E-07 -5.37728E-01
5.46667E+00 -5.36000E-01 -2.63827E-07 -5.35749E-01
5.53333E+00 -5.34000E-01 -2.66131E-07 -5.33771E-01
5.60000E+00 -5.32000E-01 -2.64442E-07 -5.31792E-01
5.66667E+00 -5.30000E-01 -2.55227E-07 -5.29813E-01
5.73333E+00 -5.28000E-01 -2.57223E-07 -5.27834E-01
5.80000E+00 -5.26000E-01 -2.52462E-07 -5.25855E-01
5.86667E+00 -5.24000E-01 -2.50619E-07 -5.23876E-01
5.93333E+00 -5.22000E-01 -2.43555E-07 -5.21897E-01
6.00000E+00 -5.20000E-01 -2.46166E-07 -5.19766E-01
6.06667E+00 -5.18000E-01 -2.37719E-07 -5.17787E-01
6.13333E+00 -5.16000E-01 -2.37719E-07 -5.15808E-01
6.20000E+00 -5.14000E-01 -2.34033E-07 -5.13830E-01
6.26667E+00 -5.12000E-01 -2.24357E-07 -5.11851E-01
6.33333E+00 -5.10000E-01 -2.27582E-07 -5.09872E-01
6.40000E+00 -5.08000E-01 -2.19443E-07 -5.07741E-01
6.46667E+00 -5.06000E-01 -2.11917E-07 -5.05762E-01
6.53333E+00 -5.04000E-01 -2.13453E-07 -5.03783E-01
6.60000E+00 -5.02000E-01 -2.14221E-07 -5.01804E-01
6.66667E+00 -5.00000E-01 -2.06542E-07 -4.99673E-01
6.73333E+00 -4.98000E-01 -2.07771E-07 -4.97694E-01
6.80000E+00 -4.96000E-01 -2.07771E-07 -4.95715E-01
6.86667E+00 -4.94000E-01 -1.95331E-07 -4.93736E-01
6.93333E+00 -4.92000E-01 -2.01474E-07 -4.91758E-01
7.00000E+00 -4.90000E-01 -2.12532E-07 -4.89779E-01
7.06667E+00 -4.88000E-01 -1.81048E-07 -4.87648E-01
7.13333E+00 -4.86000E-01 -1.86423E-07 -4.85669E-01
7.20000E+00 -4.84000E-01 -1.85655E-07 -4.83994E-01
7.26667E+00 -4.82000E-01 -1.69529E-07 -4.81863E-01
7.33333E+00 -4.80000E-01 -1.79051E-07 -4.79884E-01
7.40000E+00 -4.78000E-01 -1.82123E-07 -4.77905E-01
7.46667E+00 -4.76000E-01 -1.64154E-07 -4.75927E-01
7.53333E+00 -4.74000E-01 -1.69375E-07 -4.73948E-01
7.60000E+00 -4.72000E-01 -1.69529E-07 -4.71969E-01
7.66667E+00 -4.70000E-01 -1.52482E-07 -4.69990E-01
7.73333E+00 -4.68000E-01 -1.59700E-07 -4.67859E-01
7.80000E+00 -4.66000E-01 -1.54478E-07 -4.65880E-01
7.86667E+00 -4.64000E-01 -1.40963E-07 -4.63901E-01
7.93333E+00 -4.62000E-01 -1.62004E-07 -4.61922E-01
8.00000E+00 -4.60000E-01 -1.45878E-07 -4.59791E-01
8.06667E+00 -4.58000E-01 -1.31748E-07 -4.57812E-01
8.13333E+00 -4.56000E-01 -1.39888E-07 -4.55833E-01
8.20000E+00 -4.54000E-01 -1.38506E-07 -4.53855E-01
8.26667E+00 -4.52000E-01 -1.21919E-07 -4.51876E-01
8.33333E+00 -4.50000E-01 -1.31902E-07 -4.49897E-01
8.40000E+00 -4.48000E-01 -1.28370E-07 -4.47766E-01
8.46667E+00 -4.46000E-01 -1.15315E-07 -4.45939E-01
8.53333E+00 -4.44000E-01 -1.19615E-07 -4.43960E-01
8.60000E+00 -4.42000E-01 -1.15930E-07 -4.41829E-01
8.66667E+00 -4.40000E-01 -1.09786E-07 -4.39850E-01
8.73333E+00 -4.38000E-01 -1.13165E-07 -4.37871E-01
8.80000E+00 -4.36000E-01 -1.08558E-07 -4.35892E-01
8.86667E+00 -4.34000E-01 -9.91892E-08 -4.33914E-01
8.93333E+00 -4.32000E-01 -1.04257E-07 -4.31935E-01
9.00000E+00 -4.30000E-01 -9.88821E-08 -4.29956E-01
9.06667E+00 -4.28000E-01 -8.95137E-08 -4.27825E-01
9.13333E+00 -4.26000E-01 -9.41211E-08 -4.25846E-01
9.20000E+00 -4.24000E-01 -9.04352E-08 -4.23867E-01
9.26667E+00 -4.22000E-01 -8.85922E-08 -4.21736E-01
9.33333E+00 -4.20000E-01 -8.16811E-08 -4.19757E-01
9.40000E+00 -4.18000E-01 -7.78416E-08 -4.17778E-01
9.46667E+00 -4.16000E-01 -8.27561E-08 -4.15952E-01
9.53333E+00 -4.14000E-01 -6.92411E-08 -4.13820E-01
9.60000E+00 -4.12000E-01 -6.97018E-08 -4.11842E-01
9.66667E+00 -4.10000E-01 -7.18519E-08 -4.09863E-01
9.73333E+00 -4.08000E-01 -6.04870E-08 -4.07732E-01
9.80000E+00 -4.06000E-01 -5.94119E-08 -4.05905E-01
9.86667E+00 -4.04000E-01 -6.12549E-08 -4.03926E-01
9.93333E+00 -4.02000E-01 -4.78934E-08 -4.01795E-01
1.00000E+01 -4.00000E-01 -4.85077E-08 -3.99816E-01
1.00667E+01 -3.98000E-01 -4.60504E-08 -3.97837E-01
1.01333E+01 -3.96000E-01 -3.52998E-08 -3.95858E-01
1.02000E+01 -3.94000E-01 -3.51462E-08 -3.93879E-01
1.02667E+01 -3.92000E-01 -3.28425E-08 -3.91901E-01
1.03333E+01 -3.90000E-01 -2.19383E-08 -3.89922E-01
1.04000E+01 -3.88000E-01 -2.59314E-08 -3.87791E-01
1.04667E+01 -3.86000E-01 -2.04025E-08 -3.85812E-01
1.05333E+01 -3.84000E-01 -1.45664E-08 -3.83833E-01
1.06000E+01 -3.82000E-01 -1.34914E-08 -3.81854E-01
1.06667E+01 -3.80000E-01 -6.11953E-09 -3.79723E-01
1.07333E+01 -3.78000E-01 2.94171E-09  -3.77896E-01
1.08000E+01 -3.76000E-01 -2.83474E-10 -3.75765E-01
1.08667E+01 -3.74000E-01 7.39554E-09  -3.73786E-01
1.09333E+01 -3.72000E-01 1.55353E-08  -3.71807E-01
1.10000E+01 -3.70000E-01 1.30780E-08  -3.69829E-01
1.10667E+01 -3.68000E-01 2.12178E-08  -3.67850E-01
1.11333E+01 -3.66000E-01 3.05862E-08  -3.65871E-01
1.12000E+01 -3.64000E-01 2.12178E-08  -3.63740E-01
1.12667E+01 -3.62000E-01 3.48864E-08  -3.61761E-01
1.13333E+01 -3.60000E-01 4.11832E-08  -3.59782E-01
1.14000E+01 -3.58000E-01 3.59615E-08  -3.57803E-01
1.14667E+01 -3.56000E-01 4.60978E-08  -3.55824E-01
1.15333E+01 -3.54000E-01 5.82307E-08  -3.53845E-01
1.16000E+01 -3.52000E-01 5.27018E-08  -3.51714E-01
1.16667E+01 -3.50000E-01 6.32988E-08  -3.49735E-01
1.17333E+01 -3.48000E-01 7.28208E-08  -3.47757E-01
1.18000E+01 -3.46000E-01 6.83670E-08  -3.45778E-01
1.18667E+01 -3.44000E-01 7.78889E-08  -3.43647E-01
1.19333E+01 -3.42000E-01 9.15576E-08  -3.41668E-01
1.20000E+01 -3.40000E-01 8.20356E-08  -3.39689E-01
1.20667E+01 -3.38000E-01 9.29398E-08  -3.37710E-01
1.21333E+01 -3.36000E-01 1.07837E-07  -3.35731E-01
1.22000E+01 -3.34000E-01 9.89295E-08  -3.33752E-01
1.22667E+01 -3.32000E-01 1.08144E-07  -3.31773E-01
1.23333E+01 -3.30000E-01 1.26267E-07  -3.29642E-01
1.24000E+01 -3.28000E-01 1.17206E-07  -3.27816E-01
1.24667E+01 -3.26000E-01 1.27803E-07  -3.25837E-01
1.25333E+01 -3.24000E-01 1.40089E-07  -3.23858E-01
1.26000E+01 -3.22000E-01 1.35789E-07  -3.21727E-01
1.26667E+01 -3.20000E-01 1.46232E-07  -3.19748E-01
1.27333E+01 -3.18000E-01 1.56061E-07  -3.17769E-01
1.28000E+01 -3.16000E-01 1.53911E-07  -3.15790E-01
1.28667E+01 -3.14000E-01 1.62665E-07  -3.13811E-01
1.29333E+01 -3.12000E-01 1.78791E-07  -3.11832E-01
1.30000E+01 -3.10000E-01 1.71266E-07  -3.09701E-01
1.30667E+01 -3.08000E-01 1.84320E-07  -3.07722E-01
1.31333E+01 -3.06000E-01 2.01368E-07  -3.05744E-01
1.32000E+01 -3.04000E-01 1.92153E-07  -3.03765E-01
1.32667E+01 -3.02000E-01 2.05514E-07  -3.01634E-01
1.33333E+01 -3.00000E-01 2.15804E-07  -2.99807E-01
1.34000E+01 -2.98000E-01 2.17954E-07  -2.97676E-01
1.34667E+01 -2.96000E-01 2.25940E-07  -2.95697E-01
1.35333E+01 -2.94000E-01 2.37766E-07  -2.93718E-01
1.36000E+01 -2.92000E-01 2.39916E-07  -2.91739E-01
1.36667E+01 -2.90000E-01 2.50513E-07  -2.89760E-01
1.37333E+01 -2.88000E-01 2.60957E-07  -2.87781E-01
1.38000E+01 -2.86000E-01 2.62953E-07  -2.85650E-01
1.38667E+01 -2.84000E-01 2.78158E-07  -2.83672E-01
1.39333E+01 -2.82000E-01 2.87526E-07  -2.81693E-01
1.40000E+01 -2.80000E-01 2.91519E-07  -2.79714E-01
1.40667E+01 -2.78000E-01 3.02731E-07  -2.77735E-01
1.41333E+01 -2.76000E-01 3.07031E-07  -2.75756E-01
1.42000E+01 -2.74000E-01 3.24539E-07  -2.73777E-01
1.42667E+01 -2.72000E-01 3.29761E-07  -2.71646E-01
1.43333E+01 -2.70000E-01 3.35290E-07  -2.69667E-01
1.44000E+01 -2.68000E-01 3.51416E-07  -2.67688E-01
1.44667E+01 -2.66000E-01 3.62627E-07  -2.65709E-01
1.45333E+01 -2.64000E-01 3.69077E-07  -2.63578E-01
1.46000E+01 -2.62000E-01 3.85818E-07  -2.61599E-01
1.46667E+01 -2.60000E-01 3.97183E-07  -2.59773E-01
1.47333E+01 -2.58000E-01 4.05783E-07  -2.57642E-01
1.48000E+01 -2.56000E-01 4.20373E-07  -2.55663E-01
1.48667E+01 -2.54000E-01 4.25288E-07  -2.53684E-01
1.49333E+01 -2.52000E-01 4.43257E-07  -2.51705E-01
1.50000E+01 -2.50000E-01 4.56925E-07  -2.49726E-01
1.50667E+01 -2.48000E-01 4.67830E-07  -2.47747E-01
1.51333E+01 -2.46000E-01 4.83341E-07  -2.45616E-01
1.52000E+01 -2.44000E-01 4.91634E-07  -2.43637E-01
1.52667E+01 -2.42000E-01 5.07146E-07  -2.41659E-01
1.53333E+01 -2.40000E-01 5.25115E-07  -2.39832E-01
1.54000E+01 -2.38000E-01 5.37401E-07  -2.37701E-01
1.54667E+01 -2.36000E-01 5.51070E-07  -2.35722E-01
1.55333E+01 -2.34000E-01 5.67350E-07  -2.33743E-01
1.56000E+01 -2.32000E-01 5.81940E-07  -2.31612E-01
1.56667E+01 -2.30000E-01 5.93919E-07  -2.29633E-01
1.57333E+01 -2.28000E-01 6.12502E-07  -2.27654E-01
1.58000E+01 -2.26000E-01 6.25249E-07  -2.25675E-01
1.58667E+01 -2.24000E-01 6.36154E-07  -2.23696E-01
1.59333E+01 -2.22000E-01 6.54890E-07  -2.21718E-01
1.60000E+01 -2.20000E-01 6.71784E-07  -2.19739E-01
1.60667E+01 -2.18000E-01 6.85453E-07  -2.17608E-01
1.61333E+01 -2.16000E-01 7.03575E-07  -2.15629E-01
1.62000E+01 -2.14000E-01 7.23080E-07  -2.13650E-01
1.62667E+01 -2.12000E-01 7.35213E-07  -2.11671E-01
1.63333E+01 -2.10000E-01 7.53489E-07  -2.09692E-01
1.64000E+01 -2.08000E-01 7.73608E-07  -2.07713E-01
1.64667E+01 -2.06000E-01 7.85895E-07  -2.05582E-01
1.65333E+01 -2.04000E-01 8.00485E-07  -2.03603E-01
1.66000E+01 -2.02000E-01 8.27515E-07  -2.01624E-01
1.66667E+01 -2.00000E-01 8.32737E-07  -1.99646E-01
1.67333E+01 -1.98000E-01 8.59920E-07  -1.97667E-01
1.68000E+01 -1.96000E-01 8.74664E-07  -1.95688E-01
1.68667E+01 -1.94000E-01 8.83879E-07  -1.93557E-01
1.69333E+01 -1.92000E-01 9.01848E-07  -1.91578E-01
1.70000E+01 -1.90000E-01 9.25192E-07  -1.89599E-01
1.70667E+01 -1.88000E-01 9.29953E-07  -1.87620E-01
1.71333E+01 -1.86000E-01 9.48843E-07  -1.85489E-01
1.72000E+01 -1.84000E-01 9.70498E-07  -1.83510E-01
1.72667E+01 -1.82000E-01 9.71727E-07  -1.81683E-01
1.73333E+01 -1.80000E-01 9.86778E-07  -1.79552E-01
1.74000E+01 -1.78000E-01 1.00797E-06  -1.77574E-01
1.74667E+01 -1.76000E-01 1.00874E-06  -1.75595E-01
1.75333E+01 -1.74000E-01 1.02318E-06  -1.73616E-01
1.76000E+01 -1.72000E-01 1.04053E-06  -1.71789E-01
1.76667E+01 -1.70000E-01 1.04161E-06  -1.69810E-01
1.77333E+01 -1.68000E-01 1.05190E-06  -1.67831E-01
1.78000E+01 -1.66000E-01 1.06864E-06  -1.65700E-01
1.78667E+01 -1.64000E-01 1.05927E-06  -1.63721E-01
1.79333E+01 -1.62000E-01 1.07678E-06  -1.61895E-01
1.80000E+01 -1.60000E-01 1.08369E-06  -1.59764E-01
1.80667E+01 -1.58000E-01 1.07509E-06  -1.57785E-01
1.81333E+01 -1.56000E-01 1.08860E-06  -1.55806E-01
1.82000E+01 -1.54000E-01 1.09521E-06  -1.53827E-01
1.82667E+01 -1.52000E-01 1.08676E-06  -1.51696E-01
1.83333E+01 -1.50000E-01 1.09628E-06  -1.49717E-01
1.84000E+01 -1.48000E-01 1.10258E-06  -1.47738E-01
1.84667E+01 -1.46000E-01 1.09213E-06  -1.45759E-01
1.85333E+01 -1.44000E-01 1.09966E-06  -1.43780E-01
1.86000E+01 -1.42000E-01 1.10135E-06  -1.41802E-01
1.86667E+01 -1.40000E-01 1.09444E-06  -1.39823E-01
1.87333E+01 -1.38000E-01 1.10196E-06  -1.37692E-01
1.88000E+01 -1.36000E-01 1.08983E-06  -1.35713E-01
1.88667E+01 -1.34000E-01 1.09075E-06  -1.33734E-01
1.89333E+01 -1.32000E-01 1.09444E-06  -1.31755E-01
1.90000E+01 -1.30000E-01 1.08015E-06  -1.29776E-01
1.90667E+01 -1.28000E-01 1.08568E-06  -1.27645E-01
1.91333E+01 -1.26000E-01 1.08922E-06  -1.25666E-01
1.92000E+01 -1.24000E-01 1.07770E-06  -1.23840E-01
1.92667E+01 -1.22000E-01 1.08092E-06  -1.21708E-01
1.93333E+01 -1.20000E-01 1.08031E-06  -1.19730E-01
1.94000E+01 -1.18000E-01 1.06771E-06  -1.17751E-01
1.94667E+01 -1.16000E-01 1.07125E-06  -1.15772E-01
1.95333E+01 -1.14000E-01 1.07201E-06  -1.13641E-01
1.96000E+01 -1.12000E-01 1.05696E-06  -1.11662E-01
1.96667E+01 -1.10000E-01 1.06280E-06  -1.09683E-01
1.97333E+01 -1.08000E-01 1.06188E-06  -1.07704E-01
1.98000E+01 -1.06000E-01 1.05435E-06  -1.05573E-01
1.98667E+01 -1.04000E-01 1.05174E-06  -1.03746E-01
1.99333E+01 -1.02000E-01 1.05420E-06  -1.01615E-01
2.00000E+01 -1.00000E-01 1.04821E-06  -9.96364E-02
2.00667E+01 -9.80000E-02 1.04652E-06  -9.76575E-02
2.01333E+01 -9.60000E-02 1.04437E-06  -9.56786E-02
2.02000E+01 -9.40000E-02 1.04237E-06  -9.36998E-02
2.02667E+01 -9.20000E-02 1.04115E-06  -9.17209E-02
2.03333E+01 -9.00000E-02 1.03454E-06  -8.97420E-02
2.04000E+01 -8.80000E-02 1.03408E-06  -8.76109E-02
2.04667E+01 -8.60000E-02 1.03423E-06  -8.57843E-02
2.05333E+01 -8.40000E-02 1.02655E-06  -8.38054E-02
2.06000E+01 -8.20000E-02 1.02993E-06  -8.18265E-02
2.06667E+01 -8.00000E-02 1.02425E-06  -7.96954E-02
2.07333E+01 -7.80000E-02 1.02517E-06  -7.77166E-02
2.08000E+01 -7.60000E-02 1.02533E-06  -7.57377E-02
2.08667E+01 -7.40000E-02 1.02225E-06  -7.36066E-02
2.09333E+01 -7.20000E-02 1.01842E-06  -7.16277E-02
2.10000E+01 -7.00000E-02 1.02010E-06  -6.96489E-02
2.10667E+01 -6.80000E-02 1.01995E-06  -6.76700E-02
2.11333E+01 -6.60000E-02 1.01427E-06  -6.56911E-02
2.12000E+01 -6.40000E-02 1.01519E-06  -6.37122E-02
2.12667E+01 -6.20000E-02 1.01780E-06  -6.17334E-02
2.13333E+01 -6.00000E-02 1.01028E-06  -5.96023E-02
2.14000E+01 -5.80000E-02 1.01396E-06  -5.76234E-02
2.14667E+01 -5.60000E-02 1.01596E-06  -5.56445E-02
2.15333E+01 -5.40000E-02 1.01335E-06  -5.36657E-02
2.16000E+01 -5.20000E-02 1.01350E-06  -5.16868E-02
2.16667E+01 -5.00000E-02 1.01734E-06  -4.97079E-02
2.17333E+01 -4.80000E-02 1.01243E-06  -4.75768E-02
2.18000E+01 -4.60000E-02 1.01504E-06  -4.57502E-02
2.18667E+01 -4.40000E-02 1.01519E-06  -4.37713E-02
2.19333E+01 -4.20000E-02 1.01135E-06  -4.16402E-02
2.20000E+01 -4.00000E-02 1.01381E-06  -3.96613E-02
2.20667E+01 -3.80000E-02 1.01627E-06  -3.76825E-02
2.21333E+01 -3.60000E-02 1.01335E-06  -3.57036E-02
2.22000E+01 -3.40000E-02 1.01888E-06  -3.35725E-02
2.22667E+01 -3.20000E-02 1.02333E-06  -3.15936E-02
2.23333E+01 -3.00000E-02 1.01826E-06  -2.96147E-02
2.24000E+01 -2.80000E-02 1.02057E-06  -2.76359E-02
2.24667E+01 -2.60000E-02 1.02563E-06  -2.56570E-02
2.25333E+01 -2.40000E-02 1.01888E-06  -2.36781E-02
2.26000E+01 -2.20000E-02 1.02609E-06  -2.15470E-02
2.26667E+01 -2.00000E-02 1.02763E-06  -1.95682E-02
2.27333E+01 -1.80000E-02 1.02533E-06  -1.75893E-02
2.28000E+01 -1.60000E-02 1.02840E-06  -1.59149E-02
2.28667E+01 -1.40000E-02 1.03147E-06  -1.39360E-02
2.29333E+01 -1.20000E-02 1.03086E-06  -1.19571E-02
2.30000E+01 -1.00000E-02 1.03638E-06  -9.82602E-03
2.30667E+01 -8.00000E-03 1.03961E-06  -7.84714E-03
2.31333E+01 -6.00000E-03 1.03884E-06  -5.86827E-03
2.32000E+01 -4.00000E-03 1.04330E-06  -3.88940E-03
2.32667E+01 -2.00000E-03 1.04575E-06  -1.91053E-03
2.33333E+01 1.45825E-17  1.04437E-06  6.83472E-05 
2.34000E+01 2.00000E-03  1.04990E-06  2.19944E-03 
2.34667E+01 4.00000E-03  1.04637E-06  4.17831E-03 
2.35333E+01 6.00000E-03  1.05251E-06  6.15719E-03 
2.36000E+01 8.00000E-03  1.05758E-06  8.13606E-03 
2.36667E+01 1.00000E-02  1.05328E-06  1.02672E-02 
2.37333E+01 1.20000E-02  1.06341E-06  1.20938E-02 
2.38000E+01 1.40000E-02  1.06787E-06  1.42249E-02 
2.38667E+01 1.60000E-02  1.06004E-06  1.62038E-02 
2.39333E+01 1.80000E-02  1.07401E-06  1.81826E-02 
2.40000E+01 2.00000E-02  1.07954E-06  2.01615E-02 
2.40667E+01 2.20000E-02  1.06741E-06  2.21404E-02 
2.41333E+01 2.40000E-02  1.08200E-06  2.41193E-02 
2.42000E+01 2.60000E-02  1.08906E-06  2.62504E-02 
2.42667E+01 2.80000E-02  1.07923E-06  2.82292E-02 
2.43333E+01 3.00000E-02  1.09075E-06  3.02081E-02 
2.44000E+01 3.20000E-02  1.09751E-06  3.21870E-02 
2.44667E+01 3.40000E-02  1.09306E-06  3.41658E-02 
2.45333E+01 3.60000E-02  1.10503E-06  3.61447E-02 
2.46000E+01 3.80000E-02  1.11287E-06  3.81236E-02 
2.46667E+01 4.00000E-02  1.10811E-06  4.02547E-02 
2.47333E+01 4.20000E-02  1.12177E-06  4.22336E-02 
2.48000E+01 4.40000E-02  1.12469E-06  4.42124E-02 
2.48667E+01 4.60000E-02  1.12285E-06  4.63435E-02 
2.49333E+01 4.80000E-02  1.12961E-06  4.83224E-02 
2.50000E+01 5.00000E-02  1.13560E-06  5.03013E-02 
2.50667E+01 5.20000E-02  1.13928E-06  5.21279E-02 
2.51333E+01 5.40000E-02  1.14389E-06  5.42590E-02 
2.52000E+01 5.60000E-02  1.14742E-06  5.62379E-02 
2.52667E+01 5.80000E-02  1.15449E-06  5.82168E-02 
2.53333E+01 6.00000E-02  1.15986E-06  6.01956E-02 
2.54000E+01 6.20000E-02  1.16447E-06  6.21745E-02 
2.54667E+01 6.40000E-02  1.16524E-06  6.41534E-02 
2.55333E+01 6.60000E-02  1.17568E-06  6.61322E-02 
2.56000E+01 6.80000E-02  1.17860E-06  6.82633E-02 
2.56667E+01 7.00000E-02  1.18198E-06  7.00900E-02 
2.57333E+01 7.20000E-02  1.19012E-06  7.20689E-02 
2.58000E+01 7.40000E-02  1.19549E-06  7.42000E-02 
2.58667E+01 7.60000E-02  1.19795E-06  7.61788E-02 
2.59333E+01 7.80000E-02  1.21024E-06  7.81577E-02 
2.60000E+01 8.00000E-02  1.21008E-06  8.01366E-02 
2.60667E+01 8.20000E-02  1.21930E-06  8.22677E-02 
2.61333E+01 8.40000E-02  1.22851E-06  8.42465E-02 
2.62000E+01 8.60000E-02  1.23189E-06  8.62254E-02 
2.62667E+01 8.80000E-02  1.23681E-06  8.82043E-02 
2.63333E+01 9.00000E-02  1.24925E-06  9.01832E-02 
2.64000E+01 9.20000E-02  1.25355E-06  9.21620E-02 
2.64667E+01 9.40000E-02  1.25892E-06  9.41409E-02 
2.65333E+01 9.60000E-02  1.27566E-06  9.62720E-02 
2.66000E+01 9.80000E-02  1.28088E-06  9.82509E-02 
2.66667E+01 1.00000E-01  1.29440E-06  1.00078E-01 
2.67333E+01 9.80000E-02  7.74069E-07  9.84031E-02 
2.68000E+01 9.60000E-02  5.84704E-07  9.64242E-02 
2.68667E+01 9.40000E-02  4.76123E-07  9.44453E-02 
2.69333E+01 9.20000E-02  3.95340E-07  9.23142E-02 
2.70000E+01 9.00000E-02  3.21314E-07  9.03354E-02 
2.70667E+01 8.80000E-02  2.63107E-07  8.83565E-02 
2.71333E+01 8.60000E-02  2.22408E-07  8.63776E-02 
2.72000E+01 8.40000E-02  1.68809E-07  8.43988E-02 
2.72667E+01 8.20000E-02  1.37171E-07  8.24199E-02 
2.73333E+01 8.00000E-02  1.06916E-07  8.02888E-02 
2.74000E+01 7.80000E-02  6.75991E-08  7.83099E-02 
2.74667E+01 7.60000E-02  4.57906E-08  7.63310E-02 
2.75333E+01 7.40000E-02  2.09106E-08  7.42000E-02 
2.76000E+01 7.20000E-02  -1.02662E-08 7.22211E-02 
2.76667E+01 7.00000E-02  -2.28598E-08 7.02422E-02 
2.77333E+01 6.80000E-02  -4.40539E-08 6.82633E-02 
2.78000E+01 6.60000E-02  -6.64766E-08 6.62845E-02 
2.78667E+01 6.40000E-02  -8.15275E-08 6.43056E-02 
2.79333E+01 6.20000E-02  -9.56569E-08 6.23267E-02 
2.80000E+01 6.00000E-02  -1.18694E-07 6.03478E-02 
2.80667E+01 5.80000E-02  -1.28677E-07 5.83690E-02 
2.81333E+01 5.60000E-02  -1.46031E-07 5.63901E-02 
2.82000E+01 5.40000E-02  -1.58164E-07 5.42590E-02 
2.82667E+01 5.20000E-02  -1.67072E-07 5.22801E-02 
2.83333E+01 5.00000E-02  -1.85041E-07 5.04535E-02 
2.84000E+01 4.80000E-02  -1.92259E-07 4.83224E-02 
2.84667E+01 4.60000E-02  -1.98402E-07 4.63435E-02 
2.85333E+01 4.40000E-02  -2.20978E-07 4.43646E-02 
2.86000E+01 4.20000E-02  -2.20671E-07 4.22336E-02 
2.86667E+01 4.00000E-02  -2.26815E-07 4.02547E-02 
2.87333E+01 3.80000E-02  -2.53077E-07 3.82758E-02 
2.88000E+01 3.60000E-02  -2.47548E-07 3.62969E-02 
2.88667E+01 3.40000E-02  -2.52309E-07 3.43181E-02 
2.89333E+01 3.20000E-02  -2.76575E-07 3.21870E-02 
2.90000E+01 3.00000E-02  -2.71046E-07 3.03603E-02 
2.90667E+01 2.80000E-02  -2.73042E-07 2.83814E-02 
2.91333E+01 2.60000E-02  -2.95772E-07 2.62504E-02 
2.92000E+01 2.40000E-02  -2.87940E-07 2.42715E-02 
2.92667E+01 2.20000E-02  -2.95926E-07 2.22926E-02 
2.93333E+01 2.00000E-02  -3.12820E-07 2.03137E-02 
2.94000E+01 1.80000E-02  -3.09287E-07 1.83349E-02 
2.94667E+01 1.60000E-02  -3.09748E-07 1.62038E-02 
2.95333E+01 1.40000E-02  -3.32324E-07 1.42249E-02 
2.96000E+01 1.20000E-02  -3.20652E-07 1.22460E-02 
2.96667E+01 1.00000E-02  -3.29253E-07 1.02672E-02 
2.97333E+01 8.00000E-03  -3.33246E-07 8.28828E-03 
2.98000E+01 6.00000E-03  -3.32631E-07 6.30941E-03 
2.98667E+01 4.00000E-03  -3.60122E-07 4.17831E-03 
2.99333E+01 2.00000E-03  -3.39696E-07 2.19944E-03 
3.00000E+01 1.45825E-17  -3.49525E-07 2.20568E-04 
3.00667E+01 -2.00000E-03 -3.50907E-07 -1.75830E-03
3.01333E+01 -4.00000E-03 -3.59508E-07 -3.73718E-03
3.02000E+01 -6.00000E-03 -3.67341E-07 -5.86827E-03
3.02667E+01 -8.00000E-03 -3.67494E-07 -7.84714E-03
3.03333E+01 -1.00000E-02 -3.78706E-07 -9.67379E-03
3.04000E+01 -1.20000E-02 -3.80702E-07 -1.18049E-02
3.04667E+01 -1.40000E-02 -3.76863E-07 -1.37838E-02
3.05333E+01 -1.60000E-02 -3.86538E-07 -1.57626E-02
3.06000E+01 -1.80000E-02 -3.81624E-07 -1.75893E-02
3.06667E+01 -2.00000E-02 -3.89917E-07 -1.95682E-02
3.07333E+01 -2.20000E-02 -3.96060E-07 -2.15470E-02
3.08000E+01 -2.40000E-02 -3.92989E-07 -2.35259E-02
3.08667E+01 -2.60000E-02 -3.99900E-07 -2.55048E-02
3.09333E+01 -2.80000E-02 -4.05275E-07 -2.74836E-02
3.10000E+01 -3.00000E-02 -4.04968E-07 -2.94625E-02
3.10667E+01 -3.20000E-02 -4.08347E-07 -3.14414E-02
3.11333E+01 -3.40000E-02 -4.13568E-07 -3.34203E-02
3.12000E+01 -3.60000E-02 -4.10497E-07 -3.55514E-02
3.12667E+01 -3.80000E-02 -4.16179E-07 -3.75302E-02
3.13333E+01 -4.00000E-02 -4.20172E-07 -3.95091E-02
3.14000E+01 -4.20000E-02 -4.12954E-07 -4.16402E-02
3.14667E+01 -4.40000E-02 -4.22783E-07 -4.36191E-02
3.15333E+01 -4.60000E-02 -4.26623E-07 -4.55979E-02
3.16000E+01 -4.80000E-02 -4.24165E-07 -4.75768E-02
3.16667E+01 -5.00000E-02 -4.28619E-07 -4.95557E-02
3.17333E+01 -5.20000E-02 -4.33227E-07 -5.15346E-02
3.18000E+01 -5.40000E-02 -4.34455E-07 -5.35134E-02
3.18667E+01 -5.60000E-02 -4.36912E-07 -5.56445E-02
3.19333E+01 -5.80000E-02 -4.42134E-07 -5.76234E-02
3.20000E+01 -6.00000E-02 -4.41059E-07 -5.96023E-02
3.20667E+01 -6.20000E-02 -4.48431E-07 -6.15811E-02
3.21333E+01 -6.40000E-02 -4.50120E-07 -6.35600E-02
3.22000E+01 -6.60000E-02 -4.45513E-07 -6.56911E-02
3.22667E+01 -6.80000E-02 -4.54267E-07 -6.75178E-02
3.23333E+01 -7.00000E-02 -4.58567E-07 -6.94966E-02
3.24000E+01 -7.20000E-02 -4.55189E-07 -7.16277E-02
3.24667E+01 -7.40000E-02 -4.63021E-07 -7.36066E-02
3.25333E+01 -7.60000E-02 -4.71161E-07 -7.55855E-02
3.26000E+01 -7.80000E-02 -4.64864E-07 -7.75643E-02
3.26667E+01 -8.00000E-02 -4.75461E-07 -7.96954E-02
3.27333E+01 -8.20000E-02 -4.79608E-07 -8.16743E-02
3.28000E+01 -8.40000E-02 -4.76997E-07 -8.36532E-02
3.28667E+01 -8.60000E-02 -4.85905E-07 -8.56321E-02
3.29333E+01 -8.80000E-02 -4.85597E-07 -8.76109E-02
3.30000E+01 -9.00000E-02 -4.93276E-07 -8.95898E-02
3.30667E+01 -9.20000E-02 -4.96041E-07 -9.17209E-02
3.31333E+01 -9.40000E-02 -5.01109E-07 -9.36998E-02
3.32000E+01 -9.60000E-02 -5.11553E-07 -9.56786E-02
3.32667E+01 -9.80000E-02 -5.10785E-07 -9.75053E-02
3.33333E+01 -1.00000E-01 -5.17389E-07 -9.96364E-02
3.34000E+01 -1.02000E-01 -5.31825E-07 -1.01615E-01
3.34667E+01 -1.04000E-01 -5.31057E-07 -1.03594E-01
3.35333E+01 -1.06000E-01 -5.32593E-07 -1.05573E-01
3.36000E+01 -1.08000E-01 -5.51176E-07 -1.07552E-01
3.36667E+01 -1.10000E-01 -5.49026E-07 -1.09531E-01
3.37333E+01 -1.12000E-01 -5.51483E-07 -1.11662E-01
3.38000E+01 -1.14000E-01 -5.73445E-07 -1.13641E-01
3.38667E+01 -1.16000E-01 -5.67763E-07 -1.15620E-01
3.39333E+01 -1.18000E-01 -5.73906E-07 -1.17598E-01
3.40000E+01 -1.20000E-01 -5.95100E-07 -1.19577E-01
3.40667E+01 -1.22000E-01 -5.95868E-07 -1.21708E-01
3.41333E+01 -1.24000E-01 -5.99861E-07 -1.23687E-01
3.42000E+01 -1.26000E-01 -6.22130E-07 -1.25666E-01
3.42667E+01 -1.28000E-01 -6.19980E-07 -1.27645E-01
3.43333E+01 -1.30000E-01 -6.28734E-07 -1.29624E-01
3.44000E+01 -1.32000E-01 -6.50236E-07 -1.31603E-01
3.44667E+01 -1.34000E-01 -6.47625E-07 -1.33734E-01
3.45333E+01 -1.36000E-01 -6.59758E-07 -1.35713E-01
3.46000E+01 -1.38000E-01 -6.78802E-07 -1.37692E-01
3.46667E+01 -1.40000E-01 -6.80798E-07 -1.39670E-01
3.47333E+01 -1.42000E-01 -6.96156E-07 -1.41649E-01
3.48000E+01 -1.44000E-01 -7.16429E-07 -1.43628E-01
3.48667E+01 -1.46000E-01 -7.19961E-07 -1.45607E-01
3.49333E+01 -1.48000E-01 -7.55438E-07 -1.47586E-01
3.50000E+01 -1.50000E-01 -7.56053E-07 -1.49717E-01
3.50667E+01 -1.52000E-01 -7.62349E-07 -1.51696E-01
3.51333E+01 -1.54000E-01 -7.80779E-07 -1.53675E-01
3.52000E+01 -1.56000E-01 -7.98441E-07 -1.55654E-01
3.52667E+01 -1.58000E-01 -8.04123E-07 -1.57785E-01
3.53333E+01 -1.60000E-01 -8.20710E-07 -1.59764E-01
3.54000E+01 -1.62000E-01 -8.40368E-07 -1.61743E-01
3.54667E+01 -1.64000E-01 -8.46358E-07 -1.63721E-01
3.55333E+01 -1.66000E-01 -8.66630E-07 -1.65700E-01
3.56000E+01 -1.68000E-01 -8.93046E-07 -1.67679E-01
3.56667E+01 -1.70000E-01 -8.95811E-07 -1.69658E-01
3.57333E+01 -1.72000E-01 -9.15930E-07 -1.71789E-01
3.58000E+01 -1.74000E-01 -9.38199E-07 -1.73616E-01
3.58667E+01 -1.76000E-01 -9.43421E-07 -1.75442E-01
3.59333E+01 -1.78000E-01 -9.60622E-07 -1.77421E-01
3.60000E+01 -1.80000E-01 -9.79819E-07 -1.79552E-01
3.60667E+01 -1.82000E-01 -9.84580E-07 -1.81531E-01
3.61333E+01 -1.84000E-01 -1.00716E-06 -1.83510E-01
3.62000E+01 -1.86000E-01 -1.02482E-06 -1.85489E-01
3.62667E+01 -1.88000E-01 -1.02774E-06 -1.87468E-01
3.63333E+01 -1.90000E-01 -1.05338E-06 -1.89447E-01
3.64000E+01 -1.92000E-01 -1.06905E-06 -1.91578E-01
3.64667E+01 -1.94000E-01 -1.06966E-06 -1.93557E-01
3.65333E+01 -1.96000E-01 -1.09378E-06 -1.95536E-01
3.66000E+01 -1.98000E-01 -1.11036E-06 -1.97514E-01
3.66667E+01 -2.00000E-01 -1.11006E-06 -1.99646E-01
3.67333E+01 -2.02000E-01 -1.12987E-06 -2.01624E-01
3.68000E+01 -2.04000E-01 -1.14753E-06 -2.03451E-01
3.68667E+01 -2.06000E-01 -1.14999E-06 -2.05582E-01
3.69333E+01 -2.08000E-01 -1.17087E-06 -2.07561E-01
3.70000E+01 -2.10000E-01 -1.18669E-06 -2.09540E-01
3.70667E+01 -2.12000E-01 -1.18976E-06 -2.11519E-01
3.71333E+01 -2.14000E-01 -1.21173E-06 -2.13498E-01
3.72000E+01 -2.16000E-01 -1.23215E-06 -2.15477E-01
3.72667E+01 -2.18000E-01 -1.23538E-06 -2.17608E-01
3.73333E+01 -2.20000E-01 -1.25565E-06 -2.19586E-01
3.74000E+01 -2.22000E-01 -1.27331E-06 -2.21565E-01
3.74667E+01 -2.24000E-01 -1.27730E-06 -2.23544E-01
3.75333E+01 -2.26000E-01 -1.29742E-06 -2.25523E-01
3.76000E+01 -2.28000E-01 -1.31785E-06 -2.27654E-01
3.76667E+01 -2.30000E-01 -1.32845E-06 -2.29633E-01
3.77333E+01 -2.32000E-01 -1.34565E-06 -2.31612E-01
3.78000E+01 -2.34000E-01 -1.36423E-06 -2.33591E-01
3.78667E+01 -2.36000E-01 -1.38312E-06 -2.35570E-01
3.79333E+01 -2.38000E-01 -1.39372E-06 -2.37701E-01
3.80000E+01 -2.40000E-01 -1.41676E-06 -2.39680E-01
3.80667E+01 -2.42000E-01 -1.43734E-06 -2.41659E-01
3.81333E+01 -2.44000E-01 -1.44931E-06 -2.43637E-01
3.82000E+01 -2.46000E-01 -1.47327E-06 -2.45616E-01
3.82667E+01 -2.48000E-01 -1.48848E-06 -2.47595E-01
3.83333E+01 -2.50000E-01 -1.49600E-06 -2.49574E-01
3.84000E+01 -2.52000E-01 -1.51489E-06 -2.51553E-01
3.84667E+01 -2.54000E-01 -1.54546E-06 -2.53532E-01
3.85333E+01 -2.56000E-01 -1.54484E-06 -2.55511E-01
3.86000E+01 -2.58000E-01 -1.56450E-06 -2.57642E-01
3.86667E+01 -2.60000E-01 -1.59107E-06 -2.59621E-01
3.87333E+01 -2.62000E-01 -1.59199E-06 -2.61599E-01
3.88000E+01 -2.64000E-01 -1.61165E-06 -2.63578E-01
3.88667E+01 -2.66000E-01 -1.63423E-06 -2.65557E-01
3.89333E+01 -2.68000E-01 -1.62946E-06 -2.67536E-01
3.90000E+01 -2.70000E-01 -1.64482E-06 -2.69515E-01
3.90667E+01 -2.72000E-01 -1.66832E-06 -2.71646E-01
3.91333E+01 -2.74000E-01 -1.66141E-06 -2.73625E-01
3.92000E+01 -2.76000E-01 -1.67677E-06 -2.75604E-01
3.92667E+01 -2.78000E-01 -1.69351E-06 -2.77735E-01
3.93333E+01 -2.80000E-01 -1.68829E-06 -2.79714E-01
3.94000E+01 -2.82000E-01 -1.70426E-06 -2.81540E-01
3.94667E+01 -2.84000E-01 -1.71163E-06 -2.83519E-01
3.95333E+01 -2.86000E-01 -1.70871E-06 -2.85650E-01
3.96000E+01 -2.88000E-01 -1.72146E-06 -2.87629E-01
3.96667E+01 -2.90000E-01 -1.72622E-06 -2.89760E-01
3.97333E+01 -2.92000E-01 -1.72238E-06 -2.91587E-01
3.98000E+01 -2.94000E-01 -1.72914E-06 -2.93718E-01
3.98667E+01 -2.96000E-01 -1.73313E-06 -2.95697E-01
3.99333E+01 -2.98000E-01 -1.72791E-06 -2.97676E-01
4.00000E+01 -3.00000E-01 -1.73436E-06 -2.99655E-01
4.00667E+01 -3.02000E-01 -1.73528E-06 -3.01634E-01
4.01333E+01 -3.04000E-01 -1.73006E-06 -3.03612E-01
4.02000E+01 -3.06000E-01 -1.73574E-06 -3.05744E-01
4.02667E+01 -3.08000E-01 -1.73559E-06 -3.07722E-01
4.03333E+01 -3.10000E-01 -1.72883E-06 -3.09701E-01
4.04000E+01 -3.12000E-01 -1.72960E-06 -3.11680E-01
4.04667E+01 -3.14000E-01 -1.72806E-06 -3.13811E-01
4.05333E+01 -3.16000E-01 -1.71777E-06 -3.15790E-01
4.06000E+01 -3.18000E-01 -1.72023E-06 -3.17769E-01
4.06667E+01 -3.20000E-01 -1.71916E-06 -3.19748E-01
4.07333E+01 -3.22000E-01 -1.70702E-06 -3.21727E-01
4.08000E+01 -3.24000E-01 -1.71102E-06 -3.23706E-01
4.08667E+01 -3.26000E-01 -1.70917E-06 -3.25685E-01
4.09333E+01 -3.28000E-01 -1.70241E-06 -3.27816E-01
4.10000E+01 -3.30000E-01 -1.69950E-06 -3.29642E-01
4.10667E+01 -3.32000E-01 -1.69796E-06 -3.31621E-01
4.11333E+01 -3.34000E-01 -1.68276E-06 -3.33752E-01
4.12000E+01 -3.36000E-01 -1.68767E-06 -3.35731E-01
4.12667E+01 -3.38000E-01 -1.68660E-06 -3.37710E-01
4.13333E+01 -3.40000E-01 -1.66663E-06 -3.39689E-01
4.14000E+01 -3.42000E-01 -1.67477E-06 -3.41668E-01
4.14667E+01 -3.44000E-01 -1.67170E-06 -3.43647E-01
4.15333E+01 -3.46000E-01 -1.65312E-06 -3.45778E-01
4.16000E+01 -3.48000E-01 -1.65987E-06 -3.47757E-01
4.16667E+01 -3.50000E-01 -1.66003E-06 -3.49735E-01
4.17333E+01 -3.52000E-01 -1.63975E-06 -3.51714E-01
4.18000E+01 -3.54000E-01 -1.64667E-06 -3.53693E-01
4.18667E+01 -3.56000E-01 -1.64789E-06 -3.55824E-01
4.19333E+01 -3.58000E-01 -1.62593E-06 -3.57803E-01
4.20000E+01 -3.60000E-01 -1.62747E-06 -3.59782E-01
4.20667E+01 -3.62000E-01 -1.63039E-06 -3.61761E-01
4.21333E+01 -3.64000E-01 -1.61057E-06 -3.63740E-01
4.22000E+01 -3.66000E-01 -1.61795E-06 -3.65719E-01
4.22667E+01 -3.68000E-01 -1.61487E-06 -3.67697E-01
4.23333E+01 -3.70000E-01 -1.60044E-06 -3.69676E-01
4.24000E+01 -3.72000E-01 -1.60581E-06 -3.71807E-01
4.24667E+01 -3.74000E-01 -1.60366E-06 -3.73786E-01
4.25333E+01 -3.76000E-01 -1.59092E-06 -3.75765E-01
4.26000E+01 -3.78000E-01 -1.59291E-06 -3.77744E-01
4.26667E+01 -3.80000E-01 -1.59245E-06 -3.79723E-01
4.27333E+01 -3.82000E-01 -1.58170E-06 -3.81702E-01
4.28000E+01 -3.84000E-01 -1.58231E-06 -3.83681E-01
4.28667E+01 -3.86000E-01 -1.57694E-06 -3.85812E-01
4.29333E+01 -3.88000E-01 -1.57525E-06 -3.87791E-01
4.30000E+01 -3.90000E-01 -1.56895E-06 -3.89770E-01
4.30667E+01 -3.92000E-01 -1.56619E-06 -3.91748E-01
4.31333E+01 -3.94000E-01 -1.56865E-06 -3.93879E-01
4.32000E+01 -3.96000E-01 -1.55790E-06 -3.95858E-01
4.32667E+01 -3.98000E-01 -1.55528E-06 -3.97685E-01
4.33333E+01 -4.00000E-01 -1.56112E-06 -3.99816E-01
4.34000E+01 -4.02000E-01 -1.54561E-06 -4.01795E-01
4.34667E+01 -4.04000E-01 -1.54684E-06 -4.03774E-01
4.35333E+01 -4.06000E-01 -1.55129E-06 -4.05905E-01
4.36000E+01 -4.08000E-01 -1.53302E-06 -4.07732E-01
4.36667E+01 -4.10000E-01 -1.53563E-06 -4.09710E-01
4.37333E+01 -4.12000E-01 -1.54284E-06 -4.11689E-01
4.38000E+01 -4.14000E-01 -1.52257E-06 -4.13820E-01
4.38667E+01 -4.16000E-01 -1.52580E-06 -4.15799E-01
4.39333E+01 -4.18000E-01 -1.56772E-06 -4.17626E-01
4.40000E+01 -4.20000E-01 -1.50629E-06 -4.19757E-01
4.40667E+01 -4.22000E-01 -1.51720E-06 -4.21736E-01
4.41333E+01 -4.24000E-01 -1.52119E-06 -4.23715E-01
4.42000E+01 -4.26000E-01 -1.50430E-06 -4.25694E-01
4.42667E+01 -4.28000E-01 -1.48203E-06 -4.27825E-01
4.43333E+01 -4.30000E-01 -1.50445E-06 -4.29804E-01
4.44000E+01 -4.32000E-01 -1.50875E-06 -4.31783E-01
4.44667E+01 -4.34000E-01 -1.49815E-06 -4.33914E-01
4.45333E+01 -4.36000E-01 -1.49769E-06 -4.35892E-01
4.46000E+01 -4.38000E-01 -1.48541E-06 -4.37719E-01
4.46667E+01 -4.40000E-01 -1.49293E-06 -4.39850E-01
4.47333E+01 -4.42000E-01 -1.49140E-06 -4.41829E-01
4.48000E+01 -4.44000E-01 -1.48095E-06 -4.43808E-01
4.48667E+01 -4.46000E-01 -1.48955E-06 -4.45787E-01
4.49333E+01 -4.48000E-01 -1.48218E-06 -4.47766E-01
4.50000E+01 -4.50000E-01 -1.47466E-06 -4.49745E-01
4.50667E+01 -4.52000E-01 -1.48372E-06 -4.51876E-01
4.51333E+01 -4.54000E-01 -1.47604E-06 -4.53855E-01
4.52000E+01 -4.56000E-01 -1.46744E-06 -4.55833E-01
4.52667E+01 -4.58000E-01 -1.47604E-06 -4.57812E-01
4.53333E+01 -4.60000E-01 -1.47143E-06 -4.59791E-01
4.54000E+01 -4.62000E-01 -1.46083E-06 -4.61770E-01
4.54667E+01 -4.64000E-01 -1.47404E-06 -4.63749E-01
4.55333E+01 -4.66000E-01 -1.46452E-06 -4.65880E-01
4.56000E+01 -4.68000E-01 -1.44901E-06 -4.67859E-01
4.56667E+01 -4.70000E-01 -1.46790E-06 -4.69838E-01
4.57333E+01 -4.72000E-01 -1.46007E-06 -4.71817E-01
4.58000E+01 -4.74000E-01 -1.45162E-06 -4.73948E-01
4.58667E+01 -4.76000E-01 -1.45991E-06 -4.75774E-01
4.59333E+01 -4.78000E-01 -1.44332E-06 -4.77905E-01
4.60000E+01 -4.80000E-01 -1.44240E-06 -4.79884E-01
4.60667E+01 -4.82000E-01 -1.45377E-06 -4.81863E-01
4.61333E+01 -4.84000E-01 -1.44978E-06 -4.83842E-01
4.62000E+01 -4.86000E-01 -1.43595E-06 -4.85669E-01
4.62667E+01 -4.88000E-01 -1.45131E-06 -4.87648E-01
4.63333E+01 -4.90000E-01 -1.44440E-06 -4.89626E-01
4.64000E+01 -4.92000E-01 -1.43334E-06 -4.91605E-01
4.64667E+01 -4.94000E-01 -1.44747E-06 -4.93584E-01
4.65333E+01 -4.96000E-01 -1.44087E-06 -4.95563E-01
4.66000E+01 -4.98000E-01 -1.42735E-06 -4.97542E-01
4.66667E+01 -5.00000E-01 -1.44102E-06 -4.99673E-01
4.67333E+01 -5.02000E-01 -1.43565E-06 -5.01652E-01
4.68000E+01 -5.04000E-01 -1.42290E-06 -5.03631E-01
4.68667E+01 -5.06000E-01 -1.43565E-06 -5.05610E-01
4.69333E+01 -5.08000E-01 -1.43027E-06 -5.07741E-01
4.70000E+01 -5.10000E-01 -1.42812E-06 -5.09720E-01
4.70667E+01 -5.12000E-01 -1.43672E-06 -5.11699E-01
4.71333E+01 -5.14000E-01 -1.43088E-06 -5.13830E-01
4.72000E+01 -5.16000E-01 -1.42121E-06 -5.15656E-01
4.72667E+01 -5.18000E-01 -1.43135E-06 -5.17635E-01
4.73333E+01 -5.20000E-01 -1.42705E-06 -5.19766E-01
4.74000E+01 -5.22000E-01 -1.41768E-06 -5.21745E-01
4.74667E+01 -5.24000E-01 -1.42781E-06 -5.23724E-01
4.75333E+01 -5.26000E-01 -1.41844E-06 -5.25703E-01
4.76000E+01 -5.28000E-01 -1.42090E-06 -5.27682E-01
4.76667E+01 -5.30000E-01 -1.42520E-06 -5.29661E-01
4.77333E+01 -5.32000E-01 -1.42397E-06 -5.31792E-01
4.78000E+01 -5.34000E-01 -1.42781E-06 -5.33771E-01
4.78667E+01 -5.36000E-01 -1.42643E-06 -5.35597E-01
4.79333E+01 -5.38000E-01 -1.42121E-06 -5.37728E-01
4.80000E+01 -5.40000E-01 -1.42705E-06 -5.39707E-01
4.80667E+01 -5.42000E-01 -1.42182E-06 -5.41686E-01
4.81333E+01 -5.44000E-01 -1.41783E-06 -5.43817E-01
4.82000E+01 -5.46000E-01 -1.42920E-06 -5.45796E-01
4.82667E+01 -5.48000E-01 -1.41875E-06 -5.47775E-01
4.83333E+01 -5.50000E-01 -1.41921E-06 -5.49754E-01
4.84000E+01 -5.52000E-01 -1.43012E-06 -5.51733E-01
4.84667E+01 -5.54000E-01 -1.41461E-06 -5.53712E-01
4.85333E+01 -5.56000E-01 -1.42059E-06 -5.55843E-01
4.86000E+01 -5.58000E-01 -1.42812E-06 -5.57821E-01
4.86667E+01 -5.60000E-01 -1.41676E-06 -5.59800E-01
4.87333E+01 -5.62000E-01 -1.41768E-06 -5.61779E-01
4.88000E+01 -5.64000E-01 -1.42735E-06 -5.63758E-01
4.88667E+01 -5.66000E-01 -1.41537E-06 -5.65737E-01
4.89333E+01 -5.68000E-01 -1.41645E-06 -5.67716E-01
4.90000E+01 -5.70000E-01 -1.41875E-06 -5.69695E-01
4.90667E+01 -5.72000E-01 -1.41445E-06 -5.71674E-01
4.91333E+01 -5.74000E-01 -1.41476E-06 -5.73652E-01
4.92000E+01 -5.76000E-01 -1.41553E-06 -5.75631E-01
4.92667E+01 -5.78000E-01 -1.41706E-06 -5.77610E-01
4.93333E+01 -5.80000E-01 -1.41952E-06 -5.79741E-01
4.94000E+01 -5.82000E-01 -1.41645E-06 -5.81720E-01
4.94667E+01 -5.84000E-01 -1.41706E-06 -5.83699E-01
4.95333E+01 -5.86000E-01 -1.42029E-06 -5.85678E-01
4.96000E+01 -5.88000E-01 -1.41875E-06 -5.87809E-01
4.96667E+01 -5.90000E-01 -1.41722E-06 -5.89788E-01
4.97333E+01 -5.92000E-01 -1.42136E-06 -5.91767E-01
4.98000E+01 -5.94000E-01 -1.41676E-06 -5.93746E-01
4.98667E+01 -5.96000E-01 -1.41875E-06 -5.95724E-01
4.99333E+01 -5.98000E-01 -1.42198E-06 -5.97856E-01
5.00000E+01 -6.00000E-01 -1.42059E-06 -5.99834E-01
5.00667E+01 -6.02000E-01 -1.42029E-06 -6.01813E-01
5.01333E+01 -6.04000E-01 -1.42766E-06 -6.03792E-01
5.02000E+01 -6.06000E-01 -1.42367E-06 -6.05771E-01
5.02667E+01 -6.08000E-01 -1.42244E-06 -6.07750E-01
5.03333E+01 -6.10000E-01 -1.43042E-06 -6.09729E-01
5.04000E+01 -6.12000E-01 -1.42751E-06 -6.11708E-01
5.04667E+01 -6.14000E-01 -1.42274E-06 -6.13687E-01
5.05333E+01 -6.16000E-01 -1.43165E-06 -6.15665E-01
5.06000E+01 -6.18000E-01 -1.42843E-06 -6.17797E-01
5.06667E+01 -6.20000E-01 -1.42459E-06 -6.19775E-01
5.07333E+01 -6.22000E-01 -1.43703E-06 -6.21754E-01
5.08000E+01 -6.24000E-01 -1.43841E-06 -6.23733E-01
5.08667E+01 -6.26000E-01 -1.42551E-06 -6.25864E-01
5.09333E+01 -6.28000E-01 -1.44701E-06 -6.27843E-01
5.10000E+01 -6.30000E-01 -1.44117E-06 -6.29822E-01
5.10667E+01 -6.32000E-01 -1.43411E-06 -6.31801E-01
5.11333E+01 -6.34000E-01 -1.44732E-06 -6.33780E-01
5.12000E+01 -6.36000E-01 -1.44363E-06 -6.35759E-01
5.12667E+01 -6.38000E-01 -1.43703E-06 -6.37890E-01
5.13333E+01 -6.40000E-01 -1.44993E-06 -6.39869E-01
5.14000E+01 -6.42000E-01 -1.44870E-06 -6.41695E-01
5.14667E+01 -6.44000E-01 -1.43949E-06 -6.43522E-01
5.15333E+01 -6.46000E-01 -1.45761E-06 -6.45501E-01
5.16000E+01 -6.48000E-01 -1.45561E-06 -6.47632E-01
5.16667E+01 -6.50000E-01 -1.44501E-06 -6.49611E-01
5.17333E+01 -6.52000E-01 -1.46759E-06 -6.51437E-01
5.18000E+01 -6.54000E-01 -1.46283E-06 -6.53568E-01
5.18667E+01 -6.56000E-01 -1.45638E-06 -6.55547E-01
5.19333E+01 -6.58000E-01 -1.47189E-06 -6.57526E-01
5.20000E+01 -6.60000E-01 -1.46682E-06 -6.59657E-01
5.20667E+01 -6.62000E-01 -1.46390E-06 -6.61636E-01
5.21333E+01 -6.64000E-01 -1.48141E-06 -6.63615E-01
5.22000E+01 -6.66000E-01 -1.47619E-06 -6.65594E-01
5.22667E+01 -6.68000E-01 -1.47665E-06 -6.67725E-01
5.23333E+01 -6.70000E-01 -1.49324E-06 -6.69704E-01
5.24000E+01 -6.72000E-01 -1.48587E-06 -6.71683E-01
5.24667E+01 -6.74000E-01 -1.48817E-06 -6.73662E-01
5.25333E+01 -6.76000E-01 -1.50322E-06 -6.75640E-01
5.26000E+01 -6.78000E-01 -1.49662E-06 -6.77619E-01
5.26667E+01 -6.80000E-01 -1.50460E-06 -6.79598E-01
5.27333E+01 -6.82000E-01 -1.51013E-06 -6.81577E-01
5.28000E+01 -6.84000E-01 -1.50599E-06 -6.83556E-01
5.28667E+01 -6.86000E-01 -1.52227E-06 -6.85687E-01
5.29333E+01 -6.88000E-01 -1.51889E-06 -6.87666E-01
5.30000E+01 -6.90000E-01 -1.51766E-06 -6.89645E-01
5.30667E+01 -6.92000E-01 -1.53947E-06 -6.91624E-01
5.31333E+01 -6.94000E-01 -1.53087E-06 -6.93603E-01
5.32000E+01 -6.96000E-01 -1.53040E-06 -6.95581E-01
5.32667E+01 -6.98000E-01 -1.55221E-06 -6.97560E-01
