time/s      E/V        I/A
0.00000E+00 -7.00000E-01 -1.25841E-06 -6.99691E-01
6.66667E-02 -6.98000E-01 -8.08884E-07 -6.97713E-01
1.33333E-01 -6.96000E-01 -7.12129E-07 -6.95734E-01
2.00000E-01 -6.94000E-01 -6.00629E-07 -6.93755E-01
2.66667E-01 -6.92000E-01 -5.40426E-07 -6.91776E-01
3.33333E-01 -6.90000E-01 -5.25221E-07 -6.89797E-01
4.00000E-01 -6.88000E-01 -4.55035E-07 -6.87818E-01
4.66667E-01 -6.86000E-01 -4.25394E-07 -6.85687E-01
5.33333E-01 -6.84000E-01 -4.23244E-07 -6.83708E-01
6.00000E-01 -6.82000E-01 -3.61197E-07 -6.81729E-01
6.66667E-01 -6.80000E-01 -3.49065E-07 -6.79750E-01
7.33333E-01 -6.78000E-01 -3.46146E-07 -6.77772E-01
8.00000E-01 -6.76000E-01 -2.96386E-07 -6.75793E-01
8.66667E-01 -6.74000E-01 -2.98537E-07 -6.73662E-01
9.33333E-01 -6.72000E-01 -2.86864E-07 -6.71683E-01
1.00000E+00 -6.70000E-01 -2.50619E-07 -6.69856E-01
1.06667E+00 -6.68000E-01 -2.51541E-07 -6.67725E-01
1.13333E+00 -6.66000E-01 -2.40022E-07 -6.65746E-01
1.20000E+00 -6.64000E-01 -2.08231E-07 -6.63767E-01
1.26667E+00 -6.62000E-01 -2.15757E-07 -6.61788E-01
1.33333E+00 -6.60000E-01 -2.01627E-07 -6.59657E-01
1.40000E+00 -6.58000E-01 -1.70143E-07 -6.57678E-01
1.46667E+00 -6.56000E-01 -1.80894E-07 -6.55700E-01
1.53333E+00 -6.54000E-01 -1.68608E-07 -6.53568E-01
1.60000E+00 -6.52000E-01 -1.40963E-07 -6.51590E-01
1.66667E+00 -6.50000E-01 -1.57243E-07 -6.49763E-01
1.73333E+00 -6.48000E-01 -1.45263E-07 -6.47632E-01
1.80000E+00 -6.46000E-01 -1.31134E-07 -6.45653E-01
1.86667E+00 -6.44000E-01 -1.34820E-07 -6.43674E-01
1.93333E+00 -6.42000E-01 -1.22687E-07 -6.41847E-01
2.00000E+00 -6.40000E-01 -8.98208E-08 -6.40021E-01
2.06667E+00 -6.38000E-01 -1.12090E-07 -6.37890E-01
2.13333E+00 -6.36000E-01 -1.06408E-07 -6.35911E-01
2.20000E+00 -6.34000E-01 -6.64766E-08 -6.33932E-01
2.26667E+00 -6.32000E-01 -9.33532E-08 -6.31801E-01
2.33333E+00 -6.30000E-01 -8.56742E-08 -6.29974E-01
2.40000E+00 -6.28000E-01 -5.66475E-08 -6.27995E-01
2.46667E+00 -6.26000E-01 -7.95310E-08 -6.25864E-01
2.53333E+00 -6.24000E-01 -7.38485E-08 -6.23885E-01
2.60000E+00 -6.22000E-01 -4.31324E-08 -6.21906E-01
2.66667E+00 -6.20000E-01 -6.40193E-08 -6.19928E-01
2.73333E+00 -6.18000E-01 -6.00262E-08 -6.17797E-01
2.80000E+00 -6.16000E-01 -2.42420E-08 -6.15818E-01
2.86667E+00 -6.14000E-01 -5.08114E-08 -6.13839E-01
2.93333E+00 -6.12000E-01 -4.63576E-08 -6.11860E-01
3.00000E+00 -6.10000E-01 -1.56415E-08 -6.09881E-01
3.06667E+00 -6.08000E-01 -3.57605E-08 -6.07902E-01
3.13333E+00 -6.06000E-01 -3.59141E-08 -6.05771E-01
3.20000E+00 -6.04000E-01 -1.33378E-08 -6.03792E-01
3.26667E+00 -6.02000E-01 -2.56242E-08 -6.01966E-01
3.33333E+00 -6.00000E-01 -3.00781E-08 -5.99834E-01
3.40000E+00 -5.98000E-01 -1.04198E-08 -5.97856E-01
3.46667E+00 -5.96000E-01 -1.51808E-08 -5.95877E-01
3.53333E+00 -5.94000E-01 -1.36450E-08 -5.93898E-01
3.60000E+00 -5.92000E-01 -7.50175E-09 -5.91919E-01
3.66667E+00 -5.90000E-01 -4.58373E-09 -5.89940E-01
3.73333E+00 -5.88000E-01 -3.96940E-09 -5.87961E-01
3.80000E+00 -5.86000E-01 -1.01126E-08 -5.85830E-01
3.86667E+00 -5.84000E-01 3.86320E-09  -5.83851E-01
3.93333E+00 -5.82000E-01 3.86320E-09  -5.81872E-01
4.00000E+00 -5.80000E-01 -1.45664E-08 -5.79741E-01
4.06667E+00 -5.78000E-01 1.78390E-08  -5.77762E-01
4.13333E+00 -5.76000E-01 1.13886E-08  -5.75784E-01
4.20000E+00 -5.74000E-01 -1.04198E-08 -5.73805E-01
4.26667E+00 -5.72000E-01 2.36751E-08  -5.71826E-01
4.33333E+00 -5.70000E-01 2.09106E-08  -5.69847E-01
4.40000E+00 -5.68000E-01 -1.24163E-08 -5.67716E-01
4.46667E+00 -5.66000E-01 2.90504E-08  -5.65737E-01
4.53333E+00 -5.64000E-01 2.93575E-08  -5.63758E-01
4.60000E+00 -5.62000E-01 -1.07269E-08 -5.61931E-01
4.66667E+00 -5.60000E-01 3.70366E-08  -5.59800E-01
4.73333E+00 -5.58000E-01 3.53472E-08  -5.57821E-01
4.80000E+00 -5.56000E-01 -2.83474E-10 -5.55843E-01
4.86667E+00 -5.54000E-01 4.90158E-08  -5.53864E-01
4.93333E+00 -5.52000E-01 4.31798E-08  -5.51885E-01
5.00000E+00 -5.50000E-01 1.15422E-08  -5.49906E-01
5.06667E+00 -5.48000E-01 5.96129E-08  -5.47927E-01
5.13333E+00 -5.46000E-01 5.07052E-08  -5.45796E-01
5.20000E+00 -5.44000E-01 1.98356E-08  -5.43817E-01
5.26667E+00 -5.42000E-01 6.63704E-08  -5.41838E-01
5.33333E+00 -5.40000E-01 5.71556E-08  -5.39859E-01
5.40000E+00 -5.38000E-01 3.42721E-08  -5.37728E-01
5.46667E+00 -5.36000E-01 7.28208E-08  -5.35749E-01
5.53333E+00 -5.34000E-01 6.45274E-08  -5.33771E-01
5.60000E+00 -5.32000E-01 4.65585E-08  -5.31792E-01
5.66667E+00 -5.30000E-01 8.28035E-08  -5.29813E-01
5.73333E+00 -5.28000E-01 7.20529E-08  -5.27834E-01
5.80000E+00 -5.26000E-01 6.34524E-08  -5.25855E-01
5.86667E+00 -5.24000E-01 9.07897E-08  -5.23876E-01
5.93333E+00 -5.22000E-01 8.06534E-08  -5.21897E-01
6.00000E+00 -5.20000E-01 7.43566E-08  -5.19766E-01
6.06667E+00 -5.18000E-01 9.98509E-08  -5.17787E-01
6.13333E+00 -5.16000E-01 8.66430E-08  -5.15808E-01
6.20000E+00 -5.14000E-01 8.15749E-08  -5.13830E-01
6.26667E+00 -5.12000E-01 1.07991E-07  -5.11851E-01
6.33333E+00 -5.10000E-01 9.30934E-08  -5.09872E-01
6.40000E+00 -5.08000E-01 9.24791E-08  -5.07741E-01
6.46667E+00 -5.06000E-01 1.19202E-07  -5.05762E-01
6.53333E+00 -5.04000E-01 1.00465E-07  -5.03783E-01
6.60000E+00 -5.02000E-01 1.01540E-07  -5.01652E-01
6.66667E+00 -5.00000E-01 1.25499E-07  -4.99673E-01
6.73333E+00 -4.98000E-01 1.08605E-07  -4.97694E-01
6.80000E+00 -4.96000E-01 1.05533E-07  -4.95715E-01
6.86667E+00 -4.94000E-01 1.22274E-07  -4.93736E-01
6.93333E+00 -4.92000E-01 1.08912E-07  -4.91758E-01
7.00000E+00 -4.90000E-01 1.06916E-07  -4.89779E-01
7.06667E+00 -4.88000E-01 1.43775E-07  -4.87648E-01
7.13333E+00 -4.86000E-01 1.17513E-07  -4.85669E-01
7.20000E+00 -4.84000E-01 1.19816E-07  -4.83994E-01
7.26667E+00 -4.82000E-01 1.51300E-07  -4.82015E-01
7.33333E+00 -4.80000E-01 1.29031E-07  -4.79884E-01
7.40000E+00 -4.78000E-01 1.28570E-07  -4.77905E-01
7.46667E+00 -4.76000E-01 1.55293E-07  -4.75927E-01
7.53333E+00 -4.74000E-01 1.32256E-07  -4.73948E-01
7.60000E+00 -4.72000E-01 1.31181E-07  -4.71969E-01
7.66667E+00 -4.70000E-01 1.61437E-07  -4.69990E-01
7.73333E+00 -4.68000E-01 1.38707E-07  -4.68011E-01
7.80000E+00 -4.66000E-01 1.38553E-07  -4.65880E-01
7.86667E+00 -4.64000E-01 1.62819E-07  -4.63901E-01
7.93333E+00 -4.62000E-01 1.45771E-07  -4.61922E-01
8.00000E+00 -4.60000E-01 1.45618E-07  -4.59943E-01
8.06667E+00 -4.58000E-01 1.62358E-07  -4.57812E-01
8.13333E+00 -4.56000E-01 1.53758E-07  -4.55833E-01
8.20000E+00 -4.54000E-01 1.54218E-07  -4.53855E-01
8.26667E+00 -4.52000E-01 1.57904E-07  -4.51876E-01
8.33333E+00 -4.50000E-01 1.60515E-07  -4.49897E-01
8.40000E+00 -4.48000E-01 1.60669E-07  -4.47766E-01
8.46667E+00 -4.46000E-01 1.52068E-07  -4.45939E-01
8.53333E+00 -4.44000E-01 1.65123E-07  -4.43960E-01
8.60000E+00 -4.42000E-01 1.70037E-07  -4.41829E-01
8.66667E+00 -4.40000E-01 1.47768E-07  -4.39850E-01
8.73333E+00 -4.38000E-01 1.74645E-07  -4.37871E-01
8.80000E+00 -4.36000E-01 1.73570E-07  -4.35892E-01
8.86667E+00 -4.34000E-01 1.46386E-07  -4.33914E-01
8.93333E+00 -4.32000E-01 1.84474E-07  -4.31935E-01
9.00000E+00 -4.30000E-01 1.80481E-07  -4.29956E-01
9.06667E+00 -4.28000E-01 1.42393E-07  -4.27825E-01
9.13333E+00 -4.26000E-01 1.83092E-07  -4.25846E-01
9.20000E+00 -4.24000E-01 1.88774E-07  -4.23867E-01
9.26667E+00 -4.22000E-01 1.45004E-07  -4.21888E-01
9.33333E+00 -4.20000E-01 1.95378E-07  -4.19757E-01
9.40000E+00 -4.18000E-01 1.90924E-07  -4.17778E-01
9.46667E+00 -4.16000E-01 1.53297E-07  -4.15799E-01
9.53333E+00 -4.14000E-01 2.00753E-07  -4.13820E-01
9.60000E+00 -4.12000E-01 2.01060E-07  -4.11842E-01
9.66667E+00 -4.10000E-01 1.59287E-07  -4.09710E-01
9.73333E+00 -4.08000E-01 2.09354E-07  -4.07732E-01
9.80000E+00 -4.06000E-01 2.09507E-07  -4.05905E-01
9.86667E+00 -4.04000E-01 1.67887E-07  -4.03926E-01
9.93333E+00 -4.02000E-01 2.23637E-07  -4.01947E-01
1.00000E+01 -4.00000E-01 2.15651E-07  -3.99816E-01
1.00667E+01 -3.98000E-01 1.83399E-07  -3.97837E-01
1.01333E+01 -3.96000E-01 2.29473E-07  -3.96011E-01
1.02000E+01 -3.94000E-01 2.23022E-07  -3.93879E-01
1.02667E+01 -3.92000E-01 2.00293E-07  -3.91901E-01
1.03333E+01 -3.90000E-01 2.38073E-07  -3.89922E-01
1.04000E+01 -3.88000E-01 2.33312E-07  -3.87791E-01
1.04667E+01 -3.86000E-01 2.15958E-07  -3.85812E-01
1.05333E+01 -3.84000E-01 2.47288E-07  -3.83833E-01
1.06000E+01 -3.82000E-01 2.41913E-07  -3.81854E-01
1.06667E+01 -3.80000E-01 2.31623E-07  -3.79723E-01
1.07333E+01 -3.78000E-01 2.54967E-07  -3.77896E-01
1.08000E+01 -3.76000E-01 2.49745E-07  -3.75917E-01
1.08667E+01 -3.74000E-01 2.47902E-07  -3.73786E-01
1.09333E+01 -3.72000E-01 2.66486E-07  -3.71807E-01
1.10000E+01 -3.70000E-01 2.58039E-07  -3.69829E-01
1.10667E+01 -3.68000E-01 2.61725E-07  -3.67850E-01
1.11333E+01 -3.66000E-01 2.80461E-07  -3.65871E-01
1.12000E+01 -3.64000E-01 2.66639E-07  -3.63740E-01
1.12667E+01 -3.62000E-01 2.76776E-07  -3.61761E-01
1.13333E+01 -3.60000E-01 2.97355E-07  -3.59782E-01
1.14000E+01 -3.58000E-01 2.76929E-07  -3.57803E-01
1.14667E+01 -3.56000E-01 2.52663E-07  -3.55824E-01
1.15333E+01 -3.54000E-01 2.99659E-07  -3.53845E-01
1.16000E+01 -3.52000E-01 2.82765E-07  -3.51867E-01
1.16667E+01 -3.50000E-01 2.91980E-07  -3.49735E-01
1.17333E+01 -3.48000E-01 3.14249E-07  -3.47757E-01
1.18000E+01 -3.46000E-01 2.93977E-07  -3.45778E-01
1.18667E+01 -3.44000E-01 3.05188E-07  -3.43647E-01
1.19333E+01 -3.42000E-01 3.30989E-07  -3.41668E-01
1.20000E+01 -3.40000E-01 3.06724E-07  -3.39689E-01
1.20667E+01 -3.38000E-01 3.13328E-07  -3.37862E-01
1.21333E+01 -3.36000E-01 3.47269E-07  -3.35883E-01
1.22000E+01 -3.34000E-01 3.17935E-07  -3.33752E-01
1.22667E+01 -3.32000E-01 3.23157E-07  -3.31773E-01
1.23333E+01 -3.30000E-01 3.56484E-07  -3.29794E-01
1.24000E+01 -3.28000E-01 3.25768E-07  -3.27816E-01
1.24667E+01 -3.26000E-01 3.37133E-07  -3.25837E-01
1.25333E+01 -3.24000E-01 3.58941E-07  -3.23858E-01
1.26000E+01 -3.22000E-01 3.39283E-07  -3.21727E-01
1.26667E+01 -3.20000E-01 3.49419E-07  -3.19748E-01
1.27333E+01 -3.18000E-01 3.69845E-07  -3.17921E-01
1.28000E+01 -3.16000E-01 3.50801E-07  -3.15790E-01
1.28667E+01 -3.14000E-01 3.60016E-07  -3.13811E-01
1.29333E+01 -3.12000E-01 3.78753E-07  -3.11832E-01
1.30000E+01 -3.10000E-01 3.62013E-07  -3.09701E-01
1.30667E+01 -3.08000E-01 3.71535E-07  -3.07722E-01
1.31333E+01 -3.06000E-01 3.80442E-07  -3.05744E-01
1.32000E+01 -3.04000E-01 3.73685E-07  -3.03765E-01
1.32667E+01 -3.02000E-01 3.87046E-07  -3.01634E-01
1.33333E+01 -3.00000E-01 3.77524E-07  -2.99807E-01
1.34000E+01 -2.98000E-01 3.97183E-07  -2.97676E-01
1.34667E+01 -2.96000E-01 4.01790E-07  -2.95697E-01
1.35333E+01 -2.94000E-01 3.82746E-07  -2.93718E-01
1.36000E+01 -2.92000E-01 4.08855E-07  -2.91739E-01
1.36667E+01 -2.90000E-01 4.15766E-07  -2.89760E-01
1.37333E+01 -2.88000E-01 3.86739E-07  -2.87781E-01
1.38000E+01 -2.86000E-01 4.20373E-07  -2.85650E-01
1.38667E+01 -2.84000E-01 4.26824E-07  -2.83672E-01
1.39333E+01 -2.82000E-01 3.97950E-07  -2.81693E-01
1.40000E+01 -2.80000E-01 4.35578E-07  -2.79866E-01
1.40667E+01 -2.78000E-01 4.43871E-07  -2.77735E-01
1.41333E+01 -2.76000E-01 4.11619E-07  -2.75756E-01
1.42000E+01 -2.74000E-01 4.58000E-07  -2.73777E-01
1.42667E+01 -2.72000E-01 4.63222E-07  -2.71646E-01
1.43333E+01 -2.70000E-01 4.23752E-07  -2.69667E-01
1.44000E+01 -2.68000E-01 4.76276E-07  -2.67688E-01
1.44667E+01 -2.66000E-01 4.77812E-07  -2.65557E-01
1.45333E+01 -2.64000E-01 4.39417E-07  -2.63578E-01
1.46000E+01 -2.62000E-01 4.94860E-07  -2.61599E-01
1.46667E+01 -2.60000E-01 4.94092E-07  -2.59773E-01
1.47333E+01 -2.58000E-01 4.63990E-07  -2.57642E-01
1.48000E+01 -2.56000E-01 5.11754E-07  -2.55663E-01
1.48667E+01 -2.54000E-01 5.13443E-07  -2.53684E-01
1.49333E+01 -2.52000E-01 4.89484E-07  -2.51705E-01
1.50000E+01 -2.50000E-01 5.38016E-07  -2.49726E-01
1.50667E+01 -2.48000E-01 5.34176E-07  -2.47747E-01
1.51333E+01 -2.46000E-01 5.16054E-07  -2.45616E-01
1.52000E+01 -2.44000E-01 5.59363E-07  -2.43637E-01
1.52667E+01 -2.42000E-01 5.51070E-07  -2.41659E-01
1.53333E+01 -2.40000E-01 5.41395E-07  -2.39680E-01
1.54000E+01 -2.38000E-01 5.78254E-07  -2.37701E-01
1.54667E+01 -2.36000E-01 5.69346E-07  -2.35722E-01
1.55333E+01 -2.34000E-01 5.71036E-07  -2.33743E-01
1.56000E+01 -2.32000E-01 6.01752E-07  -2.31612E-01
1.56667E+01 -2.30000E-01 5.94073E-07  -2.29633E-01
1.57333E+01 -2.28000E-01 5.97144E-07  -2.27654E-01
1.58000E+01 -2.26000E-01 6.31700E-07  -2.25675E-01
1.58667E+01 -2.24000E-01 6.12042E-07  -2.23696E-01
1.59333E+01 -2.22000E-01 6.25249E-07  -2.21718E-01
1.60000E+01 -2.20000E-01 6.56273E-07  -2.19739E-01
1.60667E+01 -2.18000E-01 6.36768E-07  -2.17608E-01
1.61333E+01 -2.16000E-01 6.48747E-07  -2.15629E-01
1.62000E+01 -2.14000E-01 6.79463E-07  -2.13650E-01
1.62667E+01 -2.12000E-01 6.61034E-07  -2.11671E-01
1.63333E+01 -2.10000E-01 6.70248E-07  -2.09692E-01
1.64000E+01 -2.08000E-01 7.09104E-07  -2.07561E-01
1.64667E+01 -2.06000E-01 6.84378E-07  -2.05582E-01
1.65333E+01 -2.04000E-01 6.94514E-07  -2.03603E-01
1.66000E+01 -2.02000E-01 7.36595E-07  -2.01777E-01
1.66667E+01 -2.00000E-01 7.08644E-07  -1.99646E-01
1.67333E+01 -1.98000E-01 7.18933E-07  -1.97667E-01
1.68000E+01 -1.96000E-01 7.51339E-07  -1.95688E-01
1.68667E+01 -1.94000E-01 7.30913E-07  -1.93557E-01
1.69333E+01 -1.92000E-01 7.38592E-07  -1.91578E-01
1.70000E+01 -1.90000E-01 7.67158E-07  -1.89599E-01
1.70667E+01 -1.88000E-01 7.47653E-07  -1.87620E-01
1.71333E+01 -1.86000E-01 7.59786E-07  -1.85489E-01
1.72000E+01 -1.84000E-01 7.99563E-07  -1.83510E-01
1.72667E+01 -1.82000E-01 7.70076E-07  -1.81683E-01
1.73333E+01 -1.80000E-01 7.77140E-07  -1.79705E-01
1.74000E+01 -1.78000E-01 8.12617E-07  -1.77574E-01
1.74667E+01 -1.76000E-01 7.87737E-07  -1.75595E-01
1.75333E+01 -1.74000E-01 7.93420E-07  -1.73768E-01
1.76000E+01 -1.72000E-01 8.10007E-07  -1.71941E-01
1.76667E+01 -1.70000E-01 8.02481E-07  -1.69810E-01
1.77333E+01 -1.68000E-01 8.02788E-07  -1.67831E-01
1.78000E+01 -1.66000E-01 8.22600E-07  -1.65853E-01
1.78667E+01 -1.64000E-01 8.10928E-07  -1.63721E-01
1.79333E+01 -1.62000E-01 8.12310E-07  -1.61895E-01
1.80000E+01 -1.60000E-01 8.14460E-07  -1.59916E-01
1.80667E+01 -1.58000E-01 8.22293E-07  -1.57785E-01
1.81333E+01 -1.56000E-01 8.16918E-07  -1.55806E-01
1.82000E+01 -1.54000E-01 8.07242E-07  -1.53827E-01
1.82667E+01 -1.52000E-01 8.25979E-07  -1.51696E-01
1.83333E+01 -1.50000E-01 8.20143E-07  -1.49717E-01
1.84000E+01 -1.48000E-01 8.00331E-07  -1.47738E-01
1.84667E+01 -1.46000E-01 8.28897E-07  -1.45759E-01
1.85333E+01 -1.44000E-01 8.21986E-07  -1.43780E-01
1.86000E+01 -1.42000E-01 8.40416E-07  -1.41802E-01
1.86667E+01 -1.40000E-01 8.26286E-07  -1.39823E-01
1.87333E+01 -1.38000E-01 8.26900E-07  -1.37844E-01
1.88000E+01 -1.36000E-01 7.87737E-07  -1.35713E-01
1.88667E+01 -1.34000E-01 7.97567E-07  -1.33734E-01
1.89333E+01 -1.32000E-01 8.77275E-07  -1.31755E-01
1.90000E+01 -1.30000E-01 7.92652E-07  -1.29776E-01
1.90667E+01 -1.28000E-01 8.33044E-07  -1.27797E-01
1.91333E+01 -1.26000E-01 8.25825E-07  -1.25666E-01
1.92000E+01 -1.24000E-01 7.83898E-07  -1.23840E-01
1.92667E+01 -1.22000E-01 8.32583E-07  -1.21708E-01
1.93333E+01 -1.20000E-01 8.24750E-07  -1.19730E-01
1.94000E+01 -1.18000E-01 7.85587E-07  -1.17751E-01
1.94667E+01 -1.16000E-01 8.33044E-07  -1.15772E-01
1.95333E+01 -1.14000E-01 8.25057E-07  -1.13793E-01
1.96000E+01 -1.12000E-01 7.83744E-07  -1.11662E-01
1.96667E+01 -1.10000E-01 8.33812E-07  -1.09683E-01
1.97333E+01 -1.08000E-01 8.16918E-07  -1.07704E-01
1.98000E+01 -1.06000E-01 7.88813E-07  -1.05573E-01
1.98667E+01 -1.04000E-01 8.30433E-07  -1.03746E-01
1.99333E+01 -1.02000E-01 8.23061E-07  -1.01767E-01
2.00000E+01 -1.00000E-01 7.94956E-07  -9.97886E-02
2.00667E+01 -9.80000E-02 8.32737E-07  -9.76575E-02
2.01333E+01 -9.60000E-02 8.23982E-07  -9.56786E-02
2.02000E+01 -9.40000E-02 8.03249E-07  -9.36998E-02
2.02667E+01 -9.20000E-02 8.36115E-07  -9.17209E-02
2.03333E+01 -9.00000E-02 8.25057E-07  -8.97420E-02
2.04000E+01 -8.80000E-02 8.06321E-07  -8.77631E-02
2.04667E+01 -8.60000E-02 8.43794E-07  -8.57843E-02
2.05333E+01 -8.40000E-02 8.23675E-07  -8.38054E-02
2.06000E+01 -8.20000E-02 8.12157E-07  -8.18265E-02
2.06667E+01 -8.00000E-02 8.41183E-07  -7.98477E-02
2.07333E+01 -7.80000E-02 8.23522E-07  -7.77166E-02
2.08000E+01 -7.60000E-02 8.16611E-07  -7.57377E-02
2.08667E+01 -7.40000E-02 8.41491E-07  -7.37588E-02
2.09333E+01 -7.20000E-02 8.26747E-07  -7.17799E-02
2.10000E+01 -7.00000E-02 8.22139E-07  -6.96489E-02
2.10667E+01 -6.80000E-02 8.47173E-07  -6.76700E-02
2.11333E+01 -6.60000E-02 8.29204E-07  -6.58433E-02
2.12000E+01 -6.40000E-02 8.25057E-07  -6.37122E-02
2.12667E+01 -6.20000E-02 8.51473E-07  -6.17334E-02
2.13333E+01 -6.00000E-02 8.28129E-07  -5.97545E-02
2.14000E+01 -5.80000E-02 8.26593E-07  -5.76234E-02
2.14667E+01 -5.60000E-02 8.55159E-07  -5.56445E-02
2.15333E+01 -5.40000E-02 8.30586E-07  -5.36657E-02
2.16000E+01 -5.20000E-02 8.29051E-07  -5.16868E-02
2.16667E+01 -5.00000E-02 8.57770E-07  -4.97079E-02
2.17333E+01 -4.80000E-02 8.36730E-07  -4.75768E-02
2.18000E+01 -4.60000E-02 8.35655E-07  -4.57502E-02
2.18667E+01 -4.40000E-02 8.58999E-07  -4.37713E-02
2.19333E+01 -4.20000E-02 8.41951E-07  -4.17924E-02
2.20000E+01 -4.00000E-02 8.41183E-07  -3.96613E-02
2.20667E+01 -3.80000E-02 8.73896E-07  -3.76825E-02
2.21333E+01 -3.60000E-02 8.42412E-07  -3.57036E-02
2.22000E+01 -3.40000E-02 8.46559E-07  -3.35725E-02
2.22667E+01 -3.20000E-02 8.74357E-07  -3.15936E-02
2.23333E+01 -3.00000E-02 8.50245E-07  -2.96147E-02
2.24000E+01 -2.80000E-02 8.49323E-07  -2.76359E-02
2.24667E+01 -2.60000E-02 8.70671E-07  -2.56570E-02
2.25333E+01 -2.40000E-02 8.58845E-07  -2.36781E-02
2.26000E+01 -2.20000E-02 8.59767E-07  -2.16993E-02
2.26667E+01 -2.00000E-02 8.62531E-07  -1.95682E-02
2.27333E+01 -1.80000E-02 8.67906E-07  -1.75893E-02
2.28000E+01 -1.60000E-02 8.68060E-07  -1.59149E-02
2.28667E+01 -1.40000E-02 8.59152E-07  -1.39360E-02
2.29333E+01 -1.20000E-02 8.76661E-07  -1.18049E-02
2.30000E+01 -1.00000E-02 8.73589E-07  -9.82602E-03
2.30667E+01 -8.00000E-03 8.59767E-07  -7.84714E-03
2.31333E+01 -6.00000E-03 8.80807E-07  -5.86827E-03
2.32000E+01 -4.00000E-03 8.80807E-07  -3.88940E-03
2.32667E+01 -2.00000E-03 8.61149E-07  -1.91053E-03
2.33333E+01 1.45825E-17  8.88486E-07  6.83472E-05 
2.34000E+01 2.00000E-03  8.92786E-07  2.04722E-03 
2.34667E+01 4.00000E-03  8.56541E-07  4.17831E-03 
2.35333E+01 6.00000E-03  9.01541E-07  6.15719E-03 
2.36000E+01 8.00000E-03  9.01694E-07  8.13606E-03 
2.36667E+01 1.00000E-02  8.64528E-07  1.02672E-02 
2.37333E+01 1.20000E-02  9.09680E-07  1.20938E-02 
2.38000E+01 1.40000E-02  9.09220E-07  1.40727E-02 
2.38667E+01 1.60000E-02  8.72975E-07  1.62038E-02 
2.39333E+01 1.80000E-02  9.15977E-07  1.81826E-02 
2.40000E+01 2.00000E-02  9.21813E-07  2.01615E-02 
2.40667E+01 2.20000E-02  8.83725E-07  2.21404E-02 
2.41333E+01 2.40000E-02  9.31642E-07  2.41193E-02 
2.42000E+01 2.60000E-02  9.31028E-07  2.60981E-02 
2.42667E+01 2.80000E-02  8.92940E-07  2.82292E-02 
2.43333E+01 3.00000E-02  9.46079E-07  3.02081E-02 
2.44000E+01 3.20000E-02  9.36864E-07  3.21870E-02 
2.44667E+01 3.40000E-02  9.07069E-07  3.41658E-02 
2.45333E+01 3.60000E-02  9.55447E-07  3.61447E-02 
2.46000E+01 3.80000E-02  9.52683E-07  3.81236E-02 
2.46667E+01 4.00000E-02  9.27649E-07  4.02547E-02 
2.47333E+01 4.20000E-02  9.65430E-07  4.22336E-02 
2.48000E+01 4.40000E-02  9.66351E-07  4.42124E-02 
2.48667E+01 4.60000E-02  9.48075E-07  4.63435E-02 
2.49333E+01 4.80000E-02  9.81402E-07  4.83224E-02 
2.50000E+01 5.00000E-02  9.79559E-07  5.03013E-02 
2.50667E+01 5.20000E-02  9.63587E-07  5.21279E-02 
2.51333E+01 5.40000E-02  9.96914E-07  5.42590E-02 
2.52000E+01 5.60000E-02  9.88621E-07  5.62379E-02 
2.52667E+01 5.80000E-02  9.85549E-07  5.82168E-02 
2.53333E+01 6.00000E-02  1.01166E-06  6.01956E-02 
2.54000E+01 6.20000E-02  1.00091E-06  6.21745E-02 
2.54667E+01 6.40000E-02  1.00536E-06  6.41534E-02 
2.55333E+01 6.60000E-02  1.03408E-06  6.61322E-02 
2.56000E+01 6.80000E-02  1.01765E-06  6.82633E-02 
2.56667E+01 7.00000E-02  1.02502E-06  7.02422E-02 
2.57333E+01 7.20000E-02  1.05082E-06  7.20689E-02 
2.58000E+01 7.40000E-02  1.03408E-06  7.40477E-02 
2.58667E+01 7.60000E-02  1.04283E-06  7.61788E-02 
2.59333E+01 7.80000E-02  1.06556E-06  7.81577E-02 
2.60000E+01 8.00000E-02  1.05005E-06  8.01366E-02 
2.60667E+01 8.20000E-02  1.06050E-06  8.22677E-02 
2.61333E+01 8.40000E-02  1.08307E-06  8.42465E-02 
2.62000E+01 8.60000E-02  1.06956E-06  8.62254E-02 
2.62667E+01 8.80000E-02  1.08154E-06  8.82043E-02 
2.63333E+01 9.00000E-02  1.11517E-06  9.01832E-02 
2.64000E+01 9.20000E-02  1.09689E-06  9.21620E-02 
2.64667E+01 9.40000E-02  1.11164E-06  9.41409E-02 
2.65333E+01 9.60000E-02  1.14681E-06  9.62720E-02 
2.66000E+01 9.80000E-02  1.12500E-06  9.82509E-02 
2.66667E+01 1.00000E-01  1.13253E-06  1.00230E-01 
2.67333E+01 9.80000E-02  6.44447E-07  9.84031E-02 
2.68000E+01 9.60000E-02  4.38803E-07  9.64242E-02 
2.68667E+01 9.40000E-02  3.35904E-07  9.42931E-02 
2.69333E+01 9.20000E-02  2.78311E-07  9.23142E-02 
2.70000E+01 9.00000E-02  1.97989E-07  9.03354E-02 
2.70667E+01 8.80000E-02  1.46847E-07  8.83565E-02 
2.71333E+01 8.60000E-02  1.25345E-07  8.63776E-02 
2.72000E+01 8.40000E-02  6.34524E-08  8.43988E-02 
2.72667E+01 8.20000E-02  3.79580E-08  8.22677E-02 
2.73333E+01 8.00000E-02  2.41358E-08  8.02888E-02 
2.74000E+01 7.80000E-02  -2.19383E-08 7.83099E-02 
2.74667E+01 7.60000E-02  -4.51289E-08 7.61788E-02 
2.75333E+01 7.40000E-02  -6.06406E-08 7.42000E-02 
2.76000E+01 7.20000E-02  -8.95137E-08 7.22211E-02 
2.76667E+01 7.00000E-02  -1.03336E-07 7.02422E-02 
2.77333E+01 6.80000E-02  -1.28523E-07 6.82633E-02 
2.78000E+01 6.60000E-02  -1.34513E-07 6.62845E-02 
2.78667E+01 6.40000E-02  -1.51867E-07 6.43056E-02 
2.79333E+01 6.20000E-02  -1.79358E-07 6.21745E-02 
2.80000E+01 6.00000E-02  -1.79512E-07 6.01956E-02 
2.80667E+01 5.80000E-02  -1.90262E-07 5.83690E-02 
2.81333E+01 5.60000E-02  -2.27122E-07 5.63901E-02 
2.82000E+01 5.40000E-02  -2.15757E-07 5.42590E-02 
2.82667E+01 5.20000E-02  -2.24664E-07 5.22801E-02 
2.83333E+01 5.00000E-02  -2.64442E-07 5.03013E-02 
2.84000E+01 4.80000E-02  -2.44016E-07 4.83224E-02 
2.84667E+01 4.60000E-02  -2.54305E-07 4.63435E-02 
2.85333E+01 4.40000E-02  -2.93161E-07 4.43646E-02 
2.86000E+01 4.20000E-02  -2.59066E-07 4.22336E-02 
2.86667E+01 4.00000E-02  -2.75960E-07 4.02547E-02 
2.87333E+01 3.80000E-02  -3.22034E-07 3.82758E-02 
2.88000E+01 3.60000E-02  -2.82871E-07 3.62969E-02 
2.88667E+01 3.40000E-02  -2.95772E-07 3.41658E-02 
2.89333E+01 3.20000E-02  -3.45225E-07 3.21870E-02 
2.90000E+01 3.00000E-02  -3.01608E-07 3.03603E-02 
2.90667E+01 2.80000E-02  -3.16198E-07 2.82292E-02 
2.91333E+01 2.60000E-02  -3.59354E-07 2.62504E-02 
2.92000E+01 2.40000E-02  -3.19424E-07 2.42715E-02 
2.92667E+01 2.20000E-02  -3.34628E-07 2.22926E-02 
2.93333E+01 2.00000E-02  -3.69184E-07 2.03137E-02 
2.94000E+01 1.80000E-02  -3.30021E-07 1.83349E-02 
2.94667E+01 1.60000E-02  -3.47529E-07 1.62038E-02 
2.95333E+01 1.40000E-02  -3.80702E-07 1.42249E-02 
2.96000E+01 1.20000E-02  -3.42307E-07 1.22460E-02 
2.96667E+01 1.00000E-02  -3.60276E-07 1.02672E-02 
2.97333E+01 8.00000E-03  -3.90992E-07 8.28828E-03 
2.98000E+01 6.00000E-03  -3.59815E-07 6.30941E-03 
2.98667E+01 4.00000E-03  -3.73791E-07 4.17831E-03 
2.99333E+01 2.00000E-03  -3.88995E-07 2.19944E-03 
3.00000E+01 1.45825E-17  -3.60583E-07 2.20568E-04 
3.00667E+01 -2.00000E-03 -3.87920E-07 -1.75830E-03
3.01333E+01 -4.00000E-03 -3.95139E-07 -3.88940E-03
3.02000E+01 -6.00000E-03 -3.68723E-07 -5.86827E-03
3.02667E+01 -8.00000E-03 -3.94678E-07 -7.84714E-03
3.03333E+01 -1.00000E-02 -4.02203E-07 -9.82602E-03
3.04000E+01 -1.20000E-02 -3.77938E-07 -1.18049E-02
3.04667E+01 -1.40000E-02 -4.06811E-07 -1.37838E-02
3.05333E+01 -1.60000E-02 -4.08500E-07 -1.57626E-02
3.06000E+01 -1.80000E-02 -3.84388E-07 -1.75893E-02
3.06667E+01 -2.00000E-02 -4.18176E-07 -1.95682E-02
3.07333E+01 -2.20000E-02 -4.17408E-07 -2.15470E-02
3.08000E+01 -2.40000E-02 -3.92989E-07 -2.36781E-02
3.08667E+01 -2.60000E-02 -4.24319E-07 -2.56570E-02
3.09333E+01 -2.80000E-02 -4.23551E-07 -2.74836E-02
3.10000E+01 -3.00000E-02 -3.99900E-07 -2.94625E-02
3.10667E+01 -3.20000E-02 -4.28005E-07 -3.15936E-02
3.11333E+01 -3.40000E-02 -4.30309E-07 -3.35725E-02
3.12000E+01 -3.60000E-02 -4.07732E-07 -3.55514E-02
3.12667E+01 -3.80000E-02 -4.37988E-07 -3.75302E-02
3.13333E+01 -4.00000E-02 -4.37527E-07 -3.96613E-02
3.14000E+01 -4.20000E-02 -4.12954E-07 -4.16402E-02
3.14667E+01 -4.40000E-02 -4.45206E-07 -4.36191E-02
3.15333E+01 -4.60000E-02 -4.45667E-07 -4.57502E-02
3.16000E+01 -4.80000E-02 -4.17869E-07 -4.75768E-02
3.16667E+01 -5.00000E-02 -4.50428E-07 -4.95557E-02
3.17333E+01 -5.20000E-02 -4.52271E-07 -5.15346E-02
3.18000E+01 -5.40000E-02 -4.26776E-07 -5.36657E-02
3.18667E+01 -5.60000E-02 -4.55649E-07 -5.56445E-02
3.19333E+01 -5.80000E-02 -4.60103E-07 -5.76234E-02
3.20000E+01 -6.00000E-02 -4.64403E-07 -5.96023E-02
3.20667E+01 -6.20000E-02 -4.60564E-07 -6.15811E-02
3.21333E+01 -6.40000E-02 -4.67014E-07 -6.35600E-02
3.22000E+01 -6.60000E-02 -4.48738E-07 -6.56911E-02
3.22667E+01 -6.80000E-02 -4.77151E-07 -6.75178E-02
3.23333E+01 -7.00000E-02 -4.71929E-07 -6.94966E-02
3.24000E+01 -7.20000E-02 -4.68704E-07 -7.16277E-02
3.24667E+01 -7.40000E-02 -4.79761E-07 -7.36066E-02
3.25333E+01 -7.60000E-02 -4.82526E-07 -7.55855E-02
3.26000E+01 -7.80000E-02 -4.89591E-07 -7.77166E-02
3.26667E+01 -8.00000E-02 -4.80222E-07 -7.96954E-02
3.27333E+01 -8.20000E-02 -4.90819E-07 -8.16743E-02
3.28000E+01 -8.40000E-02 -5.06792E-07 -8.38054E-02
3.28667E+01 -8.60000E-02 -4.88823E-07 -8.56321E-02
3.29333E+01 -8.80000E-02 -4.95273E-07 -8.76109E-02
3.30000E+01 -9.00000E-02 -5.18924E-07 -8.95898E-02
3.30667E+01 -9.20000E-02 -4.96502E-07 -9.17209E-02
3.31333E+01 -9.40000E-02 -5.01416E-07 -9.36998E-02
3.32000E+01 -9.60000E-02 -5.37508E-07 -9.56786E-02
3.32667E+01 -9.80000E-02 -5.02184E-07 -9.75053E-02
3.33333E+01 -1.00000E-01 -5.12474E-07 -9.96364E-02
3.34000E+01 -1.02000E-01 -5.53326E-07 -1.01615E-01
3.34667E+01 -1.04000E-01 -5.12320E-07 -1.03594E-01
3.35333E+01 -1.06000E-01 -5.22610E-07 -1.05573E-01
3.36000E+01 -1.08000E-01 -5.68992E-07 -1.07552E-01
3.36667E+01 -1.10000E-01 -5.23839E-07 -1.09531E-01
3.37333E+01 -1.12000E-01 -5.33054E-07 -1.11662E-01
3.38000E+01 -1.14000E-01 -5.79282E-07 -1.13641E-01
3.38667E+01 -1.16000E-01 -5.33054E-07 -1.15620E-01
3.39333E+01 -1.18000E-01 -5.44880E-07 -1.17598E-01
3.40000E+01 -1.20000E-01 -5.94947E-07 -1.19730E-01
3.40667E+01 -1.22000E-01 -5.47490E-07 -1.21708E-01
3.41333E+01 -1.24000E-01 -5.60852E-07 -1.23687E-01
3.42000E+01 -1.26000E-01 -6.10458E-07 -1.25666E-01
3.42667E+01 -1.28000E-01 -5.66227E-07 -1.27645E-01
3.43333E+01 -1.30000E-01 -5.76363E-07 -1.29624E-01
3.44000E+01 -1.32000E-01 -6.19673E-07 -1.31755E-01
3.44667E+01 -1.34000E-01 -5.78667E-07 -1.33734E-01
3.45333E+01 -1.36000E-01 -5.98018E-07 -1.35713E-01
3.46000E+01 -1.38000E-01 -6.29042E-07 -1.37692E-01
3.46667E+01 -1.40000E-01 -5.94332E-07 -1.39670E-01
3.47333E+01 -1.42000E-01 -6.12916E-07 -1.41649E-01
3.48000E+01 -1.44000E-01 -6.43785E-07 -1.43780E-01
3.48667E+01 -1.46000E-01 -6.22745E-07 -1.45607E-01
3.49333E+01 -1.48000E-01 -6.27506E-07 -1.47738E-01
3.50000E+01 -1.50000E-01 -6.59604E-07 -1.49717E-01
3.50667E+01 -1.52000E-01 -6.33956E-07 -1.51696E-01
3.51333E+01 -1.54000E-01 -6.57454E-07 -1.53675E-01
3.52000E+01 -1.56000E-01 -6.76344E-07 -1.55806E-01
3.52667E+01 -1.58000E-01 -6.54843E-07 -1.57785E-01
3.53333E+01 -1.60000E-01 -6.77112E-07 -1.59764E-01
3.54000E+01 -1.62000E-01 -6.90627E-07 -1.61743E-01
3.54667E+01 -1.64000E-01 -6.74809E-07 -1.63721E-01
3.55333E+01 -1.66000E-01 -6.96003E-07 -1.65700E-01
3.56000E+01 -1.68000E-01 -7.13204E-07 -1.67679E-01
3.56667E+01 -1.70000E-01 -6.88631E-07 -1.69810E-01
3.57333E+01 -1.72000E-01 -7.22418E-07 -1.71789E-01
3.58000E+01 -1.74000E-01 -7.35166E-07 -1.73616E-01
3.58667E+01 -1.76000E-01 -7.10746E-07 -1.75442E-01
3.59333E+01 -1.78000E-01 -7.46070E-07 -1.77574E-01
3.60000E+01 -1.80000E-01 -7.56206E-07 -1.79552E-01
3.60667E+01 -1.82000E-01 -7.35626E-07 -1.81531E-01
3.61333E+01 -1.84000E-01 -7.63424E-07 -1.83510E-01
3.62000E+01 -1.86000E-01 -7.72639E-07 -1.85489E-01
3.62667E+01 -1.88000E-01 -7.51752E-07 -1.87468E-01
3.63333E+01 -1.90000E-01 -7.82161E-07 -1.89599E-01
3.64000E+01 -1.92000E-01 -7.88919E-07 -1.91578E-01
3.64667E+01 -1.94000E-01 -7.66803E-07 -1.93557E-01
3.65333E+01 -1.96000E-01 -8.03355E-07 -1.95536E-01
3.66000E+01 -1.98000E-01 -8.09499E-07 -1.97667E-01
3.66667E+01 -2.00000E-01 -7.89533E-07 -1.99646E-01
3.67333E+01 -2.02000E-01 -8.15949E-07 -2.01624E-01
3.68000E+01 -2.04000E-01 -8.28696E-07 -2.03603E-01
3.68667E+01 -2.06000E-01 -8.10881E-07 -2.05582E-01
3.69333E+01 -2.08000E-01 -8.39600E-07 -2.07561E-01
3.70000E+01 -2.10000E-01 -8.44515E-07 -2.09540E-01
3.70667E+01 -2.12000E-01 -8.42365E-07 -2.11671E-01
3.71333E+01 -2.14000E-01 -8.54344E-07 -2.13498E-01
3.72000E+01 -2.16000E-01 -8.62330E-07 -2.15629E-01
3.72667E+01 -2.18000E-01 -8.52501E-07 -2.17608E-01
3.73333E+01 -2.20000E-01 -8.87057E-07 -2.19586E-01
3.74000E+01 -2.22000E-01 -8.85674E-07 -2.21565E-01
3.74667E+01 -2.24000E-01 -9.01493E-07 -2.23544E-01
3.75333E+01 -2.26000E-01 -9.03643E-07 -2.25523E-01
3.76000E+01 -2.28000E-01 -9.08404E-07 -2.27654E-01
3.76667E+01 -2.30000E-01 -9.36970E-07 -2.29633E-01
3.77333E+01 -2.32000E-01 -9.27755E-07 -2.31612E-01
3.78000E+01 -2.34000E-01 -9.32516E-07 -2.33591E-01
3.78667E+01 -2.36000E-01 -9.78591E-07 -2.35570E-01
3.79333E+01 -2.38000E-01 -9.47874E-07 -2.37701E-01
3.80000E+01 -2.40000E-01 -9.61390E-07 -2.39680E-01
3.80667E+01 -2.42000E-01 -1.01253E-06 -2.41659E-01
3.81333E+01 -2.44000E-01 -9.81509E-07 -2.43637E-01
3.82000E+01 -2.46000E-01 -9.91798E-07 -2.45616E-01
3.82667E+01 -2.48000E-01 -1.04571E-06 -2.47595E-01
3.83333E+01 -2.50000E-01 -1.01591E-06 -2.49726E-01
3.84000E+01 -2.52000E-01 -1.02466E-06 -2.51705E-01
3.84667E+01 -2.54000E-01 -1.07811E-06 -2.53532E-01
3.85333E+01 -2.56000E-01 -1.04325E-06 -2.55663E-01
3.86000E+01 -2.58000E-01 -1.05461E-06 -2.57642E-01
3.86667E+01 -2.60000E-01 -1.11359E-06 -2.59621E-01
3.87333E+01 -2.62000E-01 -1.06859E-06 -2.61599E-01
3.88000E+01 -2.64000E-01 -1.08855E-06 -2.63578E-01
3.88667E+01 -2.66000E-01 -1.13693E-06 -2.65557E-01
3.89333E+01 -2.68000E-01 -1.09977E-06 -2.67688E-01
3.90000E+01 -2.70000E-01 -1.11558E-06 -2.69667E-01
3.90667E+01 -2.72000E-01 -1.15966E-06 -2.71646E-01
3.91333E+01 -2.74000E-01 -1.12587E-06 -2.73625E-01
3.92000E+01 -2.76000E-01 -1.13801E-06 -2.75604E-01
3.92667E+01 -2.78000E-01 -1.17978E-06 -2.77735E-01
3.93333E+01 -2.80000E-01 -1.15352E-06 -2.79714E-01
3.94000E+01 -2.82000E-01 -1.15659E-06 -2.81693E-01
3.94667E+01 -2.84000E-01 -1.19391E-06 -2.83672E-01
3.95333E+01 -2.86000E-01 -1.16135E-06 -2.85650E-01
3.96000E+01 -2.88000E-01 -1.18040E-06 -2.87629E-01
3.96667E+01 -2.90000E-01 -1.20266E-06 -2.89608E-01
3.97333E+01 -2.92000E-01 -1.18101E-06 -2.91587E-01
3.98000E+01 -2.94000E-01 -1.19314E-06 -2.93718E-01
3.98667E+01 -2.96000E-01 -1.20927E-06 -2.95697E-01
3.99333E+01 -2.98000E-01 -1.18884E-06 -2.97676E-01
4.00000E+01 -3.00000E-01 -1.20543E-06 -2.99655E-01
4.00667E+01 -3.02000E-01 -1.20958E-06 -3.01634E-01
4.01333E+01 -3.04000E-01 -1.19130E-06 -3.03612E-01
4.02000E+01 -3.06000E-01 -1.21096E-06 -3.05591E-01
4.02667E+01 -3.08000E-01 -1.21126E-06 -3.07722E-01
4.03333E+01 -3.10000E-01 -1.19514E-06 -3.09701E-01
4.04000E+01 -3.12000E-01 -1.21357E-06 -3.11680E-01
4.04667E+01 -3.14000E-01 -1.21510E-06 -3.13659E-01
4.05333E+01 -3.16000E-01 -1.19698E-06 -3.15790E-01
4.06000E+01 -3.18000E-01 -1.21572E-06 -3.17769E-01
4.06667E+01 -3.20000E-01 -1.21096E-06 -3.19748E-01
4.07333E+01 -3.22000E-01 -1.18362E-06 -3.21727E-01
4.08000E+01 -3.24000E-01 -1.21403E-06 -3.23706E-01
4.08667E+01 -3.26000E-01 -1.21080E-06 -3.25685E-01
4.09333E+01 -3.28000E-01 -1.18055E-06 -3.27816E-01
4.10000E+01 -3.30000E-01 -1.21050E-06 -3.29642E-01
4.10667E+01 -3.32000E-01 -1.20988E-06 -3.31621E-01
4.11333E+01 -3.34000E-01 -1.18331E-06 -3.33752E-01
4.12000E+01 -3.36000E-01 -1.20558E-06 -3.35731E-01
4.12667E+01 -3.38000E-01 -1.20620E-06 -3.37710E-01
4.13333E+01 -3.40000E-01 -1.17932E-06 -3.39689E-01
4.14000E+01 -3.42000E-01 -1.20236E-06 -3.41668E-01
4.14667E+01 -3.44000E-01 -1.19683E-06 -3.43647E-01
4.15333E+01 -3.46000E-01 -1.17179E-06 -3.45625E-01
4.16000E+01 -3.48000E-01 -1.19022E-06 -3.47757E-01
4.16667E+01 -3.50000E-01 -1.19038E-06 -3.49735E-01
4.17333E+01 -3.52000E-01 -1.16673E-06 -3.51714E-01
4.18000E+01 -3.54000E-01 -1.18208E-06 -3.53693E-01
4.18667E+01 -3.56000E-01 -1.18853E-06 -3.55824E-01
4.19333E+01 -3.58000E-01 -1.16826E-06 -3.57803E-01
4.20000E+01 -3.60000E-01 -1.18024E-06 -3.59782E-01
4.20667E+01 -3.62000E-01 -1.18301E-06 -3.61761E-01
4.21333E+01 -3.64000E-01 -1.17502E-06 -3.63740E-01
4.22000E+01 -3.66000E-01 -1.17825E-06 -3.65719E-01
4.22667E+01 -3.68000E-01 -1.17394E-06 -3.67850E-01
4.23333E+01 -3.70000E-01 -1.16550E-06 -3.69676E-01
4.24000E+01 -3.72000E-01 -1.17594E-06 -3.71807E-01
4.24667E+01 -3.74000E-01 -1.16550E-06 -3.73786E-01
4.25333E+01 -3.76000E-01 -1.18285E-06 -3.75765E-01
4.26000E+01 -3.78000E-01 -1.16580E-06 -3.77744E-01
4.26667E+01 -3.80000E-01 -1.16335E-06 -3.79723E-01
4.27333E+01 -3.82000E-01 -1.18792E-06 -3.81702E-01
4.28000E+01 -3.84000E-01 -1.15598E-06 -3.83681E-01
4.28667E+01 -3.86000E-01 -1.15736E-06 -3.85812E-01
4.29333E+01 -3.88000E-01 -1.18746E-06 -3.87791E-01
4.30000E+01 -3.90000E-01 -1.14615E-06 -3.89770E-01
4.30667E+01 -3.92000E-01 -1.15244E-06 -3.91901E-01
4.31333E+01 -3.94000E-01 -1.18807E-06 -3.93879E-01
4.32000E+01 -3.96000E-01 -1.13939E-06 -3.95858E-01
4.32667E+01 -3.98000E-01 -1.14277E-06 -3.97837E-01
4.33333E+01 -4.00000E-01 -1.18685E-06 -3.99816E-01
4.34000E+01 -4.02000E-01 -1.14016E-06 -4.01795E-01
4.34667E+01 -4.04000E-01 -1.14108E-06 -4.03774E-01
4.35333E+01 -4.06000E-01 -1.17932E-06 -4.05905E-01
4.36000E+01 -4.08000E-01 -1.13447E-06 -4.07732E-01
4.36667E+01 -4.10000E-01 -1.13647E-06 -4.09710E-01
4.37333E+01 -4.12000E-01 -1.17210E-06 -4.11689E-01
4.38000E+01 -4.14000E-01 -1.12019E-06 -4.13820E-01
4.38667E+01 -4.16000E-01 -1.13017E-06 -4.15799E-01
4.39333E+01 -4.18000E-01 -1.16611E-06 -4.17626E-01
4.40000E+01 -4.20000E-01 -1.11374E-06 -4.19757E-01
4.40667E+01 -4.22000E-01 -1.12465E-06 -4.21736E-01
4.41333E+01 -4.24000E-01 -1.15644E-06 -4.23715E-01
4.42000E+01 -4.26000E-01 -1.11221E-06 -4.25694E-01
4.42667E+01 -4.28000E-01 -1.12418E-06 -4.27825E-01
4.43333E+01 -4.30000E-01 -1.14200E-06 -4.29804E-01
4.44000E+01 -4.32000E-01 -1.10637E-06 -4.31783E-01
4.44667E+01 -4.34000E-01 -1.12096E-06 -4.33914E-01
4.45333E+01 -4.36000E-01 -1.13217E-06 -4.35892E-01
4.46000E+01 -4.38000E-01 -1.09685E-06 -4.37719E-01
4.46667E+01 -4.40000E-01 -1.11512E-06 -4.39698E-01
4.47333E+01 -4.42000E-01 -1.12065E-06 -4.41829E-01
4.48000E+01 -4.44000E-01 -1.09070E-06 -4.43808E-01
4.48667E+01 -4.46000E-01 -1.11558E-06 -4.45787E-01
4.49333E+01 -4.48000E-01 -1.11067E-06 -4.47766E-01
4.50000E+01 -4.50000E-01 -1.08410E-06 -4.49745E-01
4.50667E+01 -4.52000E-01 -1.11389E-06 -4.51876E-01
4.51333E+01 -4.54000E-01 -1.10560E-06 -4.53855E-01
4.52000E+01 -4.56000E-01 -1.08057E-06 -4.55833E-01
4.52667E+01 -4.58000E-01 -1.10453E-06 -4.57812E-01
4.53333E+01 -4.60000E-01 -1.10007E-06 -4.59791E-01
4.54000E+01 -4.62000E-01 -1.07427E-06 -4.61770E-01
4.54667E+01 -4.64000E-01 -1.10268E-06 -4.63901E-01
4.55333E+01 -4.66000E-01 -1.09900E-06 -4.65880E-01
4.56000E+01 -4.68000E-01 -1.06936E-06 -4.67859E-01
4.56667E+01 -4.70000E-01 -1.10391E-06 -4.69838E-01
4.57333E+01 -4.72000E-01 -1.09808E-06 -4.71969E-01
4.58000E+01 -4.74000E-01 -1.06460E-06 -4.73948E-01
4.58667E+01 -4.76000E-01 -1.10284E-06 -4.75774E-01
4.59333E+01 -4.78000E-01 -1.09623E-06 -4.77753E-01
4.60000E+01 -4.80000E-01 -1.06198E-06 -4.79884E-01
4.60667E+01 -4.82000E-01 -1.09869E-06 -4.81863E-01
4.61333E+01 -4.84000E-01 -1.09516E-06 -4.83842E-01
4.62000E+01 -4.86000E-01 -1.06291E-06 -4.85669E-01
4.62667E+01 -4.88000E-01 -1.09700E-06 -4.87648E-01
4.63333E+01 -4.90000E-01 -1.09301E-06 -4.89626E-01
4.64000E+01 -4.92000E-01 -1.06828E-06 -4.91758E-01
4.64667E+01 -4.94000E-01 -1.09731E-06 -4.93736E-01
4.65333E+01 -4.96000E-01 -1.09285E-06 -4.95563E-01
4.66000E+01 -4.98000E-01 -1.06997E-06 -4.97694E-01
4.66667E+01 -5.00000E-01 -1.09669E-06 -4.99673E-01
4.67333E+01 -5.02000E-01 -1.08794E-06 -5.01652E-01
4.68000E+01 -5.04000E-01 -1.06936E-06 -5.03631E-01
4.68667E+01 -5.06000E-01 -1.09439E-06 -5.05610E-01
4.69333E+01 -5.08000E-01 -1.09116E-06 -5.07741E-01
4.70000E+01 -5.10000E-01 -1.08011E-06 -5.09720E-01
4.70667E+01 -5.12000E-01 -1.09132E-06 -5.11851E-01
4.71333E+01 -5.14000E-01 -1.09285E-06 -5.13830E-01
4.72000E+01 -5.16000E-01 -1.09623E-06 -5.15656E-01
4.72667E+01 -5.18000E-01 -1.08748E-06 -5.17635E-01
4.73333E+01 -5.20000E-01 -1.09147E-06 -5.19766E-01
4.74000E+01 -5.22000E-01 -1.06413E-06 -5.21745E-01
4.74667E+01 -5.24000E-01 -1.09516E-06 -5.23724E-01
4.75333E+01 -5.26000E-01 -1.09178E-06 -5.25703E-01
4.76000E+01 -5.28000E-01 -1.11343E-06 -5.27682E-01
4.76667E+01 -5.30000E-01 -1.08579E-06 -5.29661E-01
4.77333E+01 -5.32000E-01 -1.09086E-06 -5.31792E-01
4.78000E+01 -5.34000E-01 -1.12342E-06 -5.33771E-01
4.78667E+01 -5.36000E-01 -1.08932E-06 -5.35597E-01
4.79333E+01 -5.38000E-01 -1.08994E-06 -5.37728E-01
4.80000E+01 -5.40000E-01 -1.12726E-06 -5.39707E-01
4.80667E+01 -5.42000E-01 -1.08210E-06 -5.41686E-01
4.81333E+01 -5.44000E-01 -1.09378E-06 -5.43665E-01
4.82000E+01 -5.46000E-01 -1.12680E-06 -5.45796E-01
4.82667E+01 -5.48000E-01 -1.08395E-06 -5.47775E-01
4.83333E+01 -5.50000E-01 -1.09055E-06 -5.49754E-01
4.84000E+01 -5.52000E-01 -1.13186E-06 -5.51885E-01
4.84667E+01 -5.54000E-01 -1.08733E-06 -5.53712E-01
4.85333E+01 -5.56000E-01 -1.09316E-06 -5.55690E-01
4.86000E+01 -5.58000E-01 -1.13540E-06 -5.57669E-01
4.86667E+01 -5.60000E-01 -1.08717E-06 -5.59800E-01
4.87333E+01 -5.62000E-01 -1.09731E-06 -5.61779E-01
4.88000E+01 -5.64000E-01 -1.13202E-06 -5.63758E-01
4.88667E+01 -5.66000E-01 -1.08272E-06 -5.65737E-01
4.89333E+01 -5.68000E-01 -1.09977E-06 -5.67716E-01
4.90000E+01 -5.70000E-01 -1.12526E-06 -5.69695E-01
4.90667E+01 -5.72000E-01 -1.08088E-06 -5.71674E-01
4.91333E+01 -5.74000E-01 -1.09762E-06 -5.73652E-01
4.92000E+01 -5.76000E-01 -1.12495E-06 -5.75631E-01
4.92667E+01 -5.78000E-01 -1.08548E-06 -5.77610E-01
4.93333E+01 -5.80000E-01 -1.10222E-06 -5.79741E-01
4.94000E+01 -5.82000E-01 -1.12142E-06 -5.81720E-01
4.94667E+01 -5.84000E-01 -1.08564E-06 -5.83699E-01
4.95333E+01 -5.86000E-01 -1.10576E-06 -5.85830E-01
4.96000E+01 -5.88000E-01 -1.11866E-06 -5.87809E-01
4.96667E+01 -5.90000E-01 -1.08579E-06 -5.89788E-01
4.97333E+01 -5.92000E-01 -1.11006E-06 -5.91767E-01
4.98000E+01 -5.94000E-01 -1.11236E-06 -5.93746E-01
4.98667E+01 -5.96000E-01 -1.08640E-06 -5.95724E-01
4.99333E+01 -5.98000E-01 -1.11067E-06 -5.97703E-01
5.00000E+01 -6.00000E-01 -1.11359E-06 -5.99834E-01
5.00667E+01 -6.02000E-01 -1.08533E-06 -6.01813E-01
5.01333E+01 -6.04000E-01 -1.11589E-06 -6.03792E-01
5.02000E+01 -6.06000E-01 -1.11758E-06 -6.05771E-01
5.02667E+01 -6.08000E-01 -1.08395E-06 -6.07750E-01
5.03333E+01 -6.10000E-01 -1.12111E-06 -6.09729E-01
5.04000E+01 -6.12000E-01 -1.12280E-06 -6.11708E-01
5.04667E+01 -6.14000E-01 -1.09255E-06 -6.13687E-01
5.05333E+01 -6.16000E-01 -1.12449E-06 -6.15818E-01
5.06000E+01 -6.18000E-01 -1.11896E-06 -6.17797E-01
5.06667E+01 -6.20000E-01 -1.09347E-06 -6.19775E-01
5.07333E+01 -6.22000E-01 -1.12802E-06 -6.21754E-01
5.08000E+01 -6.24000E-01 -1.13064E-06 -6.23885E-01
5.08667E+01 -6.26000E-01 -1.09285E-06 -6.25864E-01
5.09333E+01 -6.28000E-01 -1.13877E-06 -6.27843E-01
5.10000E+01 -6.30000E-01 -1.13616E-06 -6.29822E-01
5.10667E+01 -6.32000E-01 -1.10284E-06 -6.31801E-01
5.11333E+01 -6.34000E-01 -1.14553E-06 -6.33780E-01
5.12000E+01 -6.36000E-01 -1.14430E-06 -6.35759E-01
5.12667E+01 -6.38000E-01 -1.11743E-06 -6.37890E-01
5.13333E+01 -6.40000E-01 -1.14784E-06 -6.39869E-01
5.14000E+01 -6.42000E-01 -1.14999E-06 -6.41695E-01
5.14667E+01 -6.44000E-01 -1.12695E-06 -6.43522E-01
5.15333E+01 -6.46000E-01 -1.15045E-06 -6.45653E-01
5.16000E+01 -6.48000E-01 -1.15429E-06 -6.47632E-01
5.16667E+01 -6.50000E-01 -1.14154E-06 -6.49611E-01
5.17333E+01 -6.52000E-01 -1.16120E-06 -6.51590E-01
5.18000E+01 -6.54000E-01 -1.16365E-06 -6.53568E-01
5.18667E+01 -6.56000E-01 -1.15966E-06 -6.55547E-01
5.19333E+01 -6.58000E-01 -1.16918E-06 -6.57526E-01
5.20000E+01 -6.60000E-01 -1.17318E-06 -6.59657E-01
5.20667E+01 -6.62000E-01 -1.18347E-06 -6.61636E-01
5.21333E+01 -6.64000E-01 -1.16719E-06 -6.63615E-01
5.22000E+01 -6.66000E-01 -1.18316E-06 -6.65594E-01
5.22667E+01 -6.68000E-01 -1.20528E-06 -6.67725E-01
5.23333E+01 -6.70000E-01 -1.18147E-06 -6.69704E-01
5.24000E+01 -6.72000E-01 -1.19161E-06 -6.71683E-01
5.24667E+01 -6.74000E-01 -1.22632E-06 -6.73662E-01
5.25333E+01 -6.76000E-01 -1.19591E-06 -6.75640E-01
5.26000E+01 -6.78000E-01 -1.20051E-06 -6.77619E-01
5.26667E+01 -6.80000E-01 -1.24137E-06 -6.79598E-01
5.27333E+01 -6.82000E-01 -1.20297E-06 -6.81577E-01
5.28000E+01 -6.84000E-01 -1.21341E-06 -6.83556E-01
5.28667E+01 -6.86000E-01 -1.25580E-06 -6.85687E-01
5.29333E+01 -6.88000E-01 -1.21434E-06 -6.87666E-01
5.30000E+01 -6.90000E-01 -1.22708E-06 -6.89645E-01
5.30667E+01 -6.92000E-01 -1.27546E-06 -6.91624E-01
5.31333E+01 -6.94000E-01 -1.22232E-06 -6.93603E-01
5.32000E+01 -6.96000E-01 -1.24137E-06 -6.95581E-01
5.32667E+01 -6.98000E-01 -1.28790E-06 -6.97713E-01
