time/s      E/V        I/A
0.00000E+00 -7.00000E-01 -1.27623E-06 -6.99691E-01
6.66667E-02 -6.98000E-01 -8.22399E-07 -6.97713E-01
1.33333E-01 -6.96000E-01 -7.31019E-07 -6.95734E-01
2.00000E-01 -6.94000E-01 -6.03854E-07 -6.93755E-01
2.66667E-01 -6.92000E-01 -5.54401E-07 -6.91624E-01
3.33333E-01 -6.90000E-01 -5.42576E-07 -6.89797E-01
4.00000E-01 -6.88000E-01 -4.66707E-07 -6.87666E-01
4.66667E-01 -6.86000E-01 -4.39063E-07 -6.85687E-01
5.33333E-01 -6.84000E-01 -4.37220E-07 -6.83708E-01
6.00000E-01 -6.82000E-01 -3.81163E-07 -6.81729E-01
6.66667E-01 -6.80000E-01 -3.63194E-07 -6.79750E-01
7.33333E-01 -6.78000E-01 -3.59354E-07 -6.77772E-01
8.00000E-01 -6.76000E-01 -3.15891E-07 -6.75640E-01
8.66667E-01 -6.74000E-01 -3.05601E-07 -6.73662E-01
9.33333E-01 -6.72000E-01 -3.00994E-07 -6.71683E-01
1.00000E+00 -6.70000E-01 -2.63367E-07 -6.69704E-01
1.06667E+00 -6.68000E-01 -2.60909E-07 -6.67725E-01
1.13333E+00 -6.66000E-01 -2.51695E-07 -6.65746E-01
1.20000E+00 -6.64000E-01 -2.20978E-07 -6.63767E-01
1.26667E+00 -6.62000E-01 -2.23129E-07 -6.61636E-01
1.33333E+00 -6.60000E-01 -2.14221E-07 -6.59657E-01
1.40000E+00 -6.58000E-01 -1.84887E-07 -6.57678E-01
1.46667E+00 -6.56000E-01 -1.90416E-07 -6.55700E-01
1.53333E+00 -6.54000E-01 -1.82430E-07 -6.53568E-01
1.60000E+00 -6.52000E-01 -1.56014E-07 -6.51590E-01
1.66667E+00 -6.50000E-01 -1.62464E-07 -6.49763E-01
1.73333E+00 -6.48000E-01 -1.57857E-07 -6.47632E-01
1.80000E+00 -6.46000E-01 -1.30980E-07 -6.45653E-01
1.86667E+00 -6.44000E-01 -1.43267E-07 -6.43674E-01
1.93333E+00 -6.42000E-01 -1.32823E-07 -6.41847E-01
2.00000E+00 -6.40000E-01 -1.11629E-07 -6.40021E-01
2.06667E+00 -6.38000E-01 -1.20998E-07 -6.37890E-01
2.13333E+00 -6.36000E-01 -1.13779E-07 -6.35911E-01
2.20000E+00 -6.34000E-01 -8.76707E-08 -6.33932E-01
2.26667E+00 -6.32000E-01 -1.03182E-07 -6.31801E-01
2.33333E+00 -6.30000E-01 -9.79606E-08 -6.29974E-01
2.40000E+00 -6.28000E-01 -7.30806E-08 -6.27995E-01
2.46667E+00 -6.26000E-01 -8.58277E-08 -6.25864E-01
2.53333E+00 -6.24000E-01 -8.16811E-08 -6.23885E-01
2.60000E+00 -6.22000E-01 -5.92583E-08 -6.21906E-01
2.66667E+00 -6.20000E-01 -7.52307E-08 -6.19775E-01
2.73333E+00 -6.18000E-01 -6.60159E-08 -6.17797E-01
2.80000E+00 -6.16000E-01 -4.57433E-08 -6.15818E-01
2.86667E+00 -6.14000E-01 -6.12549E-08 -6.13839E-01
2.93333E+00 -6.12000E-01 -5.31151E-08 -6.11860E-01
3.00000E+00 -6.10000E-01 -3.08460E-08 -6.09881E-01
3.06667E+00 -6.08000E-01 -5.52653E-08 -6.07902E-01
3.13333E+00 -6.06000E-01 -3.99072E-08 -6.05771E-01
3.20000E+00 -6.04000E-01 -2.34741E-08 -6.03792E-01
3.26667E+00 -6.02000E-01 -3.52998E-08 -6.01813E-01
3.33333E+00 -6.00000E-01 -3.42247E-08 -5.99834E-01
3.40000E+00 -5.98000E-01 -1.77916E-08 -5.97856E-01
3.46667E+00 -5.96000E-01 -2.82351E-08 -5.95877E-01
3.53333E+00 -5.94000E-01 -2.14776E-08 -5.93746E-01
3.60000E+00 -5.92000E-01 -1.93274E-08 -5.91919E-01
3.66667E+00 -5.90000E-01 -1.82524E-08 -5.89940E-01
3.73333E+00 -5.88000E-01 -8.73040E-09 -5.87809E-01
3.80000E+00 -5.86000E-01 -1.87131E-08 -5.85830E-01
3.86667E+00 -5.84000E-01 -6.88743E-09 -5.83851E-01
3.93333E+00 -5.82000E-01 -7.44215E-10 -5.81872E-01
4.00000E+00 -5.80000E-01 -2.05561E-08 -5.79741E-01
4.06667E+00 -5.78000E-01 4.47752E-09  -5.77762E-01
4.13333E+00 -5.76000E-01 7.85629E-09  -5.75784E-01
4.20000E+00 -5.74000E-01 -1.90203E-08 -5.73805E-01
4.26667E+00 -5.72000E-01 1.09279E-08  -5.71826E-01
4.33333E+00 -5.70000E-01 1.84533E-08  -5.69847E-01
4.40000E+00 -5.68000E-01 1.71307E-09  -5.67868E-01
4.46667E+00 -5.66000E-01 1.58425E-08  -5.65737E-01
4.53333E+00 -5.64000E-01 2.70538E-08  -5.63758E-01
4.60000E+00 -5.62000E-01 -1.34914E-08 -5.61931E-01
4.66667E+00 -5.60000E-01 2.98183E-08  -5.59800E-01
4.73333E+00 -5.58000E-01 3.25827E-08  -5.57821E-01
4.80000E+00 -5.56000E-01 -8.26965E-09 -5.55843E-01
4.86667E+00 -5.54000E-01 3.48864E-08  -5.53864E-01
4.93333E+00 -5.52000E-01 4.10296E-08  -5.51885E-01
5.00000E+00 -5.50000E-01 6.78122E-09  -5.49754E-01
5.06667E+00 -5.48000E-01 4.34869E-08  -5.47775E-01
5.13333E+00 -5.46000E-01 4.87087E-08  -5.45796E-01
5.20000E+00 -5.44000E-01 2.32143E-08  -5.43817E-01
5.26667E+00 -5.42000E-01 5.48519E-08  -5.41838E-01
5.33333E+00 -5.40000E-01 5.43911E-08  -5.39859E-01
5.40000E+00 -5.38000E-01 3.56543E-08  -5.37728E-01
5.46667E+00 -5.36000E-01 6.36060E-08  -5.35749E-01
5.53333E+00 -5.34000E-01 6.02272E-08  -5.33771E-01
5.60000E+00 -5.32000E-01 5.17803E-08  -5.31792E-01
5.66667E+00 -5.30000E-01 6.99028E-08  -5.29813E-01
5.73333E+00 -5.28000E-01 6.59097E-08  -5.27834E-01
5.80000E+00 -5.26000E-01 6.02272E-08  -5.25703E-01
5.86667E+00 -5.24000E-01 7.83497E-08  -5.23876E-01
5.93333E+00 -5.22000E-01 7.31279E-08  -5.21897E-01
6.00000E+00 -5.20000E-01 7.34351E-08  -5.19766E-01
6.06667E+00 -5.18000E-01 9.09433E-08  -5.17787E-01
6.13333E+00 -5.16000E-01 7.94247E-08  -5.15808E-01
6.20000E+00 -5.14000E-01 8.23428E-08  -5.13830E-01
6.26667E+00 -5.12000E-01 9.87759E-08  -5.11851E-01
6.33333E+00 -5.10000E-01 8.67966E-08  -5.09872E-01
6.40000E+00 -5.08000E-01 9.09433E-08  -5.07741E-01
6.46667E+00 -5.06000E-01 1.04919E-07  -5.05762E-01
6.53333E+00 -5.04000E-01 9.17112E-08  -5.03783E-01
6.60000E+00 -5.02000E-01 9.66257E-08  -5.01652E-01
6.66667E+00 -5.00000E-01 1.10448E-07  -4.99673E-01
6.73333E+00 -4.98000E-01 9.96974E-08  -4.97694E-01
6.80000E+00 -4.96000E-01 1.04766E-07  -4.95715E-01
6.86667E+00 -4.94000E-01 1.23195E-07  -4.93736E-01
6.93333E+00 -4.92000E-01 1.05533E-07  -4.91758E-01
7.00000E+00 -4.90000E-01 1.12445E-07  -4.89779E-01
7.06667E+00 -4.88000E-01 1.36096E-07  -4.87648E-01
7.13333E+00 -4.86000E-01 1.06608E-07  -4.85669E-01
7.20000E+00 -4.84000E-01 1.15670E-07  -4.83994E-01
7.26667E+00 -4.82000E-01 1.42086E-07  -4.82015E-01
7.33333E+00 -4.80000E-01 1.23349E-07  -4.79884E-01
7.40000E+00 -4.78000E-01 1.19816E-07  -4.77905E-01
7.46667E+00 -4.76000E-01 1.44236E-07  -4.75927E-01
7.53333E+00 -4.74000E-01 1.24270E-07  -4.73948E-01
7.60000E+00 -4.72000E-01 1.30260E-07  -4.71969E-01
7.66667E+00 -4.70000E-01 1.56061E-07  -4.69990E-01
7.73333E+00 -4.68000E-01 1.29185E-07  -4.68011E-01
7.80000E+00 -4.66000E-01 1.37171E-07  -4.66032E-01
7.86667E+00 -4.64000E-01 1.63894E-07  -4.63901E-01
7.93333E+00 -4.62000E-01 1.34253E-07  -4.61922E-01
8.00000E+00 -4.60000E-01 1.40243E-07  -4.59791E-01
8.06667E+00 -4.58000E-01 1.62512E-07  -4.57812E-01
8.13333E+00 -4.56000E-01 1.41010E-07  -4.55833E-01
8.20000E+00 -4.54000E-01 1.45464E-07  -4.53855E-01
8.26667E+00 -4.52000E-01 1.62972E-07  -4.51876E-01
8.33333E+00 -4.50000E-01 1.49918E-07  -4.49897E-01
8.40000E+00 -4.48000E-01 1.54372E-07  -4.47766E-01
8.46667E+00 -4.46000E-01 1.59133E-07  -4.45939E-01
8.53333E+00 -4.44000E-01 1.56215E-07  -4.43960E-01
8.60000E+00 -4.42000E-01 1.62051E-07  -4.41829E-01
8.66667E+00 -4.40000E-01 1.52836E-07  -4.39850E-01
8.73333E+00 -4.38000E-01 1.63433E-07  -4.37871E-01
8.80000E+00 -4.36000E-01 1.66505E-07  -4.35892E-01
8.86667E+00 -4.34000E-01 1.52529E-07  -4.33914E-01
8.93333E+00 -4.32000E-01 1.68041E-07  -4.31935E-01
9.00000E+00 -4.30000E-01 1.73723E-07  -4.29956E-01
9.06667E+00 -4.28000E-01 1.49918E-07  -4.27825E-01
9.13333E+00 -4.26000E-01 1.81095E-07  -4.25846E-01
9.20000E+00 -4.24000E-01 1.80481E-07  -4.23867E-01
9.26667E+00 -4.22000E-01 1.45618E-07  -4.21888E-01
9.33333E+00 -4.20000E-01 1.93996E-07  -4.19757E-01
9.40000E+00 -4.18000E-01 1.90156E-07  -4.17778E-01
9.46667E+00 -4.16000E-01 1.65430E-07  -4.15799E-01
9.53333E+00 -4.14000E-01 1.92921E-07  -4.13820E-01
9.60000E+00 -4.12000E-01 1.88313E-07  -4.11842E-01
9.66667E+00 -4.10000E-01 1.62819E-07  -4.09710E-01
9.73333E+00 -4.08000E-01 2.04746E-07  -4.07732E-01
9.80000E+00 -4.06000E-01 2.01214E-07  -4.05905E-01
9.86667E+00 -4.04000E-01 1.73109E-07  -4.03926E-01
9.93333E+00 -4.02000E-01 2.15651E-07  -4.01947E-01
1.00000E+01 -4.00000E-01 2.09968E-07  -3.99816E-01
1.00667E+01 -3.98000E-01 1.84627E-07  -3.97837E-01
1.01333E+01 -3.96000E-01 2.27476E-07  -3.95858E-01
1.02000E+01 -3.94000E-01 2.15497E-07  -3.93879E-01
1.02667E+01 -3.92000E-01 2.01982E-07  -3.91901E-01
1.03333E+01 -3.90000E-01 2.34080E-07  -3.89770E-01
1.04000E+01 -3.88000E-01 2.25019E-07  -3.87791E-01
1.04667E+01 -3.86000E-01 2.18876E-07  -3.85812E-01
1.05333E+01 -3.84000E-01 2.45599E-07  -3.83833E-01
1.06000E+01 -3.82000E-01 2.34541E-07  -3.81854E-01
1.06667E+01 -3.80000E-01 2.31469E-07  -3.79723E-01
1.07333E+01 -3.78000E-01 2.58807E-07  -3.77896E-01
1.08000E+01 -3.76000E-01 2.43449E-07  -3.75765E-01
1.08667E+01 -3.74000E-01 2.45752E-07  -3.73786E-01
1.09333E+01 -3.72000E-01 2.63414E-07  -3.71807E-01
1.10000E+01 -3.70000E-01 2.52971E-07  -3.69676E-01
1.10667E+01 -3.68000E-01 2.55735E-07  -3.67850E-01
1.11333E+01 -3.66000E-01 2.79233E-07  -3.65871E-01
1.12000E+01 -3.64000E-01 2.63107E-07  -3.63892E-01
1.12667E+01 -3.62000E-01 2.68482E-07  -3.61761E-01
1.13333E+01 -3.60000E-01 2.88908E-07  -3.59782E-01
1.14000E+01 -3.58000E-01 2.73090E-07  -3.57803E-01
1.14667E+01 -3.56000E-01 2.75393E-07  -3.55824E-01
1.15333E+01 -3.54000E-01 3.01809E-07  -3.53845E-01
1.16000E+01 -3.52000E-01 2.36384E-07  -3.51867E-01
1.16667E+01 -3.50000E-01 3.01041E-07  -3.49735E-01
1.17333E+01 -3.48000E-01 3.11792E-07  -3.47757E-01
1.18000E+01 -3.46000E-01 2.94591E-07  -3.45778E-01
1.18667E+01 -3.44000E-01 2.90444E-07  -3.43647E-01
1.19333E+01 -3.42000E-01 3.46962E-07  -3.41668E-01
1.20000E+01 -3.40000E-01 3.04574E-07  -3.39689E-01
1.20667E+01 -3.38000E-01 3.06263E-07  -3.37710E-01
1.21333E+01 -3.36000E-01 3.35904E-07  -3.35731E-01
1.22000E+01 -3.34000E-01 3.16860E-07  -3.33752E-01
1.22667E+01 -3.32000E-01 3.15939E-07  -3.31773E-01
1.23333E+01 -3.30000E-01 3.51876E-07  -3.29794E-01
1.24000E+01 -3.28000E-01 3.31757E-07  -3.27816E-01
1.24667E+01 -3.26000E-01 3.23310E-07  -3.25837E-01
1.25333E+01 -3.24000E-01 3.56944E-07  -3.23706E-01
1.26000E+01 -3.22000E-01 3.41433E-07  -3.21727E-01
1.26667E+01 -3.20000E-01 3.38668E-07  -3.19748E-01
1.27333E+01 -3.18000E-01 3.65545E-07  -3.17921E-01
1.28000E+01 -3.16000E-01 3.52798E-07  -3.15790E-01
1.28667E+01 -3.14000E-01 3.52491E-07  -3.13811E-01
1.29333E+01 -3.12000E-01 3.78446E-07  -3.11832E-01
1.30000E+01 -3.10000E-01 3.63856E-07  -3.09701E-01
1.30667E+01 -3.08000E-01 3.66466E-07  -3.07722E-01
1.31333E+01 -3.06000E-01 3.81210E-07  -3.05744E-01
1.32000E+01 -3.04000E-01 3.76910E-07  -3.03765E-01
1.32667E+01 -3.02000E-01 3.78599E-07  -3.01634E-01
1.33333E+01 -3.00000E-01 3.81825E-07  -2.99807E-01
1.34000E+01 -2.98000E-01 3.91654E-07  -2.97676E-01
1.34667E+01 -2.96000E-01 3.92729E-07  -2.95697E-01
1.35333E+01 -2.94000E-01 3.88582E-07  -2.93718E-01
1.36000E+01 -2.92000E-01 4.07780E-07  -2.91739E-01
1.36667E+01 -2.90000E-01 4.06244E-07  -2.89760E-01
1.37333E+01 -2.88000E-01 3.91193E-07  -2.87781E-01
1.38000E+01 -2.86000E-01 4.21448E-07  -2.85803E-01
1.38667E+01 -2.84000E-01 4.26824E-07  -2.83672E-01
1.39333E+01 -2.82000E-01 3.94725E-07  -2.81693E-01
1.40000E+01 -2.80000E-01 4.41260E-07  -2.79866E-01
1.40667E+01 -2.78000E-01 4.40031E-07  -2.77735E-01
1.41333E+01 -2.76000E-01 4.05629E-07  -2.75756E-01
1.42000E+01 -2.74000E-01 4.60151E-07  -2.73777E-01
1.42667E+01 -2.72000E-01 4.56925E-07  -2.71646E-01
1.43333E+01 -2.70000E-01 4.23445E-07  -2.69667E-01
1.44000E+01 -2.68000E-01 4.79655E-07  -2.67688E-01
1.44667E+01 -2.66000E-01 4.76737E-07  -2.65557E-01
1.45333E+01 -2.64000E-01 4.36346E-07  -2.63578E-01
1.46000E+01 -2.62000E-01 4.98699E-07  -2.61599E-01
1.46667E+01 -2.60000E-01 4.96242E-07  -2.59773E-01
1.47333E+01 -2.58000E-01 4.59536E-07  -2.57642E-01
1.48000E+01 -2.56000E-01 5.14057E-07  -2.55663E-01
1.48667E+01 -2.54000E-01 5.14364E-07  -2.53684E-01
1.49333E+01 -2.52000E-01 4.89638E-07  -2.51705E-01
1.50000E+01 -2.50000E-01 5.36173E-07  -2.49726E-01
1.50667E+01 -2.48000E-01 5.34330E-07  -2.47747E-01
1.51333E+01 -2.46000E-01 5.19740E-07  -2.45769E-01
1.52000E+01 -2.44000E-01 5.60746E-07  -2.43637E-01
1.52667E+01 -2.42000E-01 5.57674E-07  -2.41659E-01
1.53333E+01 -2.40000E-01 5.49074E-07  -2.39680E-01
1.54000E+01 -2.38000E-01 5.82861E-07  -2.37701E-01
1.54667E+01 -2.36000E-01 5.79482E-07  -2.35722E-01
1.55333E+01 -2.34000E-01 5.76257E-07  -2.33743E-01
1.56000E+01 -2.32000E-01 6.06359E-07  -2.31612E-01
1.56667E+01 -2.30000E-01 5.98834E-07  -2.29633E-01
1.57333E+01 -2.28000E-01 6.04362E-07  -2.27654E-01
1.58000E+01 -2.26000E-01 6.24174E-07  -2.25675E-01
1.58667E+01 -2.24000E-01 6.25403E-07  -2.23696E-01
1.59333E+01 -2.22000E-01 6.31853E-07  -2.21718E-01
1.60000E+01 -2.20000E-01 6.54737E-07  -2.19739E-01
1.60667E+01 -2.18000E-01 6.52587E-07  -2.17760E-01
1.61333E+01 -2.16000E-01 6.56887E-07  -2.15629E-01
1.62000E+01 -2.14000E-01 6.89446E-07  -2.13650E-01
1.62667E+01 -2.12000E-01 6.70248E-07  -2.11671E-01
1.63333E+01 -2.10000E-01 6.83149E-07  -2.09692E-01
1.64000E+01 -2.08000E-01 7.12022E-07  -2.07713E-01
1.64667E+01 -2.06000E-01 6.96818E-07  -2.05582E-01
1.65333E+01 -2.04000E-01 7.06186E-07  -2.03603E-01
1.66000E+01 -2.02000E-01 7.35827E-07  -2.01777E-01
1.66667E+01 -2.00000E-01 7.24309E-07  -1.99646E-01
1.67333E+01 -1.98000E-01 7.34445E-07  -1.97667E-01
1.68000E+01 -1.96000E-01 7.62243E-07  -1.95688E-01
1.68667E+01 -1.94000E-01 7.50110E-07  -1.93557E-01
1.69333E+01 -1.92000E-01 7.58864E-07  -1.91578E-01
1.70000E+01 -1.90000E-01 7.83744E-07  -1.89599E-01
1.70667E+01 -1.88000E-01 7.70383E-07  -1.87620E-01
1.71333E+01 -1.86000E-01 7.82209E-07  -1.85489E-01
1.72000E+01 -1.84000E-01 8.07089E-07  -1.83510E-01
1.72667E+01 -1.82000E-01 7.90041E-07  -1.81683E-01
1.73333E+01 -1.80000E-01 8.01253E-07  -1.79552E-01
1.74000E+01 -1.78000E-01 8.25211E-07  -1.77574E-01
1.74667E+01 -1.76000E-01 8.10467E-07  -1.75595E-01
1.75333E+01 -1.74000E-01 8.20757E-07  -1.73768E-01
1.76000E+01 -1.72000E-01 8.35194E-07  -1.71941E-01
1.76667E+01 -1.70000E-01 8.24750E-07  -1.69810E-01
1.77333E+01 -1.68000E-01 8.29818E-07  -1.67831E-01
1.78000E+01 -1.66000E-01 8.39340E-07  -1.65853E-01
1.78667E+01 -1.64000E-01 8.33965E-07  -1.63874E-01
1.79333E+01 -1.62000E-01 8.42719E-07  -1.61895E-01
1.80000E+01 -1.60000E-01 8.40569E-07  -1.59916E-01
1.80667E+01 -1.58000E-01 8.40262E-07  -1.57785E-01
1.81333E+01 -1.56000E-01 8.45637E-07  -1.55806E-01
1.82000E+01 -1.54000E-01 8.38419E-07  -1.53827E-01
1.82667E+01 -1.52000E-01 8.47327E-07  -1.51696E-01
1.83333E+01 -1.50000E-01 8.50245E-07  -1.49717E-01
1.84000E+01 -1.48000E-01 8.31047E-07  -1.47738E-01
1.84667E+01 -1.46000E-01 8.51627E-07  -1.45759E-01
1.85333E+01 -1.44000E-01 8.50091E-07  -1.43780E-01
1.86000E+01 -1.42000E-01 8.19221E-07  -1.41802E-01
1.86667E+01 -1.40000E-01 8.53009E-07  -1.39823E-01
1.87333E+01 -1.38000E-01 8.52395E-07  -1.37692E-01
1.88000E+01 -1.36000E-01 8.15382E-07  -1.35713E-01
1.88667E+01 -1.34000E-01 8.52395E-07  -1.33734E-01
1.89333E+01 -1.32000E-01 8.52856E-07  -1.31755E-01
1.90000E+01 -1.30000E-01 8.10775E-07  -1.29776E-01
1.90667E+01 -1.28000E-01 8.51627E-07  -1.27797E-01
1.91333E+01 -1.26000E-01 8.51473E-07  -1.25666E-01
1.92000E+01 -1.24000E-01 8.08624E-07  -1.23840E-01
1.92667E+01 -1.22000E-01 8.53009E-07  -1.21861E-01
1.93333E+01 -1.20000E-01 8.48862E-07  -1.19730E-01
1.94000E+01 -1.18000E-01 8.07396E-07  -1.17751E-01
1.94667E+01 -1.16000E-01 8.47327E-07  -1.15772E-01
1.95333E+01 -1.14000E-01 8.45023E-07  -1.13641E-01
1.96000E+01 -1.12000E-01 8.14921E-07  -1.11662E-01
1.96667E+01 -1.10000E-01 8.43487E-07  -1.09683E-01
1.97333E+01 -1.08000E-01 8.43334E-07  -1.07704E-01
1.98000E+01 -1.06000E-01 8.18146E-07  -1.05573E-01
1.98667E+01 -1.04000E-01 8.47787E-07  -1.03746E-01
1.99333E+01 -1.02000E-01 8.43641E-07  -1.01767E-01
2.00000E+01 -1.00000E-01 8.22754E-07  -9.96364E-02
2.00667E+01 -9.80000E-02 8.47019E-07  -9.76575E-02
2.01333E+01 -9.60000E-02 8.38880E-07  -9.56786E-02
2.02000E+01 -9.40000E-02 8.28743E-07  -9.38520E-02
2.02667E+01 -9.20000E-02 8.47173E-07  -9.17209E-02
2.03333E+01 -9.00000E-02 8.38573E-07  -8.97420E-02
2.04000E+01 -8.80000E-02 8.33965E-07  -8.77631E-02
2.04667E+01 -8.60000E-02 8.49938E-07  -8.57843E-02
2.05333E+01 -8.40000E-02 8.39187E-07  -8.38054E-02
2.06000E+01 -8.20000E-02 8.40262E-07  -8.18265E-02
2.06667E+01 -8.00000E-02 8.52088E-07  -7.96954E-02
2.07333E+01 -7.80000E-02 8.39033E-07  -7.77166E-02
2.08000E+01 -7.60000E-02 8.38726E-07  -7.57377E-02
2.08667E+01 -7.40000E-02 8.55774E-07  -7.36066E-02
2.09333E+01 -7.20000E-02 8.37344E-07  -7.16277E-02
2.10000E+01 -7.00000E-02 8.39340E-07  -6.96489E-02
2.10667E+01 -6.80000E-02 8.56234E-07  -6.76700E-02
2.11333E+01 -6.60000E-02 8.38880E-07  -6.56911E-02
2.12000E+01 -6.40000E-02 8.44562E-07  -6.37122E-02
2.12667E+01 -6.20000E-02 8.61149E-07  -6.17334E-02
2.13333E+01 -6.00000E-02 8.40876E-07  -5.96023E-02
2.14000E+01 -5.80000E-02 8.46559E-07  -5.76234E-02
2.14667E+01 -5.60000E-02 8.68060E-07  -5.57967E-02
2.15333E+01 -5.40000E-02 8.44409E-07  -5.36657E-02
2.16000E+01 -5.20000E-02 8.45177E-07  -5.16868E-02
2.16667E+01 -5.00000E-02 8.71746E-07  -4.97079E-02
2.17333E+01 -4.80000E-02 8.45330E-07  -4.77290E-02
2.18000E+01 -4.60000E-02 8.51013E-07  -4.57502E-02
2.18667E+01 -4.40000E-02 8.73742E-07  -4.37713E-02
2.19333E+01 -4.20000E-02 8.52702E-07  -4.16402E-02
2.20000E+01 -4.00000E-02 8.56388E-07  -3.96613E-02
2.20667E+01 -3.80000E-02 8.80961E-07  -3.76825E-02
2.21333E+01 -3.60000E-02 8.56234E-07  -3.57036E-02
2.22000E+01 -3.40000E-02 8.63145E-07  -3.35725E-02
2.22667E+01 -3.20000E-02 8.84800E-07  -3.15936E-02
2.23333E+01 -3.00000E-02 8.57156E-07  -2.96147E-02
2.24000E+01 -2.80000E-02 8.64681E-07  -2.76359E-02
2.24667E+01 -2.60000E-02 8.88333E-07  -2.56570E-02
2.25333E+01 -2.40000E-02 8.61456E-07  -2.36781E-02
2.26000E+01 -2.20000E-02 8.71439E-07  -2.16993E-02
2.26667E+01 -2.00000E-02 8.86797E-07  -1.95682E-02
2.27333E+01 -1.80000E-02 8.72975E-07  -1.77415E-02
2.28000E+01 -1.60000E-02 8.79425E-07  -1.59149E-02
2.28667E+01 -1.40000E-02 8.81575E-07  -1.39360E-02
2.29333E+01 -1.20000E-02 8.80654E-07  -1.18049E-02
2.30000E+01 -1.00000E-02 8.85261E-07  -9.82602E-03
2.30667E+01 -8.00000E-03 8.87258E-07  -7.84714E-03
2.31333E+01 -6.00000E-03 8.84032E-07  -5.86827E-03
2.32000E+01 -4.00000E-03 8.92019E-07  -3.88940E-03
2.32667E+01 -2.00000E-03 8.80346E-07  -1.91053E-03
2.33333E+01 1.45825E-17  8.95244E-07  6.83472E-05 
2.34000E+01 2.00000E-03  9.00465E-07  2.19944E-03 
2.34667E+01 4.00000E-03  8.78964E-07  4.17831E-03 
2.35333E+01 6.00000E-03  9.11830E-07  6.15719E-03 
2.36000E+01 8.00000E-03  9.10141E-07  8.13606E-03 
2.36667E+01 1.00000E-02  8.81575E-07  1.02672E-02 
2.37333E+01 1.20000E-02  9.21660E-07  1.20938E-02 
2.38000E+01 1.40000E-02  9.20738E-07  1.40727E-02 
2.38667E+01 1.60000E-02  8.84032E-07  1.62038E-02 
2.39333E+01 1.80000E-02  9.30567E-07  1.81826E-02 
2.40000E+01 2.00000E-02  9.29492E-07  2.01615E-02 
2.40667E+01 2.20000E-02  8.97087E-07  2.21404E-02 
2.41333E+01 2.40000E-02  9.38707E-07  2.41193E-02 
2.42000E+01 2.60000E-02  9.40089E-07  2.62504E-02 
2.42667E+01 2.80000E-02  9.07223E-07  2.82292E-02 
2.43333E+01 3.00000E-02  9.63741E-07  3.02081E-02 
2.44000E+01 3.20000E-02  9.49458E-07  3.21870E-02 
2.44667E+01 3.40000E-02  9.23042E-07  3.41658E-02 
2.45333E+01 3.60000E-02  9.68194E-07  3.61447E-02 
2.46000E+01 3.80000E-02  9.59440E-07  3.81236E-02 
2.46667E+01 4.00000E-02  9.41779E-07  4.02547E-02 
2.47333E+01 4.20000E-02  9.79406E-07  4.22336E-02 
2.48000E+01 4.40000E-02  9.70805E-07  4.42124E-02 
2.48667E+01 4.60000E-02  9.60515E-07  4.61913E-02 
2.49333E+01 4.80000E-02  9.91385E-07  4.83224E-02 
2.50000E+01 5.00000E-02  9.85395E-07  5.03013E-02 
2.50667E+01 5.20000E-02  9.80327E-07  5.22801E-02 
2.51333E+01 5.40000E-02  1.01074E-06  5.42590E-02 
2.52000E+01 5.60000E-02  9.97528E-07  5.62379E-02 
2.52667E+01 5.80000E-02  9.98910E-07  5.82168E-02 
2.53333E+01 6.00000E-02  1.02702E-06  6.01956E-02 
2.54000E+01 6.20000E-02  1.01258E-06  6.21745E-02 
2.54667E+01 6.40000E-02  1.01396E-06  6.41534E-02 
2.55333E+01 6.60000E-02  1.04022E-06  6.62845E-02 
2.56000E+01 6.80000E-02  1.02732E-06  6.82633E-02 
2.56667E+01 7.00000E-02  1.03362E-06  7.00900E-02 
2.57333E+01 7.20000E-02  1.06096E-06  7.20689E-02 
2.58000E+01 7.40000E-02  1.04406E-06  7.40477E-02 
2.58667E+01 7.60000E-02  1.05097E-06  7.61788E-02 
2.59333E+01 7.80000E-02  1.08246E-06  7.81577E-02 
2.60000E+01 8.00000E-02  1.06111E-06  8.02888E-02 
2.60667E+01 8.20000E-02  1.06864E-06  8.22677E-02 
2.61333E+01 8.40000E-02  1.09459E-06  8.42465E-02 
2.62000E+01 8.60000E-02  1.08399E-06  8.62254E-02 
2.62667E+01 8.80000E-02  1.08845E-06  8.83565E-02 
2.63333E+01 9.00000E-02  1.12300E-06  9.01832E-02 
2.64000E+01 9.20000E-02  1.11056E-06  9.21620E-02 
2.64667E+01 9.40000E-02  1.11809E-06  9.42931E-02 
2.65333E+01 9.60000E-02  1.15602E-06  9.62720E-02 
2.66000E+01 9.80000E-02  1.14097E-06  9.82509E-02 
2.66667E+01 1.00000E-01  1.14681E-06  1.00230E-01 
2.67333E+01 9.80000E-02  6.60573E-07  9.84031E-02 
2.68000E+01 9.60000E-02  4.57079E-07  9.64242E-02 
2.68667E+01 9.40000E-02  3.44504E-07  9.42931E-02 
2.69333E+01 9.20000E-02  2.91212E-07  9.23142E-02 
2.70000E+01 9.00000E-02  2.10429E-07  9.03354E-02 
2.70667E+01 8.80000E-02  1.51454E-07  8.83565E-02 
2.71333E+01 8.60000E-02  1.34714E-07  8.63776E-02 
2.72000E+01 8.40000E-02  7.81961E-08  8.43988E-02 
2.72667E+01 8.20000E-02  4.28726E-08  8.24199E-02 
2.73333E+01 8.00000E-02  3.45793E-08  8.02888E-02 
2.74000E+01 7.80000E-02  -9.65188E-09 7.83099E-02 
2.74667E+01 7.60000E-02  -3.74499E-08 7.61788E-02 
2.75333E+01 7.40000E-02  -4.48218E-08 7.42000E-02 
2.76000E+01 7.20000E-02  -7.52307E-08 7.22211E-02 
2.76667E+01 7.00000E-02  -1.00264E-07 7.02422E-02 
2.77333E+01 6.80000E-02  -1.11783E-07 6.82633E-02 
2.78000E+01 6.60000E-02  -1.27755E-07 6.62845E-02 
2.78667E+01 6.40000E-02  -1.50024E-07 6.43056E-02 
2.79333E+01 6.20000E-02  -1.67840E-07 6.21745E-02 
2.80000E+01 6.00000E-02  -1.70758E-07 6.03478E-02 
2.80667E+01 5.80000E-02  -1.85348E-07 5.83690E-02 
2.81333E+01 5.60000E-02  -2.17753E-07 5.62379E-02 
2.82000E+01 5.40000E-02  -2.03010E-07 5.42590E-02 
2.82667E+01 5.20000E-02  -2.18982E-07 5.22801E-02 
2.83333E+01 5.00000E-02  -2.59681E-07 5.03013E-02 
2.84000E+01 4.80000E-02  -2.34033E-07 4.83224E-02 
2.84667E+01 4.60000E-02  -2.49391E-07 4.63435E-02 
2.85333E+01 4.40000E-02  -2.91779E-07 4.43646E-02 
2.86000E+01 4.20000E-02  -2.60756E-07 4.22336E-02 
2.86667E+01 4.00000E-02  -2.73042E-07 4.02547E-02 
2.87333E+01 3.80000E-02  -3.18195E-07 3.82758E-02 
2.88000E+01 3.60000E-02  -2.78418E-07 3.62969E-02 
2.88667E+01 3.40000E-02  -2.91472E-07 3.41658E-02 
2.89333E+01 3.20000E-02  -3.41386E-07 3.21870E-02 
2.90000E+01 3.00000E-02  -2.98076E-07 3.03603E-02 
2.90667E+01 2.80000E-02  -3.09594E-07 2.82292E-02 
2.91333E+01 2.60000E-02  -3.58587E-07 2.62504E-02 
2.92000E+01 2.40000E-02  -3.16966E-07 2.42715E-02 
2.92667E+01 2.20000E-02  -3.28178E-07 2.22926E-02 
2.93333E+01 2.00000E-02  -3.67494E-07 2.03137E-02 
2.94000E+01 1.80000E-02  -3.32785E-07 1.81826E-02 
2.94667E+01 1.60000E-02  -3.42768E-07 1.62038E-02 
2.95333E+01 1.40000E-02  -3.73330E-07 1.42249E-02 
2.96000E+01 1.20000E-02  -3.40464E-07 1.22460E-02 
2.96667E+01 1.00000E-02  -3.53672E-07 1.02672E-02 
2.97333E+01 8.00000E-03  -3.83006E-07 8.28828E-03 
2.98000E+01 6.00000E-03  -3.59969E-07 6.30941E-03 
2.98667E+01 4.00000E-03  -3.66112E-07 4.17831E-03 
2.99333E+01 2.00000E-03  -3.85309E-07 2.19944E-03 
3.00000E+01 1.45825E-17  -3.64576E-07 2.20568E-04 
3.00667E+01 -2.00000E-03 -3.77323E-07 -1.75830E-03
3.01333E+01 -4.00000E-03 -3.92374E-07 -3.88940E-03
3.02000E+01 -6.00000E-03 -3.75480E-07 -5.86827E-03
3.02667E+01 -8.00000E-03 -3.88995E-07 -7.84714E-03
3.03333E+01 -1.00000E-02 -4.11879E-07 -9.82602E-03
3.04000E+01 -1.20000E-02 -3.82699E-07 -1.18049E-02
3.04667E+01 -1.40000E-02 -3.97596E-07 -1.37838E-02
3.05333E+01 -1.60000E-02 -4.05582E-07 -1.57626E-02
3.06000E+01 -1.80000E-02 -3.88995E-07 -1.75893E-02
3.06667E+01 -2.00000E-02 -4.08347E-07 -1.95682E-02
3.07333E+01 -2.20000E-02 -4.13875E-07 -2.15470E-02
3.08000E+01 -2.40000E-02 -3.97135E-07 -2.35259E-02
3.08667E+01 -2.60000E-02 -4.18790E-07 -2.56570E-02
3.09333E+01 -2.80000E-02 -4.21708E-07 -2.74836E-02
3.10000E+01 -3.00000E-02 -4.02357E-07 -2.94625E-02
3.10667E+01 -3.20000E-02 -4.23397E-07 -3.15936E-02
3.11333E+01 -3.40000E-02 -4.25394E-07 -3.35725E-02
3.12000E+01 -3.60000E-02 -4.09422E-07 -3.55514E-02
3.12667E+01 -3.80000E-02 -4.28005E-07 -3.75302E-02
3.13333E+01 -4.00000E-02 -4.33227E-07 -3.96613E-02
3.14000E+01 -4.20000E-02 -4.15104E-07 -4.16402E-02
3.14667E+01 -4.40000E-02 -4.40752E-07 -4.36191E-02
3.15333E+01 -4.60000E-02 -4.41366E-07 -4.55979E-02
3.16000E+01 -4.80000E-02 -4.23397E-07 -4.75768E-02
3.16667E+01 -5.00000E-02 -4.46127E-07 -4.95557E-02
3.17333E+01 -5.20000E-02 -4.50581E-07 -5.16868E-02
3.18000E+01 -5.40000E-02 -4.29387E-07 -5.36657E-02
3.18667E+01 -5.60000E-02 -4.53653E-07 -5.56445E-02
3.19333E+01 -5.80000E-02 -4.54267E-07 -5.76234E-02
3.20000E+01 -6.00000E-02 -4.38909E-07 -5.96023E-02
3.20667E+01 -6.20000E-02 -4.58721E-07 -6.15811E-02
3.21333E+01 -6.40000E-02 -4.60103E-07 -6.35600E-02
3.22000E+01 -6.60000E-02 -4.54574E-07 -6.56911E-02
3.22667E+01 -6.80000E-02 -4.65478E-07 -6.75178E-02
3.23333E+01 -7.00000E-02 -4.69472E-07 -6.96489E-02
3.24000E+01 -7.20000E-02 -4.67936E-07 -7.16277E-02
3.24667E+01 -7.40000E-02 -4.76075E-07 -7.36066E-02
3.25333E+01 -7.60000E-02 -4.75461E-07 -7.55855E-02
3.26000E+01 -7.80000E-02 -4.77765E-07 -7.77166E-02
3.26667E+01 -8.00000E-02 -4.81451E-07 -7.96954E-02
3.27333E+01 -8.20000E-02 -4.80683E-07 -8.16743E-02
3.28000E+01 -8.40000E-02 -4.96502E-07 -8.36532E-02
3.28667E+01 -8.60000E-02 -4.87133E-07 -8.56321E-02
3.29333E+01 -8.80000E-02 -4.92048E-07 -8.76109E-02
3.30000E+01 -9.00000E-02 -5.18310E-07 -8.95898E-02
3.30667E+01 -9.20000E-02 -4.95119E-07 -9.17209E-02
3.31333E+01 -9.40000E-02 -5.02184E-07 -9.36998E-02
3.32000E+01 -9.60000E-02 -5.32286E-07 -9.56786E-02
3.32667E+01 -9.80000E-02 -5.08635E-07 -9.75053E-02
3.33333E+01 -1.00000E-01 -5.08942E-07 -9.96364E-02
3.34000E+01 -1.02000E-01 -5.50716E-07 -1.01615E-01
3.34667E+01 -1.04000E-01 -5.16774E-07 -1.03594E-01
3.35333E+01 -1.06000E-01 -5.20153E-07 -1.05573E-01
3.36000E+01 -1.08000E-01 -5.67302E-07 -1.07552E-01
3.36667E+01 -1.10000E-01 -5.26143E-07 -1.09531E-01
3.37333E+01 -1.12000E-01 -5.35665E-07 -1.11662E-01
3.38000E+01 -1.14000E-01 -5.79589E-07 -1.13641E-01
3.38667E+01 -1.16000E-01 -5.40426E-07 -1.15620E-01
3.39333E+01 -1.18000E-01 -5.49948E-07 -1.17598E-01
3.40000E+01 -1.20000E-01 -5.90032E-07 -1.19730E-01
3.40667E+01 -1.22000E-01 -5.56091E-07 -1.21708E-01
3.41333E+01 -1.24000E-01 -5.62848E-07 -1.23687E-01
3.42000E+01 -1.26000E-01 -6.02779E-07 -1.25666E-01
3.42667E+01 -1.28000E-01 -5.69452E-07 -1.27645E-01
3.43333E+01 -1.30000E-01 -5.79435E-07 -1.29624E-01
3.44000E+01 -1.32000E-01 -6.15219E-07 -1.31603E-01
3.44667E+01 -1.34000E-01 -5.88496E-07 -1.33734E-01
3.45333E+01 -1.36000E-01 -6.02011E-07 -1.35713E-01
3.46000E+01 -1.38000E-01 -6.26738E-07 -1.37692E-01
3.46667E+01 -1.40000E-01 -6.09383E-07 -1.39670E-01
3.47333E+01 -1.42000E-01 -6.23513E-07 -1.41649E-01
3.48000E+01 -1.44000E-01 -6.38717E-07 -1.43780E-01
3.48667E+01 -1.46000E-01 -6.36413E-07 -1.45607E-01
3.49333E+01 -1.48000E-01 -6.42864E-07 -1.47586E-01
3.50000E+01 -1.50000E-01 -6.56993E-07 -1.49717E-01
3.50667E+01 -1.52000E-01 -6.43171E-07 -1.51696E-01
3.51333E+01 -1.54000E-01 -6.65747E-07 -1.53675E-01
3.52000E+01 -1.56000E-01 -6.69740E-07 -1.55806E-01
3.52667E+01 -1.58000E-01 -6.58222E-07 -1.57785E-01
3.53333E+01 -1.60000E-01 -6.98767E-07 -1.59764E-01
3.54000E+01 -1.62000E-01 -6.99074E-07 -1.61743E-01
3.54667E+01 -1.64000E-01 -6.92317E-07 -1.63721E-01
3.55333E+01 -1.66000E-01 -7.17504E-07 -1.65700E-01
3.56000E+01 -1.68000E-01 -7.23340E-07 -1.67679E-01
3.56667E+01 -1.70000E-01 -7.11821E-07 -1.69810E-01
3.57333E+01 -1.72000E-01 -7.40387E-07 -1.71789E-01
3.58000E+01 -1.74000E-01 -7.45302E-07 -1.73616E-01
3.58667E+01 -1.76000E-01 -7.28408E-07 -1.75442E-01
3.59333E+01 -1.78000E-01 -7.62964E-07 -1.77574E-01
3.60000E+01 -1.80000E-01 -7.71257E-07 -1.79552E-01
3.60667E+01 -1.82000E-01 -7.52520E-07 -1.81531E-01
3.61333E+01 -1.84000E-01 -7.88919E-07 -1.83510E-01
3.62000E+01 -1.86000E-01 -7.90147E-07 -1.85489E-01
3.62667E+01 -1.88000E-01 -7.78168E-07 -1.87468E-01
3.63333E+01 -1.90000E-01 -8.08116E-07 -1.89447E-01
3.64000E+01 -1.92000E-01 -8.06734E-07 -1.91578E-01
3.64667E+01 -1.94000E-01 -7.93065E-07 -1.93557E-01
3.65333E+01 -1.96000E-01 -8.26546E-07 -1.95536E-01
3.66000E+01 -1.98000E-01 -8.28235E-07 -1.97514E-01
3.66667E+01 -2.00000E-01 -8.08116E-07 -1.99646E-01
3.67333E+01 -2.02000E-01 -8.46511E-07 -2.01624E-01
3.68000E+01 -2.04000E-01 -8.48508E-07 -2.03603E-01
3.68667E+01 -2.06000E-01 -8.31921E-07 -2.05582E-01
3.69333E+01 -2.08000E-01 -8.69241E-07 -2.07561E-01
3.70000E+01 -2.10000E-01 -8.71238E-07 -2.09540E-01
3.70667E+01 -2.12000E-01 -8.58337E-07 -2.11671E-01
3.71333E+01 -2.14000E-01 -8.81374E-07 -2.13498E-01
3.72000E+01 -2.16000E-01 -8.87364E-07 -2.15629E-01
3.72667E+01 -2.18000E-01 -8.83217E-07 -2.17608E-01
3.73333E+01 -2.20000E-01 -9.04565E-07 -2.19586E-01
3.74000E+01 -2.22000E-01 -9.07636E-07 -2.21565E-01
3.74667E+01 -2.24000E-01 -9.19001E-07 -2.23544E-01
3.75333E+01 -2.26000E-01 -9.28216E-07 -2.25523E-01
3.76000E+01 -2.28000E-01 -9.32670E-07 -2.27502E-01
3.76667E+01 -2.30000E-01 -9.54018E-07 -2.29633E-01
3.77333E+01 -2.32000E-01 -9.52789E-07 -2.31612E-01
3.78000E+01 -2.34000E-01 -9.61390E-07 -2.33591E-01
3.78667E+01 -2.36000E-01 -9.87191E-07 -2.35570E-01
3.79333E+01 -2.38000E-01 -9.78130E-07 -2.37701E-01
3.80000E+01 -2.40000E-01 -9.88420E-07 -2.39680E-01
3.80667E+01 -2.42000E-01 -1.02758E-06 -2.41659E-01
3.81333E+01 -2.44000E-01 -1.00670E-06 -2.43637E-01
3.82000E+01 -2.46000E-01 -1.01867E-06 -2.45616E-01
3.82667E+01 -2.48000E-01 -1.06951E-06 -2.47595E-01
3.83333E+01 -2.50000E-01 -1.03910E-06 -2.49726E-01
3.84000E+01 -2.52000E-01 -1.04985E-06 -2.51553E-01
3.84667E+01 -2.54000E-01 -1.09977E-06 -2.53532E-01
3.85333E+01 -2.56000E-01 -1.06997E-06 -2.55511E-01
3.86000E+01 -2.58000E-01 -1.08349E-06 -2.57642E-01
3.86667E+01 -2.60000E-01 -1.12649E-06 -2.59621E-01
3.87333E+01 -2.62000E-01 -1.09424E-06 -2.61599E-01
3.88000E+01 -2.64000E-01 -1.11205E-06 -2.63578E-01
3.88667E+01 -2.66000E-01 -1.15920E-06 -2.65557E-01
3.89333E+01 -2.68000E-01 -1.12004E-06 -2.67688E-01
3.90000E+01 -2.70000E-01 -1.13939E-06 -2.69667E-01
3.90667E+01 -2.72000E-01 -1.18270E-06 -2.71646E-01
3.91333E+01 -2.74000E-01 -1.15260E-06 -2.73625E-01
3.92000E+01 -2.76000E-01 -1.16780E-06 -2.75604E-01
3.92667E+01 -2.78000E-01 -1.19499E-06 -2.77583E-01
3.93333E+01 -2.80000E-01 -1.16903E-06 -2.79714E-01
3.94000E+01 -2.82000E-01 -1.18577E-06 -2.81540E-01
3.94667E+01 -2.84000E-01 -1.21080E-06 -2.83672E-01
3.95333E+01 -2.86000E-01 -1.18485E-06 -2.85650E-01
3.96000E+01 -2.88000E-01 -1.20451E-06 -2.87629E-01
3.96667E+01 -2.90000E-01 -1.22063E-06 -2.89608E-01
3.97333E+01 -2.92000E-01 -1.19468E-06 -2.91587E-01
3.98000E+01 -2.94000E-01 -1.22202E-06 -2.93718E-01
3.98667E+01 -2.96000E-01 -1.22877E-06 -2.95697E-01
3.99333E+01 -2.98000E-01 -1.22002E-06 -2.97676E-01
4.00000E+01 -3.00000E-01 -1.23215E-06 -2.99655E-01
4.00667E+01 -3.02000E-01 -1.23461E-06 -3.01634E-01
4.01333E+01 -3.04000E-01 -1.21126E-06 -3.03612E-01
4.02000E+01 -3.06000E-01 -1.23399E-06 -3.05591E-01
4.02667E+01 -3.08000E-01 -1.23415E-06 -3.07722E-01
4.03333E+01 -3.10000E-01 -1.20789E-06 -3.09701E-01
4.04000E+01 -3.12000E-01 -1.23169E-06 -3.11680E-01
4.04667E+01 -3.14000E-01 -1.23814E-06 -3.13659E-01
4.05333E+01 -3.16000E-01 -1.21495E-06 -3.15790E-01
4.06000E+01 -3.18000E-01 -1.23845E-06 -3.17769E-01
4.06667E+01 -3.20000E-01 -1.23814E-06 -3.19748E-01
4.07333E+01 -3.22000E-01 -1.21203E-06 -3.21727E-01
4.08000E+01 -3.24000E-01 -1.23599E-06 -3.23706E-01
4.08667E+01 -3.26000E-01 -1.23584E-06 -3.25685E-01
4.09333E+01 -3.28000E-01 -1.20696E-06 -3.27816E-01
4.10000E+01 -3.30000E-01 -1.22939E-06 -3.29642E-01
4.10667E+01 -3.32000E-01 -1.23200E-06 -3.31621E-01
4.11333E+01 -3.34000E-01 -1.19898E-06 -3.33600E-01
4.12000E+01 -3.36000E-01 -1.22678E-06 -3.35731E-01
4.12667E+01 -3.38000E-01 -1.22432E-06 -3.37710E-01
4.13333E+01 -3.40000E-01 -1.19560E-06 -3.39689E-01
4.14000E+01 -3.42000E-01 -1.22202E-06 -3.41668E-01
4.14667E+01 -3.44000E-01 -1.22094E-06 -3.43647E-01
4.15333E+01 -3.46000E-01 -1.19575E-06 -3.45778E-01
4.16000E+01 -3.48000E-01 -1.21495E-06 -3.47757E-01
4.16667E+01 -3.50000E-01 -1.21510E-06 -3.49735E-01
4.17333E+01 -3.52000E-01 -1.18546E-06 -3.51714E-01
4.18000E+01 -3.54000E-01 -1.20666E-06 -3.53693E-01
4.18667E+01 -3.56000E-01 -1.21096E-06 -3.55824E-01
4.19333E+01 -3.58000E-01 -1.18193E-06 -3.57803E-01
4.20000E+01 -3.60000E-01 -1.19990E-06 -3.59630E-01
4.20667E+01 -3.62000E-01 -1.20666E-06 -3.61761E-01
4.21333E+01 -3.64000E-01 -1.18884E-06 -3.63740E-01
4.22000E+01 -3.66000E-01 -1.19268E-06 -3.65719E-01
4.22667E+01 -3.68000E-01 -1.19821E-06 -3.67697E-01
4.23333E+01 -3.70000E-01 -1.19284E-06 -3.69676E-01
4.24000E+01 -3.72000E-01 -1.18500E-06 -3.71807E-01
4.24667E+01 -3.74000E-01 -1.18853E-06 -3.73786E-01
4.25333E+01 -3.76000E-01 -1.19468E-06 -3.75765E-01
4.26000E+01 -3.78000E-01 -1.18116E-06 -3.77744E-01
4.26667E+01 -3.80000E-01 -1.18362E-06 -3.79723E-01
4.27333E+01 -3.82000E-01 -1.20466E-06 -3.81702E-01
4.28000E+01 -3.84000E-01 -1.17625E-06 -3.83681E-01
4.28667E+01 -3.86000E-01 -1.17656E-06 -3.85660E-01
4.29333E+01 -3.88000E-01 -1.20589E-06 -3.87791E-01
4.30000E+01 -3.90000E-01 -1.17026E-06 -3.89770E-01
4.30667E+01 -3.92000E-01 -1.16826E-06 -3.91748E-01
4.31333E+01 -3.94000E-01 -1.20497E-06 -3.93879E-01
4.32000E+01 -3.96000E-01 -1.15797E-06 -3.95858E-01
4.32667E+01 -3.98000E-01 -1.16135E-06 -3.97837E-01
4.33333E+01 -4.00000E-01 -1.20620E-06 -3.99816E-01
4.34000E+01 -4.02000E-01 -1.15091E-06 -4.01795E-01
4.34667E+01 -4.04000E-01 -1.15644E-06 -4.03774E-01
4.35333E+01 -4.06000E-01 -1.20497E-06 -4.05905E-01
4.36000E+01 -4.08000E-01 -1.14906E-06 -4.07732E-01
4.36667E+01 -4.10000E-01 -1.14906E-06 -4.09710E-01
4.37333E+01 -4.12000E-01 -1.19330E-06 -4.11689E-01
4.38000E+01 -4.14000E-01 -1.13847E-06 -4.13820E-01
4.38667E+01 -4.16000E-01 -1.14784E-06 -4.15799E-01
4.39333E+01 -4.18000E-01 -1.17993E-06 -4.17626E-01
4.40000E+01 -4.20000E-01 -1.13232E-06 -4.19757E-01
4.40667E+01 -4.22000E-01 -1.14200E-06 -4.21736E-01
4.41333E+01 -4.24000E-01 -1.17133E-06 -4.23715E-01
4.42000E+01 -4.26000E-01 -1.12772E-06 -4.25694E-01
4.42667E+01 -4.28000E-01 -1.13494E-06 -4.27825E-01
4.43333E+01 -4.30000E-01 -1.16273E-06 -4.29804E-01
4.44000E+01 -4.32000E-01 -1.12342E-06 -4.31783E-01
4.44667E+01 -4.34000E-01 -1.13325E-06 -4.33761E-01
4.45333E+01 -4.36000E-01 -1.15214E-06 -4.35892E-01
4.46000E+01 -4.38000E-01 -1.11512E-06 -4.37719E-01
4.46667E+01 -4.40000E-01 -1.12895E-06 -4.39698E-01
4.47333E+01 -4.42000E-01 -1.13662E-06 -4.41829E-01
4.48000E+01 -4.44000E-01 -1.11067E-06 -4.43808E-01
4.48667E+01 -4.46000E-01 -1.12418E-06 -4.45787E-01
4.49333E+01 -4.48000E-01 -1.12864E-06 -4.47766E-01
4.50000E+01 -4.50000E-01 -1.11681E-06 -4.49745E-01
4.50667E+01 -4.52000E-01 -1.12127E-06 -4.51876E-01
4.51333E+01 -4.54000E-01 -1.12526E-06 -4.53855E-01
4.52000E+01 -4.56000E-01 -1.10069E-06 -4.55833E-01
4.52667E+01 -4.58000E-01 -1.11988E-06 -4.57812E-01
4.53333E+01 -4.60000E-01 -1.12157E-06 -4.59791E-01
4.54000E+01 -4.62000E-01 -1.09255E-06 -4.61770E-01
4.54667E+01 -4.64000E-01 -1.11359E-06 -4.63749E-01
4.55333E+01 -4.66000E-01 -1.11620E-06 -4.65880E-01
4.56000E+01 -4.68000E-01 -1.09163E-06 -4.67859E-01
4.56667E+01 -4.70000E-01 -1.11497E-06 -4.69838E-01
4.57333E+01 -4.72000E-01 -1.11297E-06 -4.71817E-01
4.58000E+01 -4.74000E-01 -1.09009E-06 -4.73948E-01
4.58667E+01 -4.76000E-01 -1.11451E-06 -4.75774E-01
4.59333E+01 -4.78000E-01 -1.11528E-06 -4.77753E-01
4.60000E+01 -4.80000E-01 -1.08640E-06 -4.79884E-01
4.60667E+01 -4.82000E-01 -1.11297E-06 -4.81863E-01
4.61333E+01 -4.84000E-01 -1.11098E-06 -4.83842E-01
4.62000E+01 -4.86000E-01 -1.08548E-06 -4.85669E-01
4.62667E+01 -4.88000E-01 -1.10944E-06 -4.87648E-01
4.63333E+01 -4.90000E-01 -1.10514E-06 -4.89626E-01
4.64000E+01 -4.92000E-01 -1.08395E-06 -4.91605E-01
4.64667E+01 -4.94000E-01 -1.10622E-06 -4.93736E-01
4.65333E+01 -4.96000E-01 -1.10637E-06 -4.95563E-01
4.66000E+01 -4.98000E-01 -1.08855E-06 -4.97542E-01
4.66667E+01 -5.00000E-01 -1.10652E-06 -4.99521E-01
4.67333E+01 -5.02000E-01 -1.10529E-06 -5.01652E-01
4.68000E+01 -5.04000E-01 -1.09040E-06 -5.03783E-01
4.68667E+01 -5.06000E-01 -1.10837E-06 -5.05610E-01
4.69333E+01 -5.08000E-01 -1.10437E-06 -5.07741E-01
4.70000E+01 -5.10000E-01 -1.10069E-06 -5.09720E-01
4.70667E+01 -5.12000E-01 -1.10576E-06 -5.11699E-01
4.71333E+01 -5.14000E-01 -1.10284E-06 -5.13677E-01
4.72000E+01 -5.16000E-01 -1.11113E-06 -5.15656E-01
4.72667E+01 -5.18000E-01 -1.10514E-06 -5.17635E-01
4.73333E+01 -5.20000E-01 -1.10161E-06 -5.19766E-01
4.74000E+01 -5.22000E-01 -1.12203E-06 -5.21745E-01
4.74667E+01 -5.24000E-01 -1.10468E-06 -5.23724E-01
4.75333E+01 -5.26000E-01 -1.10330E-06 -5.25703E-01
4.76000E+01 -5.28000E-01 -1.12941E-06 -5.27682E-01
4.76667E+01 -5.30000E-01 -1.10806E-06 -5.29813E-01
4.77333E+01 -5.32000E-01 -1.10238E-06 -5.31792E-01
4.78000E+01 -5.34000E-01 -1.13785E-06 -5.33771E-01
4.78667E+01 -5.36000E-01 -1.10637E-06 -5.35597E-01
4.79333E+01 -5.38000E-01 -1.10284E-06 -5.37576E-01
4.80000E+01 -5.40000E-01 -1.14906E-06 -5.39707E-01
4.80667E+01 -5.42000E-01 -1.10053E-06 -5.41686E-01
4.81333E+01 -5.44000E-01 -1.10837E-06 -5.43817E-01
4.82000E+01 -5.46000E-01 -1.15075E-06 -5.45796E-01
4.82667E+01 -5.48000E-01 -1.10284E-06 -5.47775E-01
4.83333E+01 -5.50000E-01 -1.10760E-06 -5.49754E-01
4.84000E+01 -5.52000E-01 -1.15014E-06 -5.51885E-01
4.84667E+01 -5.54000E-01 -1.10683E-06 -5.53712E-01
4.85333E+01 -5.56000E-01 -1.10652E-06 -5.55690E-01
4.86000E+01 -5.58000E-01 -1.15275E-06 -5.57821E-01
4.86667E+01 -5.60000E-01 -1.10514E-06 -5.59800E-01
4.87333E+01 -5.62000E-01 -1.10913E-06 -5.61779E-01
4.88000E+01 -5.64000E-01 -1.14784E-06 -5.63606E-01
4.88667E+01 -5.66000E-01 -1.10453E-06 -5.65737E-01
4.89333E+01 -5.68000E-01 -1.11251E-06 -5.67716E-01
4.90000E+01 -5.70000E-01 -1.14046E-06 -5.69695E-01
4.90667E+01 -5.72000E-01 -1.11098E-06 -5.71826E-01
4.91333E+01 -5.74000E-01 -1.11543E-06 -5.73652E-01
4.92000E+01 -5.76000E-01 -1.13417E-06 -5.75631E-01
4.92667E+01 -5.78000E-01 -1.10821E-06 -5.77762E-01
4.93333E+01 -5.80000E-01 -1.11651E-06 -5.79741E-01
4.94000E+01 -5.82000E-01 -1.13140E-06 -5.81720E-01
4.94667E+01 -5.84000E-01 -1.10729E-06 -5.83699E-01
4.95333E+01 -5.86000E-01 -1.12065E-06 -5.85678E-01
4.96000E+01 -5.88000E-01 -1.12633E-06 -5.87809E-01
4.96667E+01 -5.90000E-01 -1.11297E-06 -5.89788E-01
4.97333E+01 -5.92000E-01 -1.13140E-06 -5.91767E-01
4.98000E+01 -5.94000E-01 -1.12511E-06 -5.93746E-01
4.98667E+01 -5.96000E-01 -1.11436E-06 -5.95724E-01
4.99333E+01 -5.98000E-01 -1.12802E-06 -5.97703E-01
5.00000E+01 -6.00000E-01 -1.12787E-06 -5.99834E-01
5.00667E+01 -6.02000E-01 -1.11558E-06 -6.01813E-01
5.01333E+01 -6.04000E-01 -1.13248E-06 -6.03792E-01
5.02000E+01 -6.06000E-01 -1.12987E-06 -6.05771E-01
5.02667E+01 -6.08000E-01 -1.11267E-06 -6.07750E-01
5.03333E+01 -6.10000E-01 -1.13709E-06 -6.09729E-01
5.04000E+01 -6.12000E-01 -1.13877E-06 -6.11708E-01
5.04667E+01 -6.14000E-01 -1.11635E-06 -6.13687E-01
5.05333E+01 -6.16000E-01 -1.14384E-06 -6.15665E-01
5.06000E+01 -6.18000E-01 -1.14185E-06 -6.17797E-01
5.06667E+01 -6.20000E-01 -1.12511E-06 -6.19775E-01
5.07333E+01 -6.22000E-01 -1.14983E-06 -6.21754E-01
5.08000E+01 -6.24000E-01 -1.14400E-06 -6.23885E-01
5.08667E+01 -6.26000E-01 -1.12311E-06 -6.25864E-01
5.09333E+01 -6.28000E-01 -1.15321E-06 -6.27843E-01
5.10000E+01 -6.30000E-01 -1.15045E-06 -6.29822E-01
5.10667E+01 -6.32000E-01 -1.12388E-06 -6.31801E-01
5.11333E+01 -6.34000E-01 -1.15797E-06 -6.33780E-01
5.12000E+01 -6.36000E-01 -1.15951E-06 -6.35759E-01
5.12667E+01 -6.38000E-01 -1.13447E-06 -6.37737E-01
5.13333E+01 -6.40000E-01 -1.16719E-06 -6.39869E-01
5.14000E+01 -6.42000E-01 -1.16412E-06 -6.41695E-01
5.14667E+01 -6.44000E-01 -1.14738E-06 -6.43522E-01
5.15333E+01 -6.46000E-01 -1.17394E-06 -6.45501E-01
5.16000E+01 -6.48000E-01 -1.16888E-06 -6.47632E-01
5.16667E+01 -6.50000E-01 -1.15859E-06 -6.49611E-01
5.17333E+01 -6.52000E-01 -1.18086E-06 -6.51437E-01
5.18000E+01 -6.54000E-01 -1.17947E-06 -6.53568E-01
5.18667E+01 -6.56000E-01 -1.17041E-06 -6.55547E-01
5.19333E+01 -6.58000E-01 -1.19422E-06 -6.57526E-01
5.20000E+01 -6.60000E-01 -1.19099E-06 -6.59657E-01
5.20667E+01 -6.62000E-01 -1.19161E-06 -6.61636E-01
5.21333E+01 -6.64000E-01 -1.20328E-06 -6.63615E-01
5.22000E+01 -6.66000E-01 -1.19898E-06 -6.65594E-01
5.22667E+01 -6.68000E-01 -1.21403E-06 -6.67725E-01
5.23333E+01 -6.70000E-01 -1.20865E-06 -6.69704E-01
5.24000E+01 -6.72000E-01 -1.20635E-06 -6.71531E-01
5.24667E+01 -6.74000E-01 -1.23461E-06 -6.73662E-01
5.25333E+01 -6.76000E-01 -1.21649E-06 -6.75640E-01
5.26000E+01 -6.78000E-01 -1.21710E-06 -6.77619E-01
5.26667E+01 -6.80000E-01 -1.26026E-06 -6.79598E-01
5.27333E+01 -6.82000E-01 -1.22662E-06 -6.81577E-01
5.28000E+01 -6.84000E-01 -1.23123E-06 -6.83556E-01
5.28667E+01 -6.86000E-01 -1.27515E-06 -6.85687E-01
5.29333E+01 -6.88000E-01 -1.23876E-06 -6.87666E-01
5.30000E+01 -6.90000E-01 -1.24367E-06 -6.89645E-01
5.30667E+01 -6.92000E-01 -1.28805E-06 -6.91624E-01
5.31333E+01 -6.94000E-01 -1.24797E-06 -6.93603E-01
5.32000E+01 -6.96000E-01 -1.25519E-06 -6.95581E-01
5.32667E+01 -6.98000E-01 -1.30495E-06 -6.97713E-01
