time/s      E/V        I/A
0.00000E+00 -7.00000E-01 -1.52319E-06 -6.99691E-01
6.66667E-02 -6.98000E-01 -1.02774E-06 -6.97865E-01
1.33333E-01 -6.96000E-01 -8.67398E-07 -6.95734E-01
2.00000E-01 -6.94000E-01 -7.84618E-07 -6.93755E-01
2.66667E-01 -6.92000E-01 -7.29637E-07 -6.91776E-01
3.33333E-01 -6.90000E-01 -6.67129E-07 -6.89797E-01
4.00000E-01 -6.88000E-01 -6.25048E-07 -6.87818E-01
4.66667E-01 -6.86000E-01 -5.96175E-07 -6.85839E-01
5.33333E-01 -6.84000E-01 -5.52712E-07 -6.83860E-01
6.00000E-01 -6.82000E-01 -5.24300E-07 -6.81729E-01
6.66667E-01 -6.80000E-01 -5.05409E-07 -6.79750E-01
7.33333E-01 -6.78000E-01 -4.71007E-07 -6.77772E-01
8.00000E-01 -6.76000E-01 -4.51195E-07 -6.75793E-01
8.66667E-01 -6.74000E-01 -4.34148E-07 -6.73662E-01
9.33333E-01 -6.72000E-01 -4.08500E-07 -6.71683E-01
1.00000E+00 -6.70000E-01 -3.91760E-07 -6.69856E-01
1.06667E+00 -6.68000E-01 -3.78706E-07 -6.67877E-01
1.13333E+00 -6.66000E-01 -3.54747E-07 -6.65746E-01
1.20000E+00 -6.64000E-01 -3.42768E-07 -6.63767E-01
1.26667E+00 -6.62000E-01 -3.28792E-07 -6.61788E-01
1.33333E+00 -6.60000E-01 -3.11284E-07 -6.59810E-01
1.40000E+00 -6.58000E-01 -3.00533E-07 -6.57678E-01
1.46667E+00 -6.56000E-01 -2.90704E-07 -6.55700E-01
1.53333E+00 -6.54000E-01 -2.72274E-07 -6.53721E-01
1.60000E+00 -6.52000E-01 -2.65517E-07 -6.51742E-01
1.66667E+00 -6.50000E-01 -2.55995E-07 -6.49763E-01
1.73333E+00 -6.48000E-01 -2.40483E-07 -6.47784E-01
1.80000E+00 -6.46000E-01 -2.33418E-07 -6.45653E-01
1.86667E+00 -6.44000E-01 -2.24972E-07 -6.43674E-01
1.93333E+00 -6.42000E-01 -2.10689E-07 -6.41847E-01
2.00000E+00 -6.40000E-01 -2.06081E-07 -6.40021E-01
2.06667E+00 -6.38000E-01 -1.96866E-07 -6.38042E-01
2.13333E+00 -6.36000E-01 -1.83044E-07 -6.36063E-01
2.20000E+00 -6.34000E-01 -1.79358E-07 -6.33932E-01
2.26667E+00 -6.32000E-01 -1.73522E-07 -6.31953E-01
2.33333E+00 -6.30000E-01 -1.58471E-07 -6.29974E-01
2.40000E+00 -6.28000E-01 -1.57703E-07 -6.27995E-01
2.46667E+00 -6.26000E-01 -1.51099E-07 -6.26016E-01
2.53333E+00 -6.24000E-01 -1.37891E-07 -6.23885E-01
2.60000E+00 -6.22000E-01 -1.35127E-07 -6.21906E-01
2.66667E+00 -6.20000E-01 -1.31134E-07 -6.19928E-01
2.73333E+00 -6.18000E-01 -1.18387E-07 -6.17949E-01
2.80000E+00 -6.16000E-01 -1.17158E-07 -6.15818E-01
2.86667E+00 -6.14000E-01 -1.11169E-07 -6.13839E-01
2.93333E+00 -6.12000E-01 -9.96500E-08 -6.11860E-01
3.00000E+00 -6.10000E-01 -9.73463E-08 -6.09881E-01
3.06667E+00 -6.08000E-01 -9.50426E-08 -6.07902E-01
3.13333E+00 -6.06000E-01 -8.32169E-08 -6.05923E-01
3.20000E+00 -6.04000E-01 -8.30633E-08 -6.03944E-01
3.26667E+00 -6.02000E-01 -7.59986E-08 -6.01966E-01
3.33333E+00 -6.00000E-01 -7.00090E-08 -5.99987E-01
3.40000E+00 -5.98000E-01 -6.52480E-08 -5.97856E-01
3.46667E+00 -5.96000E-01 -6.20228E-08 -5.95877E-01
3.53333E+00 -5.94000E-01 -5.54188E-08 -5.93898E-01
3.60000E+00 -5.92000E-01 -5.01971E-08 -5.91919E-01
3.66667E+00 -5.90000E-01 -4.51289E-08 -5.89940E-01
3.73333E+00 -5.88000E-01 -3.63749E-08 -5.87961E-01
3.80000E+00 -5.86000E-01 -3.69892E-08 -5.85982E-01
3.86667E+00 -5.84000E-01 -3.25354E-08 -5.83851E-01
3.93333E+00 -5.82000E-01 -3.26889E-08 -5.81872E-01
4.00000E+00 -5.80000E-01 -2.36277E-08 -5.79894E-01
4.06667E+00 -5.78000E-01 -1.85595E-08 -5.77915E-01
4.13333E+00 -5.76000E-01 -2.30134E-08 -5.75784E-01
4.20000E+00 -5.74000E-01 -7.65533E-09 -5.73805E-01
4.26667E+00 -5.72000E-01 -6.58027E-09 -5.71826E-01
4.33333E+00 -5.70000E-01 -1.22627E-08 -5.69847E-01
4.40000E+00 -5.68000E-01 3.70962E-09  -5.67868E-01
4.46667E+00 -5.66000E-01 6.32048E-09  -5.65737E-01
4.53333E+00 -5.64000E-01 -1.97286E-09 -5.63758E-01
4.60000E+00 -5.62000E-01 1.53817E-08  -5.61931E-01
4.66667E+00 -5.60000E-01 1.82998E-08  -5.59953E-01
4.73333E+00 -5.58000E-01 1.09279E-08  -5.57974E-01
4.80000E+00 -5.56000E-01 2.73610E-08  -5.55843E-01
4.86667E+00 -5.54000E-01 3.04326E-08  -5.53864E-01
4.93333E+00 -5.52000E-01 2.29072E-08  -5.51885E-01
5.00000E+00 -5.50000E-01 3.91867E-08  -5.49906E-01
5.06667E+00 -5.48000E-01 4.21047E-08  -5.47927E-01
5.13333E+00 -5.46000E-01 3.53472E-08  -5.45948E-01
5.20000E+00 -5.44000E-01 5.08588E-08  -5.43969E-01
5.26667E+00 -5.42000E-01 5.30089E-08  -5.41838E-01
5.33333E+00 -5.40000E-01 4.57906E-08  -5.39859E-01
5.40000E+00 -5.38000E-01 6.39131E-08  -5.37881E-01
5.46667E+00 -5.36000E-01 6.25309E-08  -5.35749E-01
5.53333E+00 -5.34000E-01 6.03808E-08  -5.33923E-01
5.60000E+00 -5.32000E-01 7.38959E-08  -5.31944E-01
5.66667E+00 -5.30000E-01 7.35887E-08  -5.29965E-01
5.73333E+00 -5.28000E-01 7.08242E-08  -5.27834E-01
5.80000E+00 -5.26000E-01 8.58751E-08  -5.25855E-01
5.86667E+00 -5.24000E-01 8.40322E-08  -5.23876E-01
5.93333E+00 -5.22000E-01 8.51072E-08  -5.21897E-01
6.00000E+00 -5.20000E-01 9.60114E-08  -5.19918E-01
6.06667E+00 -5.18000E-01 9.57043E-08  -5.17787E-01
6.13333E+00 -5.16000E-01 9.53971E-08  -5.15808E-01
6.20000E+00 -5.14000E-01 1.07376E-07  -5.13982E-01
6.26667E+00 -5.12000E-01 1.04766E-07  -5.11851E-01
6.33333E+00 -5.10000E-01 1.08298E-07  -5.09872E-01
6.40000E+00 -5.08000E-01 1.20277E-07  -5.07893E-01
6.46667E+00 -5.06000E-01 1.16898E-07  -5.05762E-01
6.53333E+00 -5.04000E-01 1.18741E-07  -5.03783E-01
6.60000E+00 -5.02000E-01 1.29799E-07  -5.01804E-01
6.66667E+00 -5.00000E-01 1.27035E-07  -4.99673E-01
6.73333E+00 -4.98000E-01 1.29338E-07  -4.97694E-01
6.80000E+00 -4.96000E-01 1.39321E-07  -4.95715E-01
6.86667E+00 -4.94000E-01 1.36710E-07  -4.93736E-01
6.93333E+00 -4.92000E-01 1.39321E-07  -4.91758E-01
7.00000E+00 -4.90000E-01 1.51300E-07  -4.89779E-01
7.06667E+00 -4.88000E-01 1.45925E-07  -4.87800E-01
7.13333E+00 -4.86000E-01 1.49304E-07  -4.85821E-01
7.20000E+00 -4.84000E-01 1.61590E-07  -4.83994E-01
7.26667E+00 -4.82000E-01 1.58058E-07  -4.82015E-01
7.33333E+00 -4.80000E-01 1.58826E-07  -4.80037E-01
7.40000E+00 -4.78000E-01 1.72341E-07  -4.78058E-01
7.46667E+00 -4.76000E-01 1.67733E-07  -4.75927E-01
7.53333E+00 -4.74000E-01 1.70959E-07  -4.74100E-01
7.60000E+00 -4.72000E-01 1.80788E-07  -4.71969E-01
7.66667E+00 -4.70000E-01 1.77716E-07  -4.69990E-01
7.73333E+00 -4.68000E-01 1.79559E-07  -4.68011E-01
7.80000E+00 -4.66000E-01 1.90924E-07  -4.66032E-01
7.86667E+00 -4.64000E-01 1.87085E-07  -4.63901E-01
7.93333E+00 -4.62000E-01 1.90617E-07  -4.61922E-01
8.00000E+00 -4.60000E-01 1.99678E-07  -4.59943E-01
8.06667E+00 -4.58000E-01 1.98142E-07  -4.57965E-01
8.13333E+00 -4.56000E-01 2.00139E-07  -4.55986E-01
8.20000E+00 -4.54000E-01 2.09047E-07  -4.54007E-01
8.26667E+00 -4.52000E-01 2.08279E-07  -4.52028E-01
8.33333E+00 -4.50000E-01 2.10890E-07  -4.49897E-01
8.40000E+00 -4.48000E-01 2.15651E-07  -4.47918E-01
8.46667E+00 -4.46000E-01 2.18569E-07  -4.45939E-01
8.53333E+00 -4.44000E-01 2.21179E-07  -4.43960E-01
8.60000E+00 -4.42000E-01 2.21947E-07  -4.41981E-01
8.66667E+00 -4.40000E-01 2.29012E-07  -4.39850E-01
8.73333E+00 -4.38000E-01 2.31162E-07  -4.37871E-01
8.80000E+00 -4.36000E-01 2.39456E-07  -4.35892E-01
8.86667E+00 -4.34000E-01 2.39763E-07  -4.34066E-01
8.93333E+00 -4.32000E-01 2.39456E-07  -4.31935E-01
9.00000E+00 -4.30000E-01 2.37152E-07  -4.29956E-01
9.06667E+00 -4.28000E-01 2.49438E-07  -4.27977E-01
9.13333E+00 -4.26000E-01 2.50820E-07  -4.25846E-01
9.20000E+00 -4.24000E-01 2.45752E-07  -4.23867E-01
9.26667E+00 -4.22000E-01 2.60496E-07  -4.21888E-01
9.33333E+00 -4.20000E-01 2.61571E-07  -4.19757E-01
9.40000E+00 -4.18000E-01 2.55735E-07  -4.17778E-01
9.46667E+00 -4.16000E-01 2.70172E-07  -4.15952E-01
9.53333E+00 -4.14000E-01 2.72782E-07  -4.13973E-01
9.60000E+00 -4.12000E-01 2.64182E-07  -4.11842E-01
9.66667E+00 -4.10000E-01 2.82458E-07  -4.09863E-01
9.73333E+00 -4.08000E-01 2.81997E-07  -4.07884E-01
9.80000E+00 -4.06000E-01 2.76161E-07  -4.05905E-01
9.86667E+00 -4.04000E-01 2.94437E-07  -4.03926E-01
9.93333E+00 -4.02000E-01 2.94284E-07  -4.01947E-01
1.00000E+01 -4.00000E-01 2.87065E-07  -3.99968E-01
1.00667E+01 -3.98000E-01 3.03038E-07  -3.97837E-01
1.01333E+01 -3.96000E-01 3.05188E-07  -3.96011E-01
1.02000E+01 -3.94000E-01 3.01963E-07  -3.93879E-01
1.02667E+01 -3.92000E-01 3.17474E-07  -3.91901E-01
1.03333E+01 -3.90000E-01 3.16246E-07  -3.89922E-01
1.04000E+01 -3.88000E-01 3.14556E-07  -3.87943E-01
1.04667E+01 -3.86000E-01 3.28993E-07  -3.85964E-01
1.05333E+01 -3.84000E-01 3.27764E-07  -3.83833E-01
1.06000E+01 -3.82000E-01 3.27457E-07  -3.81854E-01
1.06667E+01 -3.80000E-01 3.41586E-07  -3.79875E-01
1.07333E+01 -3.78000E-01 3.39743E-07  -3.77896E-01
1.08000E+01 -3.76000E-01 3.41126E-07  -3.75917E-01
1.08667E+01 -3.74000E-01 3.53873E-07  -3.73939E-01
1.09333E+01 -3.72000E-01 3.49880E-07  -3.71807E-01
1.10000E+01 -3.70000E-01 3.55102E-07  -3.69829E-01
1.10667E+01 -3.68000E-01 3.64931E-07  -3.67850E-01
1.11333E+01 -3.66000E-01 3.63088E-07  -3.65871E-01
1.12000E+01 -3.64000E-01 3.66774E-07  -3.63892E-01
1.12667E+01 -3.62000E-01 3.78292E-07  -3.61913E-01
1.13333E+01 -3.60000E-01 3.75835E-07  -3.59782E-01
1.14000E+01 -3.58000E-01 3.78446E-07  -3.57955E-01
1.14667E+01 -3.56000E-01 3.91039E-07  -3.55976E-01
1.15333E+01 -3.54000E-01 3.87353E-07  -3.53845E-01
1.16000E+01 -3.52000E-01 3.90425E-07  -3.51867E-01
1.16667E+01 -3.50000E-01 4.04862E-07  -3.49888E-01
1.17333E+01 -3.48000E-01 3.99947E-07  -3.47909E-01
1.18000E+01 -3.46000E-01 4.05783E-07  -3.45778E-01
1.18667E+01 -3.44000E-01 4.17609E-07  -3.43799E-01
1.19333E+01 -3.42000E-01 4.14230E-07  -3.41820E-01
1.20000E+01 -3.40000E-01 4.16534E-07  -3.39689E-01
1.20667E+01 -3.38000E-01 4.30970E-07  -3.37862E-01
1.21333E+01 -3.36000E-01 4.26516E-07  -3.35883E-01
1.22000E+01 -3.34000E-01 4.31277E-07  -3.33752E-01
1.22667E+01 -3.32000E-01 4.44332E-07  -3.31773E-01
1.23333E+01 -3.30000E-01 4.40953E-07  -3.29794E-01
1.24000E+01 -3.28000E-01 4.43257E-07  -3.27968E-01
1.24667E+01 -3.26000E-01 4.58000E-07  -3.25837E-01
1.25333E+01 -3.24000E-01 4.54468E-07  -3.23858E-01
1.26000E+01 -3.22000E-01 4.59536E-07  -3.21727E-01
1.26667E+01 -3.20000E-01 4.71362E-07  -3.19748E-01
1.27333E+01 -3.18000E-01 4.69672E-07  -3.17921E-01
1.28000E+01 -3.16000E-01 4.71976E-07  -3.15942E-01
1.28667E+01 -3.14000E-01 4.85491E-07  -3.13811E-01
1.29333E+01 -3.12000E-01 4.82573E-07  -3.11832E-01
1.30000E+01 -3.10000E-01 4.87949E-07  -3.09854E-01
1.30667E+01 -3.08000E-01 4.96856E-07  -3.07875E-01
1.31333E+01 -3.06000E-01 4.99160E-07  -3.05744E-01
1.32000E+01 -3.04000E-01 5.02385E-07  -3.03765E-01
1.32667E+01 -3.02000E-01 5.11139E-07  -3.01786E-01
1.33333E+01 -3.00000E-01 5.14057E-07  -2.99807E-01
1.34000E+01 -2.98000E-01 5.19893E-07  -2.97828E-01
1.34667E+01 -2.96000E-01 5.22351E-07  -2.95849E-01
1.35333E+01 -2.94000E-01 5.31412E-07  -2.93718E-01
1.36000E+01 -2.92000E-01 5.34791E-07  -2.91739E-01
1.36667E+01 -2.90000E-01 5.36326E-07  -2.89760E-01
1.37333E+01 -2.88000E-01 5.47077E-07  -2.87781E-01
1.38000E+01 -2.86000E-01 5.51377E-07  -2.85803E-01
1.38667E+01 -2.84000E-01 5.58442E-07  -2.83824E-01
1.39333E+01 -2.82000E-01 5.64432E-07  -2.81693E-01
1.40000E+01 -2.80000E-01 5.68271E-07  -2.79866E-01
1.40667E+01 -2.78000E-01 5.67042E-07  -2.77887E-01
1.41333E+01 -2.76000E-01 5.81479E-07  -2.75756E-01
1.42000E+01 -2.74000E-01 5.86240E-07  -2.73777E-01
1.42667E+01 -2.72000E-01 5.82093E-07  -2.71798E-01
1.43333E+01 -2.70000E-01 5.98987E-07  -2.69819E-01
1.44000E+01 -2.68000E-01 6.03134E-07  -2.67688E-01
1.44667E+01 -2.66000E-01 6.00369E-07  -2.65709E-01
1.45333E+01 -2.64000E-01 6.17110E-07  -2.63731E-01
1.46000E+01 -2.62000E-01 6.19874E-07  -2.61752E-01
1.46667E+01 -2.60000E-01 6.17570E-07  -2.59773E-01
1.47333E+01 -2.58000E-01 6.35693E-07  -2.57794E-01
1.48000E+01 -2.56000E-01 6.38611E-07  -2.55815E-01
1.48667E+01 -2.54000E-01 6.37075E-07  -2.53684E-01
1.49333E+01 -2.52000E-01 6.54123E-07  -2.51705E-01
1.50000E+01 -2.50000E-01 6.55658E-07  -2.49878E-01
1.50667E+01 -2.48000E-01 6.55965E-07  -2.47747E-01
1.51333E+01 -2.46000E-01 6.72399E-07  -2.45769E-01
1.52000E+01 -2.44000E-01 6.71170E-07  -2.43790E-01
1.52667E+01 -2.42000E-01 6.75470E-07  -2.41811E-01
1.53333E+01 -2.40000E-01 6.90060E-07  -2.39832E-01
1.54000E+01 -2.38000E-01 6.91596E-07  -2.37853E-01
1.54667E+01 -2.36000E-01 6.94668E-07  -2.35722E-01
1.55333E+01 -2.34000E-01 7.08490E-07  -2.33743E-01
1.56000E+01 -2.32000E-01 7.09258E-07  -2.31764E-01
1.56667E+01 -2.30000E-01 7.14326E-07  -2.29785E-01
1.57333E+01 -2.28000E-01 7.27688E-07  -2.27806E-01
1.58000E+01 -2.26000E-01 7.26920E-07  -2.25675E-01
1.58667E+01 -2.24000E-01 7.33216E-07  -2.23696E-01
1.59333E+01 -2.22000E-01 7.45196E-07  -2.21718E-01
1.60000E+01 -2.20000E-01 7.43046E-07  -2.19739E-01
1.60667E+01 -2.18000E-01 7.51646E-07  -2.17760E-01
1.61333E+01 -2.16000E-01 7.61322E-07  -2.15781E-01
1.62000E+01 -2.14000E-01 7.62243E-07  -2.13650E-01
1.62667E+01 -2.12000E-01 7.68233E-07  -2.11823E-01
1.63333E+01 -2.10000E-01 7.81134E-07  -2.09692E-01
1.64000E+01 -2.08000E-01 7.79444E-07  -2.07713E-01
1.64667E+01 -2.06000E-01 7.86048E-07  -2.05734E-01
1.65333E+01 -2.04000E-01 7.98949E-07  -2.03603E-01
1.66000E+01 -2.02000E-01 7.96492E-07  -2.01777E-01
1.66667E+01 -2.00000E-01 8.02328E-07  -1.99798E-01
1.67333E+01 -1.98000E-01 8.16303E-07  -1.97667E-01
1.68000E+01 -1.96000E-01 8.12925E-07  -1.95688E-01
1.68667E+01 -1.94000E-01 8.19682E-07  -1.93709E-01
1.69333E+01 -1.92000E-01 8.31508E-07  -1.91730E-01
1.70000E+01 -1.90000E-01 8.30586E-07  -1.89599E-01
1.70667E+01 -1.88000E-01 8.37190E-07  -1.87620E-01
1.71333E+01 -1.86000E-01 8.50552E-07  -1.85641E-01
1.72000E+01 -1.84000E-01 8.48709E-07  -1.83662E-01
1.72667E+01 -1.82000E-01 8.56695E-07  -1.81683E-01
1.73333E+01 -1.80000E-01 8.68060E-07  -1.79705E-01
1.74000E+01 -1.78000E-01 8.67446E-07  -1.77574E-01
1.74667E+01 -1.76000E-01 8.72821E-07  -1.75595E-01
1.75333E+01 -1.74000E-01 8.85415E-07  -1.73768E-01
1.76000E+01 -1.72000E-01 8.84493E-07  -1.71941E-01
1.76667E+01 -1.70000E-01 8.90176E-07  -1.69962E-01
1.77333E+01 -1.68000E-01 9.01848E-07  -1.67831E-01
1.78000E+01 -1.66000E-01 9.02769E-07  -1.65853E-01
1.78667E+01 -1.64000E-01 9.08912E-07  -1.63874E-01
1.79333E+01 -1.62000E-01 9.18895E-07  -1.61895E-01
1.80000E+01 -1.60000E-01 9.20277E-07  -1.59916E-01
1.80667E+01 -1.58000E-01 9.26728E-07  -1.57937E-01
1.81333E+01 -1.56000E-01 9.31182E-07  -1.55958E-01
1.82000E+01 -1.54000E-01 9.38246E-07  -1.53827E-01
1.82667E+01 -1.52000E-01 9.41779E-07  -1.51848E-01
1.83333E+01 -1.50000E-01 9.46232E-07  -1.49869E-01
1.84000E+01 -1.48000E-01 9.53911E-07  -1.47738E-01
1.84667E+01 -1.46000E-01 9.58672E-07  -1.45759E-01
1.85333E+01 -1.44000E-01 9.61130E-07  -1.43933E-01
1.86000E+01 -1.42000E-01 9.69884E-07  -1.41802E-01
1.86667E+01 -1.40000E-01 9.75106E-07  -1.39823E-01
1.87333E+01 -1.38000E-01 9.72648E-07  -1.37844E-01
1.88000E+01 -1.36000E-01 9.84167E-07  -1.35865E-01
1.88667E+01 -1.34000E-01 9.88774E-07  -1.33886E-01
1.89333E+01 -1.32000E-01 9.91692E-07  -1.31907E-01
1.90000E+01 -1.30000E-01 9.95992E-07  -1.29776E-01
1.90667E+01 -1.28000E-01 9.99371E-07  -1.27797E-01
1.91333E+01 -1.26000E-01 9.95071E-07  -1.25818E-01
1.92000E+01 -1.24000E-01 1.00951E-06  -1.23840E-01
1.92667E+01 -1.22000E-01 1.01227E-06  -1.21861E-01
1.93333E+01 -1.20000E-01 1.00598E-06  -1.19882E-01
1.94000E+01 -1.18000E-01 1.01995E-06  -1.17751E-01
1.94667E+01 -1.16000E-01 1.02041E-06  -1.15772E-01
1.95333E+01 -1.14000E-01 1.01534E-06  -1.13793E-01
1.96000E+01 -1.12000E-01 1.02901E-06  -1.11814E-01
1.96667E+01 -1.10000E-01 1.02794E-06  -1.09683E-01
1.97333E+01 -1.08000E-01 1.02302E-06  -1.07704E-01
1.98000E+01 -1.06000E-01 1.03623E-06  -1.05725E-01
1.98667E+01 -1.04000E-01 1.03516E-06  -1.03899E-01
1.99333E+01 -1.02000E-01 1.03254E-06  -1.01767E-01
2.00000E+01 -1.00000E-01 1.04130E-06  -9.97886E-02
2.00667E+01 -9.80000E-02 1.04053E-06  -9.76575E-02
2.01333E+01 -9.60000E-02 1.04007E-06  -9.58309E-02
2.02000E+01 -9.40000E-02 1.04898E-06  -9.38520E-02
2.02667E+01 -9.20000E-02 1.04621E-06  -9.18731E-02
2.03333E+01 -9.00000E-02 1.04683E-06  -8.98942E-02
2.04000E+01 -8.80000E-02 1.05558E-06  -8.77631E-02
2.04667E+01 -8.60000E-02 1.05251E-06  -8.57843E-02
2.05333E+01 -8.40000E-02 1.05282E-06  -8.39576E-02
2.06000E+01 -8.20000E-02 1.06034E-06  -8.18265E-02
2.06667E+01 -8.00000E-02 1.05650E-06  -7.98477E-02
2.07333E+01 -7.80000E-02 1.05850E-06  -7.77166E-02
2.08000E+01 -7.60000E-02 1.06434E-06  -7.57377E-02
2.08667E+01 -7.40000E-02 1.06203E-06  -7.37588E-02
2.09333E+01 -7.20000E-02 1.06434E-06  -7.17799E-02
2.10000E+01 -7.00000E-02 1.07171E-06  -6.98011E-02
2.10667E+01 -6.80000E-02 1.06633E-06  -6.76700E-02
2.11333E+01 -6.60000E-02 1.07048E-06  -6.58433E-02
2.12000E+01 -6.40000E-02 1.07754E-06  -6.38645E-02
2.12667E+01 -6.20000E-02 1.07278E-06  -6.17334E-02
2.13333E+01 -6.00000E-02 1.07632E-06  -5.97545E-02
2.14000E+01 -5.80000E-02 1.08384E-06  -5.77756E-02
2.14667E+01 -5.60000E-02 1.07831E-06  -5.57967E-02
2.15333E+01 -5.40000E-02 1.08384E-06  -5.38179E-02
2.16000E+01 -5.20000E-02 1.09244E-06  -5.18390E-02
2.16667E+01 -5.00000E-02 1.08768E-06  -4.97079E-02
2.17333E+01 -4.80000E-02 1.09213E-06  -4.77290E-02
2.18000E+01 -4.60000E-02 1.10166E-06  -4.57502E-02
2.18667E+01 -4.40000E-02 1.09521E-06  -4.37713E-02
2.19333E+01 -4.20000E-02 1.10027E-06  -4.17924E-02
2.20000E+01 -4.00000E-02 1.10765E-06  -3.98135E-02
2.20667E+01 -3.80000E-02 1.10427E-06  -3.76825E-02
2.21333E+01 -3.60000E-02 1.10903E-06  -3.57036E-02
2.22000E+01 -3.40000E-02 1.11686E-06  -3.37247E-02
2.22667E+01 -3.20000E-02 1.11271E-06  -3.17458E-02
2.23333E+01 -3.00000E-02 1.11778E-06  -2.96147E-02
2.24000E+01 -2.80000E-02 1.12700E-06  -2.76359E-02
2.24667E+01 -2.60000E-02 1.12270E-06  -2.58092E-02
2.25333E+01 -2.40000E-02 1.12746E-06  -2.36781E-02
2.26000E+01 -2.20000E-02 1.13391E-06  -2.16993E-02
2.26667E+01 -2.00000E-02 1.13145E-06  -1.97204E-02
2.27333E+01 -1.80000E-02 1.13805E-06  -1.77415E-02
2.28000E+01 -1.60000E-02 1.14113E-06  -1.60671E-02
2.28667E+01 -1.40000E-02 1.14420E-06  -1.39360E-02
2.29333E+01 -1.20000E-02 1.14712E-06  -1.19571E-02
2.30000E+01 -1.00000E-02 1.15172E-06  -9.97824E-03
2.30667E+01 -8.00000E-03 1.15526E-06  -7.99936E-03
2.31333E+01 -6.00000E-03 1.15986E-06  -6.02049E-03
2.32000E+01 -4.00000E-03 1.16124E-06  -4.04162E-03
2.32667E+01 -2.00000E-03 1.16785E-06  -1.91053E-03
2.33333E+01 1.45825E-17  1.17169E-06  6.83472E-05 
2.34000E+01 2.00000E-03  1.17107E-06  2.04722E-03 
2.34667E+01 4.00000E-03  1.17829E-06  4.02609E-03 
2.35333E+01 6.00000E-03  1.18428E-06  6.15719E-03 
2.36000E+01 8.00000E-03  1.18182E-06  8.13606E-03 
2.36667E+01 1.00000E-02  1.19380E-06  1.01149E-02 
2.37333E+01 1.20000E-02  1.19764E-06  1.20938E-02 
2.38000E+01 1.40000E-02  1.19519E-06  1.40727E-02 
2.38667E+01 1.60000E-02  1.20793E-06  1.60515E-02 
2.39333E+01 1.80000E-02  1.21223E-06  1.80304E-02 
2.40000E+01 2.00000E-02  1.21300E-06  2.01615E-02 
2.40667E+01 2.20000E-02  1.22145E-06  2.21404E-02 
2.41333E+01 2.40000E-02  1.22621E-06  2.41193E-02 
2.42000E+01 2.60000E-02  1.22222E-06  2.60981E-02 
2.42667E+01 2.80000E-02  1.23911E-06  2.80770E-02 
2.43333E+01 3.00000E-02  1.24341E-06  3.00559E-02 
2.44000E+01 3.20000E-02  1.23742E-06  3.20347E-02 
2.44667E+01 3.40000E-02  1.25385E-06  3.40136E-02 
2.45333E+01 3.60000E-02  1.25554E-06  3.59925E-02 
2.46000E+01 3.80000E-02  1.25478E-06  3.79714E-02 
2.46667E+01 4.00000E-02  1.27090E-06  4.01025E-02 
2.47333E+01 4.20000E-02  1.27566E-06  4.20813E-02 
2.48000E+01 4.40000E-02  1.27336E-06  4.42124E-02 
2.48667E+01 4.60000E-02  1.28856E-06  4.60391E-02 
2.49333E+01 4.80000E-02  1.29117E-06  4.81702E-02 
2.50000E+01 5.00000E-02  1.29332E-06  5.01490E-02 
2.50667E+01 5.20000E-02  1.30500E-06  5.19757E-02 
2.51333E+01 5.40000E-02  1.30914E-06  5.41068E-02 
2.52000E+01 5.60000E-02  1.31375E-06  5.60857E-02 
2.52667E+01 5.80000E-02  1.32619E-06  5.80645E-02 
2.53333E+01 6.00000E-02  1.32742E-06  6.00434E-02 
2.54000E+01 6.20000E-02  1.33479E-06  6.20223E-02 
2.54667E+01 6.40000E-02  1.34462E-06  6.40012E-02 
2.55333E+01 6.60000E-02  1.34815E-06  6.59800E-02 
2.56000E+01 6.80000E-02  1.35414E-06  6.81111E-02 
2.56667E+01 7.00000E-02  1.36612E-06  6.99378E-02 
2.57333E+01 7.20000E-02  1.36873E-06  7.19166E-02 
2.58000E+01 7.40000E-02  1.37764E-06  7.38955E-02 
2.58667E+01 7.60000E-02  1.38916E-06  7.60266E-02 
2.59333E+01 7.80000E-02  1.39162E-06  7.80055E-02 
2.60000E+01 8.00000E-02  1.40068E-06  7.99844E-02 
2.60667E+01 8.20000E-02  1.41711E-06  8.21154E-02 
2.61333E+01 8.40000E-02  1.41941E-06  8.40943E-02 
2.62000E+01 8.60000E-02  1.43262E-06  8.60732E-02 
2.62667E+01 8.80000E-02  1.44706E-06  8.82043E-02 
2.63333E+01 9.00000E-02  1.45566E-06  9.00309E-02 
2.64000E+01 9.20000E-02  1.46764E-06  9.20098E-02 
2.64667E+01 9.40000E-02  1.48545E-06  9.41409E-02 
2.65333E+01 9.60000E-02  1.48852E-06  9.61198E-02 
2.66000E+01 9.80000E-02  1.50096E-06  9.80986E-02 
2.66667E+01 1.00000E-01  1.51617E-06  1.00078E-01 
2.67333E+01 9.80000E-02  9.07069E-07  9.82509E-02 
2.68000E+01 9.60000E-02  7.04343E-07  9.62720E-02 
2.68667E+01 9.40000E-02  5.88544E-07  9.42931E-02 
2.69333E+01 9.20000E-02  4.91174E-07  9.23142E-02 
2.70000E+01 9.00000E-02  4.24520E-07  9.03354E-02 
2.70667E+01 8.80000E-02  3.69692E-07  8.83565E-02 
2.71333E+01 8.60000E-02  3.13788E-07  8.63776E-02 
2.72000E+01 8.40000E-02  2.71247E-07  8.42465E-02 
2.72667E+01 8.20000E-02  2.36998E-07  8.22677E-02 
2.73333E+01 8.00000E-02  1.95378E-07  8.02888E-02 
2.74000E+01 7.80000E-02  1.66505E-07  7.81577E-02 
2.74667E+01 7.60000E-02  1.39935E-07  7.61788E-02 
2.75333E+01 7.40000E-02  1.08144E-07  7.42000E-02 
2.76000E+01 7.20000E-02  8.67966E-08  7.22211E-02 
2.76667E+01 7.00000E-02  6.43739E-08  7.02422E-02 
2.77333E+01 6.80000E-02  4.08761E-08  6.82633E-02 
2.78000E+01 6.60000E-02  2.36751E-08  6.61322E-02 
2.78667E+01 6.40000E-02  3.09529E-09  6.41534E-02 
2.79333E+01 6.20000E-02  -1.44129E-08 6.21745E-02 
2.80000E+01 6.00000E-02  -2.90030E-08 6.01956E-02 
2.80667E+01 5.80000E-02  -5.00435E-08 5.82168E-02 
2.81333E+01 5.60000E-02  -5.97191E-08 5.62379E-02 
2.82000E+01 5.40000E-02  -7.18519E-08 5.42590E-02 
2.82667E+01 5.20000E-02  -9.39675E-08 5.22801E-02 
2.83333E+01 5.00000E-02  -1.01493E-07 5.03013E-02 
2.84000E+01 4.80000E-02  -1.11169E-07 4.83224E-02 
2.84667E+01 4.60000E-02  -1.30980E-07 4.63435E-02 
2.85333E+01 4.40000E-02  -1.32977E-07 4.42124E-02 
2.86000E+01 4.20000E-02  -1.42038E-07 4.22336E-02 
2.86667E+01 4.00000E-02  -1.66150E-07 4.02547E-02 
2.87333E+01 3.80000E-02  -1.63232E-07 3.82758E-02 
2.88000E+01 3.60000E-02  -1.71679E-07 3.61447E-02 
2.88667E+01 3.40000E-02  -1.94716E-07 3.41658E-02 
2.89333E+01 3.20000E-02  -1.89187E-07 3.21870E-02 
2.90000E+01 3.00000E-02  -1.97481E-07 3.02081E-02 
2.90667E+01 2.80000E-02  -2.13760E-07 2.82292E-02 
2.91333E+01 2.60000E-02  -2.14989E-07 2.62504E-02 
2.92000E+01 2.40000E-02  -2.20518E-07 2.41193E-02 
2.92667E+01 2.20000E-02  -2.38794E-07 2.21404E-02 
2.93333E+01 2.00000E-02  -2.35722E-07 2.01615E-02 
2.94000E+01 1.80000E-02  -2.41865E-07 1.81826E-02 
2.94667E+01 1.60000E-02  -2.58606E-07 1.62038E-02 
2.95333E+01 1.40000E-02  -2.54613E-07 1.40727E-02 
2.96000E+01 1.20000E-02  -2.63213E-07 1.20938E-02 
2.96667E+01 1.00000E-02  -2.75653E-07 1.02672E-02 
2.97333E+01 8.00000E-03  -2.72581E-07 8.13606E-03 
2.98000E+01 6.00000E-03  -2.81182E-07 6.15719E-03 
2.98667E+01 4.00000E-03  -2.91779E-07 4.17831E-03 
2.99333E+01 2.00000E-03  -2.87325E-07 2.19944E-03 
3.00000E+01 1.45825E-17  -2.95311E-07 6.83472E-05 
3.00667E+01 -2.00000E-03 -3.04987E-07 -1.91053E-03
3.01333E+01 -4.00000E-03 -3.04219E-07 -3.88940E-03
3.02000E+01 -6.00000E-03 -3.11437E-07 -5.86827E-03
3.02667E+01 -8.00000E-03 -3.19424E-07 -7.84714E-03
3.03333E+01 -1.00000E-02 -3.19116E-07 -9.82602E-03
3.04000E+01 -1.20000E-02 -3.27563E-07 -1.18049E-02
3.04667E+01 -1.40000E-02 -3.32171E-07 -1.39360E-02
3.05333E+01 -1.60000E-02 -3.33706E-07 -1.59149E-02
3.06000E+01 -1.80000E-02 -3.40464E-07 -1.77415E-02
3.06667E+01 -2.00000E-02 -3.47375E-07 -1.95682E-02
3.07333E+01 -2.20000E-02 -3.46607E-07 -2.15470E-02
3.08000E+01 -2.40000E-02 -3.54133E-07 -2.36781E-02
3.08667E+01 -2.60000E-02 -3.57665E-07 -2.56570E-02
3.09333E+01 -2.80000E-02 -3.57665E-07 -2.76359E-02
3.10000E+01 -3.00000E-02 -3.65651E-07 -2.96147E-02
3.10667E+01 -3.20000E-02 -3.71334E-07 -3.15936E-02
3.11333E+01 -3.40000E-02 -3.68723E-07 -3.35725E-02
3.12000E+01 -3.60000E-02 -3.80088E-07 -3.57036E-02
3.12667E+01 -3.80000E-02 -3.83006E-07 -3.76825E-02
3.13333E+01 -4.00000E-02 -3.83467E-07 -3.96613E-02
3.14000E+01 -4.20000E-02 -3.91146E-07 -4.16402E-02
3.14667E+01 -4.40000E-02 -3.95599E-07 -4.37713E-02
3.15333E+01 -4.60000E-02 -3.94524E-07 -4.57502E-02
3.16000E+01 -4.80000E-02 -4.02818E-07 -4.75768E-02
3.16667E+01 -5.00000E-02 -4.06043E-07 -4.97079E-02
3.17333E+01 -5.20000E-02 -4.05121E-07 -5.16868E-02
3.18000E+01 -5.40000E-02 -4.14029E-07 -5.36657E-02
3.18667E+01 -5.60000E-02 -4.18329E-07 -5.56445E-02
3.19333E+01 -5.80000E-02 -4.16640E-07 -5.76234E-02
3.20000E+01 -6.00000E-02 -4.26469E-07 -5.96023E-02
3.20667E+01 -6.20000E-02 -4.28773E-07 -6.17334E-02
3.21333E+01 -6.40000E-02 -4.26008E-07 -6.37122E-02
3.22000E+01 -6.60000E-02 -4.35991E-07 -6.56911E-02
3.22667E+01 -6.80000E-02 -4.39831E-07 -6.76700E-02
3.23333E+01 -7.00000E-02 -4.38909E-07 -6.96489E-02
3.24000E+01 -7.20000E-02 -4.47356E-07 -7.16277E-02
3.24667E+01 -7.40000E-02 -4.48431E-07 -7.37588E-02
3.25333E+01 -7.60000E-02 -4.54114E-07 -7.57377E-02
3.26000E+01 -7.80000E-02 -4.55803E-07 -7.77166E-02
3.26667E+01 -8.00000E-02 -4.61025E-07 -7.96954E-02
3.27333E+01 -8.20000E-02 -4.66246E-07 -8.18265E-02
3.28000E+01 -8.40000E-02 -4.69164E-07 -8.38054E-02
3.28667E+01 -8.60000E-02 -4.71775E-07 -8.57843E-02
3.29333E+01 -8.80000E-02 -4.81758E-07 -8.77631E-02
3.30000E+01 -9.00000E-02 -4.79761E-07 -8.97420E-02
3.30667E+01 -9.20000E-02 -4.83294E-07 -9.17209E-02
3.31333E+01 -9.40000E-02 -4.96041E-07 -9.36998E-02
3.32000E+01 -9.60000E-02 -4.90973E-07 -9.56786E-02
3.32667E+01 -9.80000E-02 -4.96809E-07 -9.76575E-02
3.33333E+01 -1.00000E-01 -5.12935E-07 -9.96364E-02
3.34000E+01 -1.02000E-01 -5.13703E-07 -1.01767E-01
3.34667E+01 -1.04000E-01 -5.06484E-07 -1.03746E-01
3.35333E+01 -1.06000E-01 -5.28139E-07 -1.05573E-01
3.36000E+01 -1.08000E-01 -5.22610E-07 -1.07552E-01
3.36667E+01 -1.10000E-01 -5.27218E-07 -1.09683E-01
3.37333E+01 -1.12000E-01 -5.41194E-07 -1.11662E-01
3.38000E+01 -1.14000E-01 -5.38736E-07 -1.13641E-01
3.38667E+01 -1.16000E-01 -5.44419E-07 -1.15620E-01
3.39333E+01 -1.18000E-01 -5.61773E-07 -1.17751E-01
3.40000E+01 -1.20000E-01 -5.53173E-07 -1.19730E-01
3.40667E+01 -1.22000E-01 -5.59623E-07 -1.21708E-01
3.41333E+01 -1.24000E-01 -5.76671E-07 -1.23687E-01
3.42000E+01 -1.26000E-01 -5.73292E-07 -1.25666E-01
3.42667E+01 -1.28000E-01 -5.76824E-07 -1.27645E-01
3.43333E+01 -1.30000E-01 -5.92643E-07 -1.29776E-01
3.44000E+01 -1.32000E-01 -5.86346E-07 -1.31755E-01
3.44667E+01 -1.34000E-01 -5.93104E-07 -1.33734E-01
3.45333E+01 -1.36000E-01 -6.07080E-07 -1.35713E-01
3.46000E+01 -1.38000E-01 -6.01551E-07 -1.37692E-01
3.46667E+01 -1.40000E-01 -6.08923E-07 -1.39823E-01
3.47333E+01 -1.42000E-01 -6.20134E-07 -1.41802E-01
3.48000E+01 -1.44000E-01 -6.15834E-07 -1.43780E-01
3.48667E+01 -1.46000E-01 -6.23666E-07 -1.45759E-01
3.49333E+01 -1.48000E-01 -6.35031E-07 -1.47738E-01
3.50000E+01 -1.50000E-01 -6.29502E-07 -1.49717E-01
3.50667E+01 -1.52000E-01 -6.37796E-07 -1.51696E-01
3.51333E+01 -1.54000E-01 -6.46703E-07 -1.53827E-01
3.52000E+01 -1.56000E-01 -6.44246E-07 -1.55806E-01
3.52667E+01 -1.58000E-01 -6.50543E-07 -1.57785E-01
3.53333E+01 -1.60000E-01 -6.58068E-07 -1.59916E-01
3.54000E+01 -1.62000E-01 -6.54536E-07 -1.61895E-01
3.54667E+01 -1.64000E-01 -6.64058E-07 -1.63721E-01
3.55333E+01 -1.66000E-01 -6.69280E-07 -1.65700E-01
3.56000E+01 -1.68000E-01 -6.67744E-07 -1.67831E-01
3.56667E+01 -1.70000E-01 -6.76651E-07 -1.69810E-01
3.57333E+01 -1.72000E-01 -6.82027E-07 -1.71789E-01
3.58000E+01 -1.74000E-01 -6.79570E-07 -1.73616E-01
3.58667E+01 -1.76000E-01 -6.89399E-07 -1.75595E-01
3.59333E+01 -1.78000E-01 -6.94006E-07 -1.77574E-01
3.60000E+01 -1.80000E-01 -6.91395E-07 -1.79552E-01
3.60667E+01 -1.82000E-01 -7.01378E-07 -1.81683E-01
3.61333E+01 -1.84000E-01 -7.06139E-07 -1.83510E-01
3.62000E+01 -1.86000E-01 -7.03528E-07 -1.85489E-01
3.62667E+01 -1.88000E-01 -7.14125E-07 -1.87620E-01
3.63333E+01 -1.90000E-01 -7.19193E-07 -1.89599E-01
3.64000E+01 -1.92000E-01 -7.17965E-07 -1.91578E-01
3.64667E+01 -1.94000E-01 -7.27640E-07 -1.93557E-01
3.65333E+01 -1.96000E-01 -7.34858E-07 -1.95688E-01
3.66000E+01 -1.98000E-01 -7.34398E-07 -1.97667E-01
3.66667E+01 -2.00000E-01 -7.45609E-07 -1.99646E-01
3.67333E+01 -2.02000E-01 -7.52059E-07 -2.01777E-01
3.68000E+01 -2.04000E-01 -7.53595E-07 -2.03603E-01
3.68667E+01 -2.06000E-01 -7.64499E-07 -2.05582E-01
3.69333E+01 -2.08000E-01 -7.71257E-07 -2.07561E-01
3.70000E+01 -2.10000E-01 -7.72946E-07 -2.09692E-01
3.70667E+01 -2.12000E-01 -7.85233E-07 -2.11671E-01
3.71333E+01 -2.14000E-01 -7.92451E-07 -2.13650E-01
3.72000E+01 -2.16000E-01 -8.00284E-07 -2.15629E-01
3.72667E+01 -2.18000E-01 -8.07502E-07 -2.17608E-01
3.73333E+01 -2.20000E-01 -8.17638E-07 -2.19739E-01
3.74000E+01 -2.22000E-01 -8.26392E-07 -2.21718E-01
3.74667E+01 -2.24000E-01 -8.33918E-07 -2.23544E-01
3.75333E+01 -2.26000E-01 -8.44208E-07 -2.25675E-01
3.76000E+01 -2.28000E-01 -8.57262E-07 -2.27654E-01
3.76667E+01 -2.30000E-01 -8.62177E-07 -2.29633E-01
3.77333E+01 -2.32000E-01 -8.72927E-07 -2.31612E-01
3.78000E+01 -2.34000E-01 -8.89821E-07 -2.33743E-01
3.78667E+01 -2.36000E-01 -8.92585E-07 -2.35722E-01
3.79333E+01 -2.38000E-01 -9.04258E-07 -2.37701E-01
3.80000E+01 -2.40000E-01 -9.25605E-07 -2.39680E-01
3.80667E+01 -2.42000E-01 -9.23455E-07 -2.41659E-01
3.81333E+01 -2.44000E-01 -9.38506E-07 -2.43637E-01
3.82000E+01 -2.46000E-01 -9.58779E-07 -2.45616E-01
3.82667E+01 -2.48000E-01 -9.57704E-07 -2.47747E-01
3.83333E+01 -2.50000E-01 -9.69222E-07 -2.49726E-01
3.84000E+01 -2.52000E-01 -9.93641E-07 -2.51705E-01
3.84667E+01 -2.54000E-01 -9.90263E-07 -2.53684E-01
3.85333E+01 -2.56000E-01 -1.00439E-06 -2.55663E-01
3.86000E+01 -2.58000E-01 -1.02589E-06 -2.57642E-01
3.86667E+01 -2.60000E-01 -1.02129E-06 -2.59773E-01
3.87333E+01 -2.62000E-01 -1.03434E-06 -2.61599E-01
3.88000E+01 -2.64000E-01 -1.05661E-06 -2.63578E-01
3.88667E+01 -2.66000E-01 -1.05108E-06 -2.65557E-01
3.89333E+01 -2.68000E-01 -1.06490E-06 -2.67688E-01
3.90000E+01 -2.70000E-01 -1.08395E-06 -2.69667E-01
3.90667E+01 -2.72000E-01 -1.07919E-06 -2.71646E-01
3.91333E+01 -2.74000E-01 -1.08994E-06 -2.73625E-01
3.92000E+01 -2.76000E-01 -1.10806E-06 -2.75756E-01
3.92667E+01 -2.78000E-01 -1.10514E-06 -2.77735E-01
3.93333E+01 -2.80000E-01 -1.11389E-06 -2.79714E-01
3.94000E+01 -2.82000E-01 -1.12910E-06 -2.81693E-01
3.94667E+01 -2.84000E-01 -1.12480E-06 -2.83672E-01
3.95333E+01 -2.86000E-01 -1.13340E-06 -2.85650E-01
3.96000E+01 -2.88000E-01 -1.14553E-06 -2.87781E-01
3.96667E+01 -2.90000E-01 -1.14123E-06 -2.89760E-01
3.97333E+01 -2.92000E-01 -1.14983E-06 -2.91587E-01
3.98000E+01 -2.94000E-01 -1.15935E-06 -2.93718E-01
3.98667E+01 -2.96000E-01 -1.15398E-06 -2.95697E-01
3.99333E+01 -2.98000E-01 -1.16135E-06 -2.97676E-01
4.00000E+01 -3.00000E-01 -1.16872E-06 -2.99655E-01
4.00667E+01 -3.02000E-01 -1.16319E-06 -3.01634E-01
4.01333E+01 -3.04000E-01 -1.17072E-06 -3.03612E-01
4.02000E+01 -3.06000E-01 -1.17471E-06 -3.05744E-01
4.02667E+01 -3.08000E-01 -1.16980E-06 -3.07722E-01
4.03333E+01 -3.10000E-01 -1.17748E-06 -3.09701E-01
4.04000E+01 -3.12000E-01 -1.18101E-06 -3.11680E-01
4.04667E+01 -3.14000E-01 -1.17502E-06 -3.13811E-01
4.05333E+01 -3.16000E-01 -1.18270E-06 -3.15790E-01
4.06000E+01 -3.18000E-01 -1.18393E-06 -3.17769E-01
4.06667E+01 -3.20000E-01 -1.17794E-06 -3.19748E-01
4.07333E+01 -3.22000E-01 -1.18285E-06 -3.21727E-01
4.08000E+01 -3.24000E-01 -1.18654E-06 -3.23706E-01
4.08667E+01 -3.26000E-01 -1.17809E-06 -3.25837E-01
4.09333E+01 -3.28000E-01 -1.18546E-06 -3.27816E-01
4.10000E+01 -3.30000E-01 -1.18731E-06 -3.29642E-01
4.10667E+01 -3.32000E-01 -1.17717E-06 -3.31773E-01
4.11333E+01 -3.34000E-01 -1.18516E-06 -3.33752E-01
4.12000E+01 -3.36000E-01 -1.18777E-06 -3.35731E-01
4.12667E+01 -3.38000E-01 -1.17886E-06 -3.37710E-01
4.13333E+01 -3.40000E-01 -1.18531E-06 -3.39689E-01
4.14000E+01 -3.42000E-01 -1.18777E-06 -3.41668E-01
4.14667E+01 -3.44000E-01 -1.17840E-06 -3.43799E-01
4.15333E+01 -3.46000E-01 -1.18423E-06 -3.45778E-01
4.16000E+01 -3.48000E-01 -1.18654E-06 -3.47757E-01
4.16667E+01 -3.50000E-01 -1.17609E-06 -3.49735E-01
4.17333E+01 -3.52000E-01 -1.18454E-06 -3.51867E-01
4.18000E+01 -3.54000E-01 -1.18408E-06 -3.53693E-01
4.18667E+01 -3.56000E-01 -1.17825E-06 -3.55824E-01
4.19333E+01 -3.58000E-01 -1.18377E-06 -3.57803E-01
4.20000E+01 -3.60000E-01 -1.18423E-06 -3.59782E-01
4.20667E+01 -3.62000E-01 -1.17886E-06 -3.61761E-01
4.21333E+01 -3.64000E-01 -1.18285E-06 -3.63740E-01
4.22000E+01 -3.66000E-01 -1.18270E-06 -3.65871E-01
4.22667E+01 -3.68000E-01 -1.18040E-06 -3.67850E-01
4.23333E+01 -3.70000E-01 -1.17993E-06 -3.69829E-01
4.24000E+01 -3.72000E-01 -1.18285E-06 -3.71807E-01
4.24667E+01 -3.74000E-01 -1.18301E-06 -3.73786E-01
4.25333E+01 -3.76000E-01 -1.18009E-06 -3.75917E-01
4.26000E+01 -3.78000E-01 -1.18239E-06 -3.77896E-01
4.26667E+01 -3.80000E-01 -1.18685E-06 -3.79723E-01
4.27333E+01 -3.82000E-01 -1.17917E-06 -3.81702E-01
4.28000E+01 -3.84000E-01 -1.18162E-06 -3.83833E-01
4.28667E+01 -3.86000E-01 -1.18761E-06 -3.85812E-01
4.29333E+01 -3.88000E-01 -1.17778E-06 -3.87791E-01
4.30000E+01 -3.90000E-01 -1.18055E-06 -3.89922E-01
4.30667E+01 -3.92000E-01 -1.18961E-06 -3.91901E-01
4.31333E+01 -3.94000E-01 -1.17686E-06 -3.93879E-01
4.32000E+01 -3.96000E-01 -1.18208E-06 -3.95858E-01
4.32667E+01 -3.98000E-01 -1.19176E-06 -3.97837E-01
4.33333E+01 -4.00000E-01 -1.17748E-06 -3.99816E-01
4.34000E+01 -4.02000E-01 -1.18055E-06 -4.01795E-01
4.34667E+01 -4.04000E-01 -1.19130E-06 -4.03926E-01
4.35333E+01 -4.06000E-01 -1.17886E-06 -4.05905E-01
4.36000E+01 -4.08000E-01 -1.18086E-06 -4.07732E-01
4.36667E+01 -4.10000E-01 -1.19191E-06 -4.09710E-01
4.37333E+01 -4.12000E-01 -1.17840E-06 -4.11842E-01
4.38000E+01 -4.14000E-01 -1.18086E-06 -4.13820E-01
4.38667E+01 -4.16000E-01 -1.19376E-06 -4.15799E-01
4.39333E+01 -4.18000E-01 -1.17763E-06 -4.17778E-01
4.40000E+01 -4.20000E-01 -1.18485E-06 -4.19757E-01
4.40667E+01 -4.22000E-01 -1.19360E-06 -4.21736E-01
4.41333E+01 -4.24000E-01 -1.17901E-06 -4.23867E-01
4.42000E+01 -4.26000E-01 -1.18439E-06 -4.25846E-01
4.42667E+01 -4.28000E-01 -1.19207E-06 -4.27825E-01
4.43333E+01 -4.30000E-01 -1.18147E-06 -4.29804E-01
4.44000E+01 -4.32000E-01 -1.18577E-06 -4.31935E-01
4.44667E+01 -4.34000E-01 -1.19191E-06 -4.33914E-01
4.45333E+01 -4.36000E-01 -1.18055E-06 -4.35892E-01
4.46000E+01 -4.38000E-01 -1.18608E-06 -4.37719E-01
4.46667E+01 -4.40000E-01 -1.19207E-06 -4.39850E-01
4.47333E+01 -4.42000E-01 -1.18224E-06 -4.41829E-01
4.48000E+01 -4.44000E-01 -1.18992E-06 -4.43960E-01
4.48667E+01 -4.46000E-01 -1.19176E-06 -4.45939E-01
4.49333E+01 -4.48000E-01 -1.18362E-06 -4.47766E-01
4.50000E+01 -4.50000E-01 -1.19145E-06 -4.49897E-01
4.50667E+01 -4.52000E-01 -1.19299E-06 -4.51876E-01
4.51333E+01 -4.54000E-01 -1.18500E-06 -4.53855E-01
4.52000E+01 -4.56000E-01 -1.19268E-06 -4.55833E-01
4.52667E+01 -4.58000E-01 -1.19176E-06 -4.57812E-01
4.53333E+01 -4.60000E-01 -1.18454E-06 -4.59791E-01
4.54000E+01 -4.62000E-01 -1.19452E-06 -4.61922E-01
4.54667E+01 -4.64000E-01 -1.19345E-06 -4.63901E-01
4.55333E+01 -4.66000E-01 -1.18562E-06 -4.65880E-01
4.56000E+01 -4.68000E-01 -1.19714E-06 -4.67859E-01
4.56667E+01 -4.70000E-01 -1.19775E-06 -4.69990E-01
4.57333E+01 -4.72000E-01 -1.19022E-06 -4.71969E-01
4.58000E+01 -4.74000E-01 -1.19990E-06 -4.73948E-01
4.58667E+01 -4.76000E-01 -1.20036E-06 -4.75927E-01
4.59333E+01 -4.78000E-01 -1.19084E-06 -4.77905E-01
4.60000E+01 -4.80000E-01 -1.20174E-06 -4.79884E-01
4.60667E+01 -4.82000E-01 -1.20251E-06 -4.81863E-01
4.61333E+01 -4.84000E-01 -1.19391E-06 -4.83994E-01
4.62000E+01 -4.86000E-01 -1.20435E-06 -4.85669E-01
4.62667E+01 -4.88000E-01 -1.20528E-06 -4.87648E-01
4.63333E+01 -4.90000E-01 -1.19621E-06 -4.89779E-01
4.64000E+01 -4.92000E-01 -1.20804E-06 -4.91758E-01
4.64667E+01 -4.94000E-01 -1.20865E-06 -4.93736E-01
4.65333E+01 -4.96000E-01 -1.20159E-06 -4.95715E-01
4.66000E+01 -4.98000E-01 -1.20911E-06 -4.97694E-01
4.66667E+01 -5.00000E-01 -1.21173E-06 -4.99673E-01
4.67333E+01 -5.02000E-01 -1.20620E-06 -5.01652E-01
4.68000E+01 -5.04000E-01 -1.21157E-06 -5.03783E-01
4.68667E+01 -5.06000E-01 -1.21526E-06 -5.05762E-01
4.69333E+01 -5.08000E-01 -1.20911E-06 -5.07741E-01
4.70000E+01 -5.10000E-01 -1.21695E-06 -5.09720E-01
4.70667E+01 -5.12000E-01 -1.21879E-06 -5.11851E-01
4.71333E+01 -5.14000E-01 -1.21741E-06 -5.13830E-01
4.72000E+01 -5.16000E-01 -1.21910E-06 -5.15656E-01
4.72667E+01 -5.18000E-01 -1.22109E-06 -5.17787E-01
4.73333E+01 -5.20000E-01 -1.22432E-06 -5.19766E-01
4.74000E+01 -5.22000E-01 -1.22063E-06 -5.21745E-01
4.74667E+01 -5.24000E-01 -1.22370E-06 -5.23876E-01
4.75333E+01 -5.26000E-01 -1.22954E-06 -5.25703E-01
4.76000E+01 -5.28000E-01 -1.22355E-06 -5.27834E-01
4.76667E+01 -5.30000E-01 -1.22847E-06 -5.29813E-01
4.77333E+01 -5.32000E-01 -1.23630E-06 -5.31792E-01
4.78000E+01 -5.34000E-01 -1.23031E-06 -5.33771E-01
4.78667E+01 -5.36000E-01 -1.23338E-06 -5.35749E-01
4.79333E+01 -5.38000E-01 -1.24336E-06 -5.37728E-01
4.80000E+01 -5.40000E-01 -1.23568E-06 -5.39707E-01
4.80667E+01 -5.42000E-01 -1.23768E-06 -5.41838E-01
4.81333E+01 -5.44000E-01 -1.24766E-06 -5.43817E-01
4.82000E+01 -5.46000E-01 -1.23737E-06 -5.45796E-01
4.82667E+01 -5.48000E-01 -1.24290E-06 -5.47775E-01
4.83333E+01 -5.50000E-01 -1.25442E-06 -5.49906E-01
4.84000E+01 -5.52000E-01 -1.24275E-06 -5.51885E-01
4.84667E+01 -5.54000E-01 -1.24567E-06 -5.53864E-01
4.85333E+01 -5.56000E-01 -1.26026E-06 -5.55843E-01
4.86000E+01 -5.58000E-01 -1.24782E-06 -5.57821E-01
4.86667E+01 -5.60000E-01 -1.25365E-06 -5.59800E-01
4.87333E+01 -5.62000E-01 -1.26410E-06 -5.61931E-01
4.88000E+01 -5.64000E-01 -1.25427E-06 -5.63758E-01
4.88667E+01 -5.66000E-01 -1.25964E-06 -5.65737E-01
4.89333E+01 -5.68000E-01 -1.26778E-06 -5.67716E-01
4.90000E+01 -5.70000E-01 -1.25964E-06 -5.69847E-01
4.90667E+01 -5.72000E-01 -1.26533E-06 -5.71826E-01
4.91333E+01 -5.74000E-01 -1.27239E-06 -5.73652E-01
4.92000E+01 -5.76000E-01 -1.26348E-06 -5.75784E-01
4.92667E+01 -5.78000E-01 -1.27055E-06 -5.77762E-01
4.93333E+01 -5.80000E-01 -1.27823E-06 -5.79741E-01
4.94000E+01 -5.82000E-01 -1.27270E-06 -5.81720E-01
4.94667E+01 -5.84000E-01 -1.27930E-06 -5.83851E-01
4.95333E+01 -5.86000E-01 -1.28299E-06 -5.85830E-01
4.96000E+01 -5.88000E-01 -1.27761E-06 -5.87809E-01
4.96667E+01 -5.90000E-01 -1.28575E-06 -5.89940E-01
4.97333E+01 -5.92000E-01 -1.28805E-06 -5.91919E-01
4.98000E+01 -5.94000E-01 -1.28237E-06 -5.93746E-01
4.98667E+01 -5.96000E-01 -1.29282E-06 -5.95877E-01
4.99333E+01 -5.98000E-01 -1.29512E-06 -5.97856E-01
5.00000E+01 -6.00000E-01 -1.29128E-06 -5.99834E-01
5.00667E+01 -6.02000E-01 -1.30218E-06 -6.01813E-01
5.01333E+01 -6.04000E-01 -1.30311E-06 -6.03792E-01
5.02000E+01 -6.06000E-01 -1.29850E-06 -6.05771E-01
5.02667E+01 -6.08000E-01 -1.31125E-06 -6.07902E-01
5.03333E+01 -6.10000E-01 -1.31048E-06 -6.09881E-01
5.04000E+01 -6.12000E-01 -1.30802E-06 -6.11860E-01
5.04667E+01 -6.14000E-01 -1.31908E-06 -6.13839E-01
5.05333E+01 -6.16000E-01 -1.31877E-06 -6.15818E-01
5.06000E+01 -6.18000E-01 -1.31447E-06 -6.17797E-01
5.06667E+01 -6.20000E-01 -1.32860E-06 -6.19775E-01
5.07333E+01 -6.22000E-01 -1.32998E-06 -6.21906E-01
5.08000E+01 -6.24000E-01 -1.32553E-06 -6.23885E-01
5.08667E+01 -6.26000E-01 -1.33889E-06 -6.25864E-01
5.09333E+01 -6.28000E-01 -1.34073E-06 -6.27995E-01
5.10000E+01 -6.30000E-01 -1.33659E-06 -6.29974E-01
5.10667E+01 -6.32000E-01 -1.34964E-06 -6.31801E-01
5.11333E+01 -6.34000E-01 -1.35133E-06 -6.33932E-01
5.12000E+01 -6.36000E-01 -1.34703E-06 -6.35911E-01
5.12667E+01 -6.38000E-01 -1.36085E-06 -6.37890E-01
5.13333E+01 -6.40000E-01 -1.36346E-06 -6.39869E-01
5.14000E+01 -6.42000E-01 -1.35870E-06 -6.41847E-01
5.14667E+01 -6.44000E-01 -1.37206E-06 -6.43674E-01
5.15333E+01 -6.46000E-01 -1.37329E-06 -6.45653E-01
5.16000E+01 -6.48000E-01 -1.37375E-06 -6.47632E-01
5.16667E+01 -6.50000E-01 -1.38589E-06 -6.49611E-01
5.17333E+01 -6.52000E-01 -1.38788E-06 -6.51590E-01
5.18000E+01 -6.54000E-01 -1.38850E-06 -6.53568E-01
5.18667E+01 -6.56000E-01 -1.39740E-06 -6.55700E-01
5.19333E+01 -6.58000E-01 -1.40063E-06 -6.57678E-01
5.20000E+01 -6.60000E-01 -1.40616E-06 -6.59657E-01
5.20667E+01 -6.62000E-01 -1.41199E-06 -6.61636E-01
5.21333E+01 -6.64000E-01 -1.41553E-06 -6.63767E-01
5.22000E+01 -6.66000E-01 -1.42290E-06 -6.65746E-01
5.22667E+01 -6.68000E-01 -1.42674E-06 -6.67725E-01
5.23333E+01 -6.70000E-01 -1.43012E-06 -6.69704E-01
5.24000E+01 -6.72000E-01 -1.43979E-06 -6.71683E-01
5.24667E+01 -6.74000E-01 -1.44071E-06 -6.73662E-01
5.25333E+01 -6.76000E-01 -1.44655E-06 -6.75640E-01
5.26000E+01 -6.78000E-01 -1.45822E-06 -6.77772E-01
5.26667E+01 -6.80000E-01 -1.45761E-06 -6.79750E-01
5.27333E+01 -6.82000E-01 -1.46222E-06 -6.81729E-01
5.28000E+01 -6.84000E-01 -1.47911E-06 -6.83708E-01
5.28667E+01 -6.86000E-01 -1.47527E-06 -6.85687E-01
5.29333E+01 -6.88000E-01 -1.48095E-06 -6.87818E-01
5.30000E+01 -6.90000E-01 -1.49831E-06 -6.89645E-01
5.30667E+01 -6.92000E-01 -1.49278E-06 -6.91624E-01
5.31333E+01 -6.94000E-01 -1.50092E-06 -6.93603E-01
5.32000E+01 -6.96000E-01 -1.51843E-06 -6.95734E-01
5.32667E+01 -6.98000E-01 -1.51151E-06 -6.97713E-01
