time/s      E/V        I/A
0.00000E+00 -7.00000E-01 -6.05390E-07 -6.99691E-01
6.66667E-02 -6.98000E-01 -4.57799E-07 -6.97713E-01
1.33333E-01 -6.96000E-01 -3.17427E-07 -6.95734E-01
2.00000E-01 -6.94000E-01 -2.71506E-07 -6.93755E-01
2.66667E-01 -6.92000E-01 -2.43862E-07 -6.91776E-01
3.33333E-01 -6.90000E-01 -2.21593E-07 -6.89797E-01
4.00000E-01 -6.88000E-01 -2.03470E-07 -6.87818E-01
4.66667E-01 -6.86000E-01 -1.87037E-07 -6.85839E-01
5.33333E-01 -6.84000E-01 -1.73215E-07 -6.83708E-01
6.00000E-01 -6.82000E-01 -1.59393E-07 -6.81729E-01
6.66667E-01 -6.80000E-01 -1.48489E-07 -6.79750E-01
7.33333E-01 -6.78000E-01 -1.36356E-07 -6.77772E-01
8.00000E-01 -6.76000E-01 -1.27755E-07 -6.75793E-01
8.66667E-01 -6.74000E-01 -1.17005E-07 -6.73662E-01
9.33333E-01 -6.72000E-01 -1.09940E-07 -6.71683E-01
1.00000E+00 -6.70000E-01 -9.90357E-08 -6.69856E-01
1.06667E+00 -6.68000E-01 -9.18174E-08 -6.67877E-01
1.13333E+00 -6.66000E-01 -8.39848E-08 -6.65746E-01
1.20000E+00 -6.64000E-01 -7.59986E-08 -6.63767E-01
1.26667E+00 -6.62000E-01 -6.81660E-08 -6.61788E-01
1.33333E+00 -6.60000E-01 -6.27907E-08 -6.59810E-01
1.40000E+00 -6.58000E-01 -5.54188E-08 -6.57678E-01
1.46667E+00 -6.56000E-01 -4.94292E-08 -6.55700E-01
1.53333E+00 -6.54000E-01 -4.35931E-08 -6.53721E-01
1.60000E+00 -6.52000E-01 -3.77571E-08 -6.51590E-01
1.66667E+00 -6.50000E-01 -3.03852E-08 -6.49763E-01
1.73333E+00 -6.48000E-01 -2.60850E-08 -6.47784E-01
1.80000E+00 -6.46000E-01 -1.97882E-08 -6.45653E-01
1.86667E+00 -6.44000E-01 -1.39521E-08 -6.43674E-01
1.93333E+00 -6.42000E-01 -9.34472E-09 -6.41847E-01
2.00000E+00 -6.40000E-01 -4.43014E-09 -6.40021E-01
2.06667E+00 -6.38000E-01 -2.83474E-10 -6.38042E-01
2.13333E+00 -6.36000E-01 4.47752E-09  -6.35911E-01
2.20000E+00 -6.34000E-01 1.06207E-08  -6.33932E-01
2.26667E+00 -6.32000E-01 1.50746E-08  -6.31953E-01
2.33333E+00 -6.30000E-01 1.99891E-08  -6.29974E-01
2.40000E+00 -6.28000E-01 2.27536E-08  -6.27995E-01
2.46667E+00 -6.26000E-01 2.92040E-08  -6.26016E-01
2.53333E+00 -6.24000E-01 3.19684E-08  -6.23885E-01
2.60000E+00 -6.22000E-01 3.68830E-08  -6.21906E-01
2.66667E+00 -6.20000E-01 4.08761E-08  -6.19928E-01
2.73333E+00 -6.18000E-01 4.47156E-08  -6.17949E-01
2.80000E+00 -6.16000E-01 4.91694E-08  -6.15818E-01
2.86667E+00 -6.14000E-01 5.36232E-08  -6.13839E-01
2.93333E+00 -6.12000E-01 5.62341E-08  -6.11860E-01
3.00000E+00 -6.10000E-01 5.99200E-08  -6.09881E-01
3.06667E+00 -6.08000E-01 6.40667E-08  -6.07902E-01
3.13333E+00 -6.06000E-01 6.75991E-08  -6.05923E-01
3.20000E+00 -6.04000E-01 7.05171E-08  -6.03792E-01
3.26667E+00 -6.02000E-01 7.51245E-08  -6.01966E-01
3.33333E+00 -6.00000E-01 7.85033E-08  -5.99987E-01
3.40000E+00 -5.98000E-01 8.17284E-08  -5.97856E-01
3.46667E+00 -5.96000E-01 8.46465E-08  -5.95877E-01
3.53333E+00 -5.94000E-01 8.84860E-08  -5.93898E-01
3.60000E+00 -5.92000E-01 9.14040E-08  -5.91919E-01
3.66667E+00 -5.90000E-01 9.46292E-08  -5.89940E-01
3.73333E+00 -5.88000E-01 9.73936E-08  -5.87961E-01
3.80000E+00 -5.86000E-01 1.01540E-07  -5.85830E-01
3.86667E+00 -5.84000E-01 1.05073E-07  -5.83851E-01
3.93333E+00 -5.82000E-01 1.07376E-07  -5.81872E-01
4.00000E+00 -5.80000E-01 1.11677E-07  -5.79894E-01
4.06667E+00 -5.78000E-01 1.14748E-07  -5.77762E-01
4.13333E+00 -5.76000E-01 1.16130E-07  -5.75784E-01
4.20000E+00 -5.74000E-01 1.21659E-07  -5.73805E-01
4.26667E+00 -5.72000E-01 1.22734E-07  -5.71826E-01
4.33333E+00 -5.70000E-01 1.15055E-07  -5.69847E-01
4.40000E+00 -5.68000E-01 1.29185E-07  -5.67868E-01
4.46667E+00 -5.66000E-01 1.35789E-07  -5.65889E-01
4.53333E+00 -5.64000E-01 1.34560E-07  -5.63758E-01
4.60000E+00 -5.62000E-01 1.39014E-07  -5.61931E-01
4.66667E+00 -5.60000E-01 1.42393E-07  -5.59953E-01
4.73333E+00 -5.58000E-01 1.42393E-07  -5.57821E-01
4.80000E+00 -5.56000E-01 1.47768E-07  -5.55843E-01
4.86667E+00 -5.54000E-01 1.50379E-07  -5.53864E-01
4.93333E+00 -5.52000E-01 1.52683E-07  -5.51885E-01
5.00000E+00 -5.50000E-01 1.56522E-07  -5.49906E-01
5.06667E+00 -5.48000E-01 1.60976E-07  -5.47927E-01
5.13333E+00 -5.46000E-01 1.59440E-07  -5.45948E-01
5.20000E+00 -5.44000E-01 1.65123E-07  -5.43817E-01
5.26667E+00 -5.42000E-01 1.68501E-07  -5.41838E-01
5.33333E+00 -5.40000E-01 1.68194E-07  -5.39859E-01
5.40000E+00 -5.38000E-01 1.73877E-07  -5.37728E-01
5.46667E+00 -5.36000E-01 1.76027E-07  -5.35749E-01
5.53333E+00 -5.34000E-01 1.78331E-07  -5.33923E-01
5.60000E+00 -5.32000E-01 1.82170E-07  -5.31944E-01
5.66667E+00 -5.30000E-01 1.86777E-07  -5.29813E-01
5.73333E+00 -5.28000E-01 1.86777E-07  -5.27834E-01
5.80000E+00 -5.26000E-01 1.90771E-07  -5.25855E-01
5.86667E+00 -5.24000E-01 1.94303E-07  -5.23876E-01
5.93333E+00 -5.22000E-01 1.95378E-07  -5.21897E-01
6.00000E+00 -5.20000E-01 2.00139E-07  -5.19766E-01
6.06667E+00 -5.18000E-01 2.03211E-07  -5.17787E-01
6.13333E+00 -5.16000E-01 2.01982E-07  -5.15808E-01
6.20000E+00 -5.14000E-01 2.08432E-07  -5.13830E-01
6.26667E+00 -5.12000E-01 2.11811E-07  -5.11851E-01
6.33333E+00 -5.10000E-01 2.12118E-07  -5.09872E-01
6.40000E+00 -5.08000E-01 2.20258E-07  -5.07893E-01
6.46667E+00 -5.06000E-01 2.20872E-07  -5.05762E-01
6.53333E+00 -5.04000E-01 2.21640E-07  -5.03783E-01
6.60000E+00 -5.02000E-01 2.27015E-07  -5.01804E-01
6.66667E+00 -5.00000E-01 2.28705E-07  -4.99673E-01
6.73333E+00 -4.98000E-01 2.30241E-07  -4.97694E-01
6.80000E+00 -4.96000E-01 2.34848E-07  -4.95715E-01
6.86667E+00 -4.94000E-01 2.37152E-07  -4.93736E-01
6.93333E+00 -4.92000E-01 2.38073E-07  -4.91758E-01
7.00000E+00 -4.90000E-01 2.45752E-07  -4.89779E-01
7.06667E+00 -4.88000E-01 2.46213E-07  -4.87648E-01
7.13333E+00 -4.86000E-01 2.47902E-07  -4.85669E-01
7.20000E+00 -4.84000E-01 2.53278E-07  -4.83994E-01
7.26667E+00 -4.82000E-01 2.55889E-07  -4.82015E-01
7.33333E+00 -4.80000E-01 2.57732E-07  -4.80037E-01
7.40000E+00 -4.78000E-01 2.62646E-07  -4.77905E-01
7.46667E+00 -4.76000E-01 2.62953E-07  -4.75927E-01
7.53333E+00 -4.74000E-01 2.65871E-07  -4.73948E-01
7.60000E+00 -4.72000E-01 2.71400E-07  -4.71969E-01
7.66667E+00 -4.70000E-01 2.72475E-07  -4.69990E-01
7.73333E+00 -4.68000E-01 2.75086E-07  -4.68011E-01
7.80000E+00 -4.66000E-01 2.81537E-07  -4.66032E-01
7.86667E+00 -4.64000E-01 2.82919E-07  -4.63901E-01
7.93333E+00 -4.62000E-01 2.84455E-07  -4.61922E-01
8.00000E+00 -4.60000E-01 2.89523E-07  -4.59943E-01
8.06667E+00 -4.58000E-01 2.92287E-07  -4.57812E-01
8.13333E+00 -4.56000E-01 2.93209E-07  -4.55986E-01
8.20000E+00 -4.54000E-01 2.98277E-07  -4.54007E-01
8.26667E+00 -4.52000E-01 2.99659E-07  -4.51876E-01
8.33333E+00 -4.50000E-01 3.03652E-07  -4.49897E-01
8.40000E+00 -4.48000E-01 3.06417E-07  -4.47918E-01
8.46667E+00 -4.46000E-01 3.08874E-07  -4.45939E-01
8.53333E+00 -4.44000E-01 3.12099E-07  -4.43960E-01
8.60000E+00 -4.42000E-01 3.17781E-07  -4.41981E-01
8.66667E+00 -4.40000E-01 3.19471E-07  -4.39850E-01
8.73333E+00 -4.38000E-01 3.23925E-07  -4.37871E-01
8.80000E+00 -4.36000E-01 3.24539E-07  -4.36045E-01
8.86667E+00 -4.34000E-01 3.30682E-07  -4.33914E-01
8.93333E+00 -4.32000E-01 3.31757E-07  -4.31935E-01
9.00000E+00 -4.30000E-01 3.33293E-07  -4.29956E-01
9.06667E+00 -4.28000E-01 3.38361E-07  -4.27825E-01
9.13333E+00 -4.26000E-01 3.42201E-07  -4.25846E-01
9.20000E+00 -4.24000E-01 3.42662E-07  -4.23867E-01
9.26667E+00 -4.22000E-01 3.48190E-07  -4.21888E-01
9.33333E+00 -4.20000E-01 3.51569E-07  -4.19757E-01
9.40000E+00 -4.18000E-01 3.53105E-07  -4.17778E-01
9.46667E+00 -4.16000E-01 3.59555E-07  -4.15952E-01
9.53333E+00 -4.14000E-01 3.61398E-07  -4.13820E-01
9.60000E+00 -4.12000E-01 3.61091E-07  -4.11842E-01
9.66667E+00 -4.10000E-01 3.69692E-07  -4.09863E-01
9.73333E+00 -4.08000E-01 3.71842E-07  -4.07884E-01
9.80000E+00 -4.06000E-01 3.72610E-07  -4.05905E-01
9.86667E+00 -4.04000E-01 3.79214E-07  -4.03926E-01
9.93333E+00 -4.02000E-01 3.83514E-07  -4.01947E-01
1.00000E+01 -4.00000E-01 3.83207E-07  -3.99968E-01
1.00667E+01 -3.98000E-01 3.91193E-07  -3.97837E-01
1.01333E+01 -3.96000E-01 3.91807E-07  -3.96011E-01
1.02000E+01 -3.94000E-01 3.96415E-07  -3.93879E-01
1.02667E+01 -3.92000E-01 4.00868E-07  -3.91901E-01
1.03333E+01 -3.90000E-01 4.03172E-07  -3.89922E-01
1.04000E+01 -3.88000E-01 4.07319E-07  -3.87943E-01
1.04667E+01 -3.86000E-01 4.14691E-07  -3.85964E-01
1.05333E+01 -3.84000E-01 4.14998E-07  -3.83833E-01
1.06000E+01 -3.82000E-01 4.18377E-07  -3.81854E-01
1.06667E+01 -3.80000E-01 4.25441E-07  -3.79875E-01
1.07333E+01 -3.78000E-01 4.27745E-07  -3.77896E-01
1.08000E+01 -3.76000E-01 4.30356E-07  -3.75917E-01
1.08667E+01 -3.74000E-01 4.37267E-07  -3.73939E-01
1.09333E+01 -3.72000E-01 4.39417E-07  -3.71807E-01
1.10000E+01 -3.70000E-01 4.42950E-07  -3.69829E-01
1.10667E+01 -3.68000E-01 4.49246E-07  -3.67850E-01
1.11333E+01 -3.66000E-01 4.50168E-07  -3.65871E-01
1.12000E+01 -3.64000E-01 4.54007E-07  -3.63892E-01
1.12667E+01 -3.62000E-01 4.61379E-07  -3.61913E-01
1.13333E+01 -3.60000E-01 4.64144E-07  -3.59782E-01
1.14000E+01 -3.58000E-01 4.65987E-07  -3.57955E-01
1.14667E+01 -3.56000E-01 4.71823E-07  -3.55976E-01
1.15333E+01 -3.54000E-01 4.77352E-07  -3.53845E-01
1.16000E+01 -3.52000E-01 4.78734E-07  -3.51867E-01
1.16667E+01 -3.50000E-01 4.87795E-07  -3.49888E-01
1.17333E+01 -3.48000E-01 4.89484E-07  -3.47757E-01
1.18000E+01 -3.46000E-01 4.92710E-07  -3.45778E-01
1.18667E+01 -3.44000E-01 5.00081E-07  -3.43799E-01
1.19333E+01 -3.42000E-01 5.03767E-07  -3.41820E-01
1.20000E+01 -3.40000E-01 5.05764E-07  -3.39689E-01
1.20667E+01 -3.38000E-01 5.08682E-07  -3.37862E-01
1.21333E+01 -3.36000E-01 5.16207E-07  -3.35883E-01
1.22000E+01 -3.34000E-01 5.19740E-07  -3.33752E-01
1.22667E+01 -3.32000E-01 5.27265E-07  -3.31773E-01
1.23333E+01 -3.30000E-01 5.30797E-07  -3.29794E-01
1.24000E+01 -3.28000E-01 5.33716E-07  -3.27816E-01
1.24667E+01 -3.26000E-01 5.41702E-07  -3.25837E-01
1.25333E+01 -3.24000E-01 5.44466E-07  -3.23858E-01
1.26000E+01 -3.22000E-01 5.48613E-07  -3.21727E-01
1.26667E+01 -3.20000E-01 5.56599E-07  -3.19748E-01
1.27333E+01 -3.18000E-01 5.60592E-07  -3.17921E-01
1.28000E+01 -3.16000E-01 5.61206E-07  -3.15942E-01
1.28667E+01 -3.14000E-01 5.71803E-07  -3.13811E-01
1.29333E+01 -3.12000E-01 5.73800E-07  -3.11832E-01
1.30000E+01 -3.10000E-01 5.77025E-07  -3.09854E-01
1.30667E+01 -3.08000E-01 5.85626E-07  -3.07722E-01
1.31333E+01 -3.06000E-01 5.89004E-07  -3.05744E-01
1.32000E+01 -3.04000E-01 5.92844E-07  -3.03765E-01
1.32667E+01 -3.02000E-01 6.01905E-07  -3.01786E-01
1.33333E+01 -3.00000E-01 6.05591E-07  -2.99807E-01
1.34000E+01 -2.98000E-01 6.10199E-07  -2.97828E-01
1.34667E+01 -2.96000E-01 6.16495E-07  -2.95697E-01
1.35333E+01 -2.94000E-01 6.23099E-07  -2.93718E-01
1.36000E+01 -2.92000E-01 6.24482E-07  -2.91739E-01
1.36667E+01 -2.90000E-01 6.33389E-07  -2.89760E-01
1.37333E+01 -2.88000E-01 6.36922E-07  -2.87781E-01
1.38000E+01 -2.86000E-01 6.41990E-07  -2.85803E-01
1.38667E+01 -2.84000E-01 6.48440E-07  -2.83672E-01
1.39333E+01 -2.82000E-01 6.55505E-07  -2.81693E-01
1.40000E+01 -2.80000E-01 6.59805E-07  -2.79866E-01
1.40667E+01 -2.78000E-01 6.64105E-07  -2.77735E-01
1.41333E+01 -2.76000E-01 6.71324E-07  -2.75756E-01
1.42000E+01 -2.74000E-01 6.78081E-07  -2.73777E-01
1.42667E+01 -2.72000E-01 6.79770E-07  -2.71798E-01
1.43333E+01 -2.70000E-01 6.89600E-07  -2.69667E-01
1.44000E+01 -2.68000E-01 6.93286E-07  -2.67688E-01
1.44667E+01 -2.66000E-01 6.99429E-07  -2.65709E-01
1.45333E+01 -2.64000E-01 7.06647E-07  -2.63731E-01
1.46000E+01 -2.62000E-01 7.11715E-07  -2.61599E-01
1.46667E+01 -2.60000E-01 7.16169E-07  -2.59773E-01
1.47333E+01 -2.58000E-01 7.24923E-07  -2.57642E-01
1.48000E+01 -2.56000E-01 7.30145E-07  -2.55663E-01
1.48667E+01 -2.54000E-01 7.34906E-07  -2.53684E-01
1.49333E+01 -2.52000E-01 7.42738E-07  -2.51705E-01
1.50000E+01 -2.50000E-01 7.47499E-07  -2.49726E-01
1.50667E+01 -2.48000E-01 7.52414E-07  -2.47747E-01
1.51333E+01 -2.46000E-01 7.61322E-07  -2.45769E-01
1.52000E+01 -2.44000E-01 7.64700E-07  -2.43790E-01
1.52667E+01 -2.42000E-01 7.71765E-07  -2.41811E-01
1.53333E+01 -2.40000E-01 7.79137E-07  -2.39832E-01
1.54000E+01 -2.38000E-01 7.83898E-07  -2.37853E-01
1.54667E+01 -2.36000E-01 7.89427E-07  -2.35722E-01
1.55333E+01 -2.34000E-01 7.99256E-07  -2.33743E-01
1.56000E+01 -2.32000E-01 8.01867E-07  -2.31764E-01
1.56667E+01 -2.30000E-01 8.05246E-07  -2.29785E-01
1.57333E+01 -2.28000E-01 8.16150E-07  -2.27654E-01
1.58000E+01 -2.26000E-01 8.19836E-07  -2.25675E-01
1.58667E+01 -2.24000E-01 8.25365E-07  -2.23696E-01
1.59333E+01 -2.22000E-01 8.33504E-07  -2.21718E-01
1.60000E+01 -2.20000E-01 8.37651E-07  -2.19739E-01
1.60667E+01 -2.18000E-01 8.43641E-07  -2.17760E-01
1.61333E+01 -2.16000E-01 8.51320E-07  -2.15629E-01
1.62000E+01 -2.14000E-01 8.56541E-07  -2.13650E-01
1.62667E+01 -2.12000E-01 8.60842E-07  -2.11823E-01
1.63333E+01 -2.10000E-01 8.71439E-07  -2.09692E-01
1.64000E+01 -2.08000E-01 8.74203E-07  -2.07713E-01
1.64667E+01 -2.06000E-01 8.79732E-07  -2.05734E-01
1.65333E+01 -2.04000E-01 8.89561E-07  -2.03603E-01
1.66000E+01 -2.02000E-01 8.91251E-07  -2.01777E-01
1.66667E+01 -2.00000E-01 8.97394E-07  -1.99798E-01
1.67333E+01 -1.98000E-01 9.08298E-07  -1.97667E-01
1.68000E+01 -1.96000E-01 9.09680E-07  -1.95688E-01
1.68667E+01 -1.94000E-01 9.17052E-07  -1.93709E-01
1.69333E+01 -1.92000E-01 9.25499E-07  -1.91730E-01
1.70000E+01 -1.90000E-01 9.29799E-07  -1.89599E-01
1.70667E+01 -1.88000E-01 9.34407E-07  -1.87620E-01
1.71333E+01 -1.86000E-01 9.45772E-07  -1.85641E-01
1.72000E+01 -1.84000E-01 9.48229E-07  -1.83662E-01
1.72667E+01 -1.82000E-01 9.55447E-07  -1.81683E-01
1.73333E+01 -1.80000E-01 9.64662E-07  -1.79705E-01
1.74000E+01 -1.78000E-01 9.68655E-07  -1.77726E-01
1.74667E+01 -1.76000E-01 9.74338E-07  -1.75595E-01
1.75333E+01 -1.74000E-01 9.84320E-07  -1.73768E-01
1.76000E+01 -1.72000E-01 9.87699E-07  -1.71941E-01
1.76667E+01 -1.70000E-01 9.94917E-07  -1.69962E-01
1.77333E+01 -1.68000E-01 1.00459E-06  -1.67831E-01
1.78000E+01 -1.66000E-01 1.00720E-06  -1.65853E-01
1.78667E+01 -1.64000E-01 1.01519E-06  -1.63874E-01
1.79333E+01 -1.62000E-01 1.02456E-06  -1.61895E-01
1.80000E+01 -1.60000E-01 1.02824E-06  -1.59916E-01
1.80667E+01 -1.58000E-01 1.03485E-06  -1.57937E-01
1.81333E+01 -1.56000E-01 1.04268E-06  -1.55806E-01
1.82000E+01 -1.54000E-01 1.04806E-06  -1.53827E-01
1.82667E+01 -1.52000E-01 1.05312E-06  -1.51848E-01
1.83333E+01 -1.50000E-01 1.06234E-06  -1.49869E-01
1.84000E+01 -1.48000E-01 1.06572E-06  -1.47738E-01
1.84667E+01 -1.46000E-01 1.07340E-06  -1.45759E-01
1.85333E+01 -1.44000E-01 1.08169E-06  -1.43933E-01
1.86000E+01 -1.42000E-01 1.08553E-06  -1.41802E-01
1.86667E+01 -1.40000E-01 1.08983E-06  -1.39823E-01
1.87333E+01 -1.38000E-01 1.09659E-06  -1.37844E-01
1.88000E+01 -1.36000E-01 1.09997E-06  -1.35713E-01
1.88667E+01 -1.34000E-01 1.10596E-06  -1.33886E-01
1.89333E+01 -1.32000E-01 1.10995E-06  -1.31755E-01
1.90000E+01 -1.30000E-01 1.11686E-06  -1.29776E-01
1.90667E+01 -1.28000E-01 1.11947E-06  -1.27797E-01
1.91333E+01 -1.26000E-01 1.12254E-06  -1.25818E-01
1.92000E+01 -1.24000E-01 1.13007E-06  -1.23840E-01
1.92667E+01 -1.22000E-01 1.13145E-06  -1.21861E-01
1.93333E+01 -1.20000E-01 1.13529E-06  -1.19882E-01
1.94000E+01 -1.18000E-01 1.14051E-06  -1.17751E-01
1.94667E+01 -1.16000E-01 1.14174E-06  -1.15772E-01
1.95333E+01 -1.14000E-01 1.14573E-06  -1.13793E-01
1.96000E+01 -1.12000E-01 1.14880E-06  -1.11814E-01
1.96667E+01 -1.10000E-01 1.14865E-06  -1.09683E-01
1.97333E+01 -1.08000E-01 1.15218E-06  -1.07704E-01
1.98000E+01 -1.06000E-01 1.15694E-06  -1.05725E-01
1.98667E+01 -1.04000E-01 1.15679E-06  -1.03746E-01
1.99333E+01 -1.02000E-01 1.15971E-06  -1.01767E-01
2.00000E+01 -1.00000E-01 1.16309E-06  -9.97886E-02
2.00667E+01 -9.80000E-02 1.16278E-06  -9.76575E-02
2.01333E+01 -9.60000E-02 1.16570E-06  -9.56786E-02
2.02000E+01 -9.40000E-02 1.16846E-06  -9.38520E-02
2.02667E+01 -9.20000E-02 1.16816E-06  -9.18731E-02
2.03333E+01 -9.00000E-02 1.17092E-06  -8.97420E-02
2.04000E+01 -8.80000E-02 1.17307E-06  -8.77631E-02
2.04667E+01 -8.60000E-02 1.17292E-06  -8.57843E-02
2.05333E+01 -8.40000E-02 1.17507E-06  -8.38054E-02
2.06000E+01 -8.20000E-02 1.17875E-06  -8.18265E-02
2.06667E+01 -8.00000E-02 1.17752E-06  -7.98477E-02
2.07333E+01 -7.80000E-02 1.18106E-06  -7.78688E-02
2.08000E+01 -7.60000E-02 1.18229E-06  -7.57377E-02
2.08667E+01 -7.40000E-02 1.18397E-06  -7.37588E-02
2.09333E+01 -7.20000E-02 1.18474E-06  -7.17799E-02
2.10000E+01 -7.00000E-02 1.18920E-06  -6.96489E-02
2.10667E+01 -6.80000E-02 1.18812E-06  -6.76700E-02
2.11333E+01 -6.60000E-02 1.19027E-06  -6.58433E-02
2.12000E+01 -6.40000E-02 1.19580E-06  -6.38645E-02
2.12667E+01 -6.20000E-02 1.19380E-06  -6.17334E-02
2.13333E+01 -6.00000E-02 1.19672E-06  -5.97545E-02
2.14000E+01 -5.80000E-02 1.20256E-06  -5.77756E-02
2.14667E+01 -5.60000E-02 1.20148E-06  -5.57967E-02
2.15333E+01 -5.40000E-02 1.20532E-06  -5.38179E-02
2.16000E+01 -5.20000E-02 1.20901E-06  -5.16868E-02
2.16667E+01 -5.00000E-02 1.20947E-06  -4.97079E-02
2.17333E+01 -4.80000E-02 1.21300E-06  -4.77290E-02
2.18000E+01 -4.60000E-02 1.21822E-06  -4.59024E-02
2.18667E+01 -4.40000E-02 1.21822E-06  -4.37713E-02
2.19333E+01 -4.20000E-02 1.22160E-06  -4.17924E-02
2.20000E+01 -4.00000E-02 1.22652E-06  -3.98135E-02
2.20667E+01 -3.80000E-02 1.22667E-06  -3.76825E-02
2.21333E+01 -3.60000E-02 1.22391E-06  -3.57036E-02
2.22000E+01 -3.40000E-02 1.23773E-06  -3.37247E-02
2.22667E+01 -3.20000E-02 1.23635E-06  -3.17458E-02
2.23333E+01 -3.00000E-02 1.24157E-06  -2.96147E-02
2.24000E+01 -2.80000E-02 1.24710E-06  -2.76359E-02
2.24667E+01 -2.60000E-02 1.24817E-06  -2.58092E-02
2.25333E+01 -2.40000E-02 1.25124E-06  -2.38303E-02
2.26000E+01 -2.20000E-02 1.25938E-06  -2.16993E-02
2.26667E+01 -2.00000E-02 1.25815E-06  -1.97204E-02
2.27333E+01 -1.80000E-02 1.26338E-06  -1.77415E-02
2.28000E+01 -1.60000E-02 1.27044E-06  -1.60671E-02
2.28667E+01 -1.40000E-02 1.27013E-06  -1.40882E-02
2.29333E+01 -1.20000E-02 1.27643E-06  -1.19571E-02
2.30000E+01 -1.00000E-02 1.28334E-06  -9.97824E-03
2.30667E+01 -8.00000E-03 1.28334E-06  -7.99936E-03
2.31333E+01 -6.00000E-03 1.28918E-06  -6.02049E-03
2.32000E+01 -4.00000E-03 1.29486E-06  -4.04162E-03
2.32667E+01 -2.00000E-03 1.29762E-06  -2.06275E-03
2.33333E+01 1.45825E-17  1.30131E-06  -8.38737E-05
2.34000E+01 2.00000E-03  1.30761E-06  2.04722E-03 
2.34667E+01 4.00000E-03  1.30730E-06  4.02609E-03 
2.35333E+01 6.00000E-03  1.31575E-06  6.00496E-03 
2.36000E+01 8.00000E-03  1.32005E-06  8.13606E-03 
2.36667E+01 1.00000E-02  1.32419E-06  1.01149E-02 
2.37333E+01 1.20000E-02  1.32865E-06  1.19416E-02 
2.38000E+01 1.40000E-02  1.33418E-06  1.40727E-02 
2.38667E+01 1.60000E-02  1.33955E-06  1.60515E-02 
2.39333E+01 1.80000E-02  1.34401E-06  1.80304E-02 
2.40000E+01 2.00000E-02  1.34846E-06  2.00093E-02 
2.40667E+01 2.20000E-02  1.35460E-06  2.19882E-02 
2.41333E+01 2.40000E-02  1.35998E-06  2.39670E-02 
2.42000E+01 2.60000E-02  1.36489E-06  2.60981E-02 
2.42667E+01 2.80000E-02  1.37088E-06  2.80770E-02 
2.43333E+01 3.00000E-02  1.37764E-06  3.00559E-02 
2.44000E+01 3.20000E-02  1.37964E-06  3.20347E-02 
2.44667E+01 3.40000E-02  1.38624E-06  3.40136E-02 
2.45333E+01 3.60000E-02  1.39131E-06  3.59925E-02 
2.46000E+01 3.80000E-02  1.40006E-06  3.79714E-02 
2.46667E+01 4.00000E-02  1.40498E-06  4.01025E-02 
2.47333E+01 4.20000E-02  1.41158E-06  4.20813E-02 
2.48000E+01 4.40000E-02  1.41557E-06  4.40602E-02 
2.48667E+01 4.60000E-02  1.42402E-06  4.60391E-02 
2.49333E+01 4.80000E-02  1.42679E-06  4.81702E-02 
2.50000E+01 5.00000E-02  1.43554E-06  5.01490E-02 
2.50667E+01 5.20000E-02  1.44107E-06  5.19757E-02 
2.51333E+01 5.40000E-02  1.44675E-06  5.41068E-02 
2.52000E+01 5.60000E-02  1.45458E-06  5.60857E-02 
2.52667E+01 5.80000E-02  1.46211E-06  5.80645E-02 
2.53333E+01 6.00000E-02  1.46564E-06  6.00434E-02 
2.54000E+01 6.20000E-02  1.47547E-06  6.20223E-02 
2.54667E+01 6.40000E-02  1.48161E-06  6.40012E-02 
2.55333E+01 6.60000E-02  1.48791E-06  6.61322E-02 
2.56000E+01 6.80000E-02  1.49451E-06  6.81111E-02 
2.56667E+01 7.00000E-02  1.50542E-06  7.00900E-02 
2.57333E+01 7.20000E-02  1.50711E-06  7.20689E-02 
2.58000E+01 7.40000E-02  1.51817E-06  7.40477E-02 
2.58667E+01 7.60000E-02  1.52753E-06  7.60266E-02 
2.59333E+01 7.80000E-02  1.53276E-06  7.80055E-02 
2.60000E+01 8.00000E-02  1.54228E-06  8.01366E-02 
2.60667E+01 8.20000E-02  1.55533E-06  8.21154E-02 
2.61333E+01 8.40000E-02  1.56117E-06  8.40943E-02 
2.62000E+01 8.60000E-02  1.57806E-06  8.60732E-02 
2.62667E+01 8.80000E-02  1.58866E-06  8.80521E-02 
2.63333E+01 9.00000E-02  1.59772E-06  9.00309E-02 
2.64000E+01 9.20000E-02  1.61292E-06  9.20098E-02 
2.64667E+01 9.40000E-02  1.62767E-06  9.41409E-02 
2.65333E+01 9.60000E-02  1.63596E-06  9.61198E-02 
2.66000E+01 9.80000E-02  1.65009E-06  9.80986E-02 
2.66667E+01 1.00000E-01  1.66376E-06  1.00078E-01 
2.67333E+01 9.80000E-02  1.04775E-06  9.84031E-02 
2.68000E+01 9.60000E-02  8.36422E-07  9.62720E-02 
2.68667E+01 9.40000E-02  7.08029E-07  9.42931E-02 
2.69333E+01 9.20000E-02  6.10199E-07  9.23142E-02 
2.70000E+01 9.00000E-02  5.36173E-07  9.03354E-02 
2.70667E+01 8.80000E-02  4.74280E-07  8.83565E-02 
2.71333E+01 8.60000E-02  4.16073E-07  8.63776E-02 
2.72000E+01 8.40000E-02  3.70920E-07  8.42465E-02 
2.72667E+01 8.20000E-02  3.29914E-07  8.22677E-02 
2.73333E+01 8.00000E-02  2.88448E-07  8.02888E-02 
2.74000E+01 7.80000E-02  2.55428E-07  7.83099E-02 
2.74667E+01 7.60000E-02  2.25633E-07  7.61788E-02 
2.75333E+01 7.40000E-02  1.93381E-07  7.42000E-02 
2.76000E+01 7.20000E-02  1.67733E-07  7.22211E-02 
2.76667E+01 7.00000E-02  1.45311E-07  7.02422E-02 
2.77333E+01 6.80000E-02  1.17052E-07  6.82633E-02 
2.78000E+01 6.60000E-02  9.80080E-08  6.62845E-02 
2.78667E+01 6.40000E-02  7.92712E-08  6.41534E-02 
2.79333E+01 6.20000E-02  5.56198E-08  6.21745E-02 
2.80000E+01 6.00000E-02  3.90331E-08  6.01956E-02 
2.80667E+01 5.80000E-02  2.35215E-08  5.83690E-02 
2.81333E+01 5.60000E-02  2.48097E-09  5.62379E-02 
2.82000E+01 5.40000E-02  -9.95904E-09 5.42590E-02 
2.82667E+01 5.20000E-02  -2.48563E-08 5.22801E-02 
2.83333E+01 5.00000E-02  -3.89857E-08 5.03013E-02 
2.84000E+01 4.80000E-02  -5.29615E-08 4.83224E-02 
2.84667E+01 4.60000E-02  -6.52480E-08 4.63435E-02 
2.85333E+01 4.40000E-02  -7.79951E-08 4.42124E-02 
2.86000E+01 4.20000E-02  -8.90529E-08 4.22336E-02 
2.86667E+01 4.00000E-02  -1.01186E-07 4.02547E-02 
2.87333E+01 3.80000E-02  -1.11169E-07 3.82758E-02 
2.88000E+01 3.60000E-02  -1.22841E-07 3.61447E-02 
2.88667E+01 3.40000E-02  -1.31748E-07 3.41658E-02 
2.89333E+01 3.20000E-02  -1.41117E-07 3.21870E-02 
2.90000E+01 3.00000E-02  -1.50485E-07 3.02081E-02 
2.90667E+01 2.80000E-02  -1.60314E-07 2.82292E-02 
2.91333E+01 2.60000E-02  -1.68454E-07 2.62504E-02 
2.92000E+01 2.40000E-02  -1.75826E-07 2.42715E-02 
2.92667E+01 2.20000E-02  -1.84887E-07 2.21404E-02 
2.93333E+01 2.00000E-02  -1.90570E-07 2.01615E-02 
2.94000E+01 1.80000E-02  -1.99324E-07 1.81826E-02 
2.94667E+01 1.60000E-02  -2.07156E-07 1.62038E-02 
2.95333E+01 1.40000E-02  -2.12992E-07 1.42249E-02 
2.96000E+01 1.20000E-02  -2.21286E-07 1.20938E-02 
2.96667E+01 1.00000E-02  -2.26815E-07 1.02672E-02 
2.97333E+01 8.00000E-03  -2.34186E-07 8.28828E-03 
2.98000E+01 6.00000E-03  -2.40637E-07 6.30941E-03 
2.98667E+01 4.00000E-03  -2.46780E-07 4.17831E-03 
2.99333E+01 2.00000E-03  -2.49544E-07 2.19944E-03 
3.00000E+01 1.45825E-17  -2.58759E-07 2.20568E-04 
3.00667E+01 -2.00000E-03 -2.62292E-07 -1.91053E-03
3.01333E+01 -4.00000E-03 -2.69817E-07 -3.88940E-03
3.02000E+01 -6.00000E-03 -2.75500E-07 -5.86827E-03
3.02667E+01 -8.00000E-03 -2.80568E-07 -7.84714E-03
3.03333E+01 -1.00000E-02 -2.86864E-07 -9.82602E-03
3.04000E+01 -1.20000E-02 -2.92701E-07 -1.18049E-02
3.04667E+01 -1.40000E-02 -2.96540E-07 -1.39360E-02
3.05333E+01 -1.60000E-02 -3.01762E-07 -1.59149E-02
3.06000E+01 -1.80000E-02 -3.09441E-07 -1.75893E-02
3.06667E+01 -2.00000E-02 -3.11744E-07 -1.95682E-02
3.07333E+01 -2.20000E-02 -3.15584E-07 -2.15470E-02
3.08000E+01 -2.40000E-02 -3.23109E-07 -2.36781E-02
3.08667E+01 -2.60000E-02 -3.25874E-07 -2.56570E-02
3.09333E+01 -2.80000E-02 -3.31403E-07 -2.76359E-02
3.10000E+01 -3.00000E-02 -3.37085E-07 -2.96147E-02
3.10667E+01 -3.20000E-02 -3.40771E-07 -3.15936E-02
3.11333E+01 -3.40000E-02 -3.44150E-07 -3.35725E-02
3.12000E+01 -3.60000E-02 -3.51675E-07 -3.57036E-02
3.12667E+01 -3.80000E-02 -3.54593E-07 -3.76825E-02
3.13333E+01 -4.00000E-02 -3.56744E-07 -3.96613E-02
3.14000E+01 -4.20000E-02 -3.63962E-07 -4.16402E-02
3.14667E+01 -4.40000E-02 -3.65190E-07 -4.36191E-02
3.15333E+01 -4.60000E-02 -3.68569E-07 -4.57502E-02
3.16000E+01 -4.80000E-02 -3.76709E-07 -4.75768E-02
3.16667E+01 -5.00000E-02 -3.79320E-07 -4.97079E-02
3.17333E+01 -5.20000E-02 -3.81777E-07 -5.16868E-02
3.18000E+01 -5.40000E-02 -3.89456E-07 -5.36657E-02
3.18667E+01 -5.60000E-02 -3.91606E-07 -5.56445E-02
3.19333E+01 -5.80000E-02 -3.92989E-07 -5.76234E-02
3.20000E+01 -6.00000E-02 -4.02818E-07 -5.96023E-02
3.20667E+01 -6.20000E-02 -4.03739E-07 -6.15811E-02
3.21333E+01 -6.40000E-02 -4.06504E-07 -6.37122E-02
3.22000E+01 -6.60000E-02 -4.14797E-07 -6.56911E-02
3.22667E+01 -6.80000E-02 -4.16333E-07 -6.76700E-02
3.23333E+01 -7.00000E-02 -4.18944E-07 -6.96489E-02
3.24000E+01 -7.20000E-02 -4.26315E-07 -7.16277E-02
3.24667E+01 -7.40000E-02 -4.28158E-07 -7.37588E-02
3.25333E+01 -7.60000E-02 -4.29848E-07 -7.57377E-02
3.26000E+01 -7.80000E-02 -4.37527E-07 -7.77166E-02
3.26667E+01 -8.00000E-02 -4.40138E-07 -7.96954E-02
3.27333E+01 -8.20000E-02 -4.41673E-07 -8.16743E-02
3.28000E+01 -8.40000E-02 -4.49660E-07 -8.38054E-02
3.28667E+01 -8.60000E-02 -4.53192E-07 -8.56321E-02
3.29333E+01 -8.80000E-02 -4.55649E-07 -8.76109E-02
3.30000E+01 -9.00000E-02 -4.62868E-07 -8.97420E-02
3.30667E+01 -9.20000E-02 -4.66246E-07 -9.17209E-02
3.31333E+01 -9.40000E-02 -4.69779E-07 -9.36998E-02
3.32000E+01 -9.60000E-02 -4.77611E-07 -9.56786E-02
3.32667E+01 -9.80000E-02 -4.81604E-07 -9.76575E-02
3.33333E+01 -1.00000E-01 -4.87440E-07 -9.96364E-02
3.34000E+01 -1.02000E-01 -4.94352E-07 -1.01615E-01
3.34667E+01 -1.04000E-01 -4.98805E-07 -1.03746E-01
3.35333E+01 -1.06000E-01 -5.05102E-07 -1.05573E-01
3.36000E+01 -1.08000E-01 -5.11706E-07 -1.07552E-01
3.36667E+01 -1.10000E-01 -5.16928E-07 -1.09683E-01
3.37333E+01 -1.12000E-01 -5.22918E-07 -1.11662E-01
3.38000E+01 -1.14000E-01 -5.27832E-07 -1.13641E-01
3.38667E+01 -1.16000E-01 -5.33975E-07 -1.15620E-01
3.39333E+01 -1.18000E-01 -5.41961E-07 -1.17751E-01
3.40000E+01 -1.20000E-01 -5.46722E-07 -1.19730E-01
3.40667E+01 -1.22000E-01 -5.52866E-07 -1.21708E-01
3.41333E+01 -1.24000E-01 -5.61927E-07 -1.23840E-01
3.42000E+01 -1.26000E-01 -5.66227E-07 -1.25666E-01
3.42667E+01 -1.28000E-01 -5.72370E-07 -1.27645E-01
3.43333E+01 -1.30000E-01 -5.79128E-07 -1.29624E-01
3.44000E+01 -1.32000E-01 -5.84196E-07 -1.31755E-01
3.44667E+01 -1.34000E-01 -5.89725E-07 -1.33734E-01
3.45333E+01 -1.36000E-01 -5.95561E-07 -1.35713E-01
3.46000E+01 -1.38000E-01 -6.00629E-07 -1.37692E-01
3.46667E+01 -1.40000E-01 -6.08615E-07 -1.39670E-01
3.47333E+01 -1.42000E-01 -6.10612E-07 -1.41802E-01
3.48000E+01 -1.44000E-01 -6.17830E-07 -1.43780E-01
3.48667E+01 -1.46000E-01 -6.24895E-07 -1.45607E-01
3.49333E+01 -1.48000E-01 -6.27659E-07 -1.47738E-01
3.50000E+01 -1.50000E-01 -6.34417E-07 -1.49717E-01
3.50667E+01 -1.52000E-01 -6.40407E-07 -1.51696E-01
3.51333E+01 -1.54000E-01 -6.41635E-07 -1.53675E-01
3.52000E+01 -1.56000E-01 -6.46703E-07 -1.55806E-01
3.52667E+01 -1.58000E-01 -6.52079E-07 -1.57785E-01
3.53333E+01 -1.60000E-01 -6.54536E-07 -1.59764E-01
3.54000E+01 -1.62000E-01 -6.57608E-07 -1.61895E-01
3.54667E+01 -1.64000E-01 -6.64979E-07 -1.63721E-01
3.55333E+01 -1.66000E-01 -6.65747E-07 -1.65700E-01
3.56000E+01 -1.68000E-01 -6.70048E-07 -1.67831E-01
3.56667E+01 -1.70000E-01 -6.76037E-07 -1.69810E-01
3.57333E+01 -1.72000E-01 -6.78034E-07 -1.71789E-01
3.58000E+01 -1.74000E-01 -6.82488E-07 -1.73616E-01
3.58667E+01 -1.76000E-01 -6.87863E-07 -1.75595E-01
3.59333E+01 -1.78000E-01 -6.88784E-07 -1.77574E-01
3.60000E+01 -1.80000E-01 -6.91856E-07 -1.79552E-01
3.60667E+01 -1.82000E-01 -6.97078E-07 -1.81531E-01
3.61333E+01 -1.84000E-01 -6.98921E-07 -1.83510E-01
3.62000E+01 -1.86000E-01 -7.01992E-07 -1.85489E-01
3.62667E+01 -1.88000E-01 -7.09978E-07 -1.87468E-01
3.63333E+01 -1.90000E-01 -7.11207E-07 -1.89599E-01
3.64000E+01 -1.92000E-01 -7.13050E-07 -1.91578E-01
3.64667E+01 -1.94000E-01 -7.20883E-07 -1.93557E-01
3.65333E+01 -1.96000E-01 -7.24261E-07 -1.95688E-01
3.66000E+01 -1.98000E-01 -7.25183E-07 -1.97667E-01
3.66667E+01 -2.00000E-01 -7.36087E-07 -1.99646E-01
3.67333E+01 -2.02000E-01 -7.37316E-07 -2.01777E-01
3.68000E+01 -2.04000E-01 -7.41309E-07 -2.03603E-01
3.68667E+01 -2.06000E-01 -7.50677E-07 -2.05582E-01
3.69333E+01 -2.08000E-01 -7.53749E-07 -2.07561E-01
3.70000E+01 -2.10000E-01 -7.59278E-07 -2.09692E-01
3.70667E+01 -2.12000E-01 -7.69721E-07 -2.11671E-01
3.71333E+01 -2.14000E-01 -7.74482E-07 -2.13650E-01
3.72000E+01 -2.16000E-01 -7.79243E-07 -2.15629E-01
3.72667E+01 -2.18000E-01 -7.90608E-07 -2.17608E-01
3.73333E+01 -2.20000E-01 -7.96905E-07 -2.19586E-01
3.74000E+01 -2.22000E-01 -8.01666E-07 -2.21565E-01
3.74667E+01 -2.24000E-01 -8.14567E-07 -2.23544E-01
3.75333E+01 -2.26000E-01 -8.20096E-07 -2.25523E-01
3.76000E+01 -2.28000E-01 -8.27928E-07 -2.27654E-01
3.76667E+01 -2.30000E-01 -8.40061E-07 -2.29633E-01
3.77333E+01 -2.32000E-01 -8.47279E-07 -2.31612E-01
3.78000E+01 -2.34000E-01 -8.56187E-07 -2.33591E-01
3.78667E+01 -2.36000E-01 -8.68473E-07 -2.35722E-01
3.79333E+01 -2.38000E-01 -8.77535E-07 -2.37701E-01
3.80000E+01 -2.40000E-01 -8.87517E-07 -2.39680E-01
3.80667E+01 -2.42000E-01 -8.98114E-07 -2.41659E-01
3.81333E+01 -2.44000E-01 -9.07636E-07 -2.43637E-01
3.82000E+01 -2.46000E-01 -9.18080E-07 -2.45616E-01
3.82667E+01 -2.48000E-01 -9.30366E-07 -2.47747E-01
3.83333E+01 -2.50000E-01 -9.38506E-07 -2.49726E-01
3.84000E+01 -2.52000E-01 -9.50792E-07 -2.51705E-01
3.84667E+01 -2.54000E-01 -9.61850E-07 -2.53532E-01
3.85333E+01 -2.56000E-01 -9.69990E-07 -2.55663E-01
3.86000E+01 -2.58000E-01 -9.82276E-07 -2.57642E-01
3.86667E+01 -2.60000E-01 -9.91645E-07 -2.59621E-01
3.87333E+01 -2.62000E-01 -1.00025E-06 -2.61599E-01
3.88000E+01 -2.64000E-01 -1.01315E-06 -2.63578E-01
3.88667E+01 -2.66000E-01 -1.02113E-06 -2.65557E-01
3.89333E+01 -2.68000E-01 -1.02973E-06 -2.67688E-01
3.90000E+01 -2.70000E-01 -1.03941E-06 -2.69667E-01
3.90667E+01 -2.72000E-01 -1.04832E-06 -2.71646E-01
3.91333E+01 -2.74000E-01 -1.05646E-06 -2.73625E-01
3.92000E+01 -2.76000E-01 -1.06598E-06 -2.75604E-01
3.92667E+01 -2.78000E-01 -1.07227E-06 -2.77735E-01
3.93333E+01 -2.80000E-01 -1.07919E-06 -2.79714E-01
3.94000E+01 -2.82000E-01 -1.08610E-06 -2.81693E-01
3.94667E+01 -2.84000E-01 -1.09301E-06 -2.83672E-01
3.95333E+01 -2.86000E-01 -1.09946E-06 -2.85650E-01
3.96000E+01 -2.88000E-01 -1.10576E-06 -2.87781E-01
3.96667E+01 -2.90000E-01 -1.11113E-06 -2.89760E-01
3.97333E+01 -2.92000E-01 -1.11666E-06 -2.91587E-01
3.98000E+01 -2.94000E-01 -1.11942E-06 -2.93718E-01
3.98667E+01 -2.96000E-01 -1.12388E-06 -2.95697E-01
3.99333E+01 -2.98000E-01 -1.12879E-06 -2.97676E-01
4.00000E+01 -3.00000E-01 -1.13140E-06 -2.99807E-01
4.00667E+01 -3.02000E-01 -1.13463E-06 -3.01634E-01
4.01333E+01 -3.04000E-01 -1.13985E-06 -3.03612E-01
4.02000E+01 -3.06000E-01 -1.14246E-06 -3.05744E-01
4.02667E+01 -3.08000E-01 -1.14430E-06 -3.07722E-01
4.03333E+01 -3.10000E-01 -1.14753E-06 -3.09701E-01
4.04000E+01 -3.12000E-01 -1.14906E-06 -3.11680E-01
4.04667E+01 -3.14000E-01 -1.15060E-06 -3.13811E-01
4.05333E+01 -3.16000E-01 -1.15275E-06 -3.15790E-01
4.06000E+01 -3.18000E-01 -1.15198E-06 -3.17769E-01
4.06667E+01 -3.20000E-01 -1.15459E-06 -3.19748E-01
4.07333E+01 -3.22000E-01 -1.15674E-06 -3.21727E-01
4.08000E+01 -3.24000E-01 -1.15552E-06 -3.23706E-01
4.08667E+01 -3.26000E-01 -1.15782E-06 -3.25837E-01
4.09333E+01 -3.28000E-01 -1.15935E-06 -3.27816E-01
4.10000E+01 -3.30000E-01 -1.15782E-06 -3.29642E-01
4.10667E+01 -3.32000E-01 -1.15843E-06 -3.31773E-01
4.11333E+01 -3.34000E-01 -1.16104E-06 -3.33752E-01
4.12000E+01 -3.36000E-01 -1.15874E-06 -3.35731E-01
4.12667E+01 -3.38000E-01 -1.15874E-06 -3.37710E-01
4.13333E+01 -3.40000E-01 -1.16289E-06 -3.39689E-01
4.14000E+01 -3.42000E-01 -1.16120E-06 -3.41668E-01
4.14667E+01 -3.44000E-01 -1.15859E-06 -3.43647E-01
4.15333E+01 -3.46000E-01 -1.16319E-06 -3.45778E-01
4.16000E+01 -3.48000E-01 -1.15966E-06 -3.47757E-01
4.16667E+01 -3.50000E-01 -1.15782E-06 -3.49735E-01
4.17333E+01 -3.52000E-01 -1.16258E-06 -3.51714E-01
4.18000E+01 -3.54000E-01 -1.15966E-06 -3.53845E-01
4.18667E+01 -3.56000E-01 -1.15905E-06 -3.55824E-01
4.19333E+01 -3.58000E-01 -1.16350E-06 -3.57803E-01
4.20000E+01 -3.60000E-01 -1.16150E-06 -3.59782E-01
4.20667E+01 -3.62000E-01 -1.15951E-06 -3.61761E-01
4.21333E+01 -3.64000E-01 -1.16381E-06 -3.63740E-01
4.22000E+01 -3.66000E-01 -1.16058E-06 -3.65871E-01
4.22667E+01 -3.68000E-01 -1.15905E-06 -3.67850E-01
4.23333E+01 -3.70000E-01 -1.16273E-06 -3.69676E-01
4.24000E+01 -3.72000E-01 -1.16135E-06 -3.71807E-01
4.24667E+01 -3.74000E-01 -1.16074E-06 -3.73786E-01
4.25333E+01 -3.76000E-01 -1.16412E-06 -3.75765E-01
4.26000E+01 -3.78000E-01 -1.16227E-06 -3.77744E-01
4.26667E+01 -3.80000E-01 -1.16212E-06 -3.79723E-01
4.27333E+01 -3.82000E-01 -1.16488E-06 -3.81702E-01
4.28000E+01 -3.84000E-01 -1.16258E-06 -3.83833E-01
4.28667E+01 -3.86000E-01 -1.16197E-06 -3.85812E-01
4.29333E+01 -3.88000E-01 -1.16580E-06 -3.87791E-01
4.30000E+01 -3.90000E-01 -1.16365E-06 -3.89770E-01
4.30667E+01 -3.92000E-01 -1.16611E-06 -3.91901E-01
4.31333E+01 -3.94000E-01 -1.16673E-06 -3.93879E-01
4.32000E+01 -3.96000E-01 -1.16427E-06 -3.95858E-01
4.32667E+01 -3.98000E-01 -1.16749E-06 -3.97837E-01
4.33333E+01 -4.00000E-01 -1.16765E-06 -3.99816E-01
4.34000E+01 -4.02000E-01 -1.16596E-06 -4.01795E-01
4.34667E+01 -4.04000E-01 -1.16949E-06 -4.03774E-01
4.35333E+01 -4.06000E-01 -1.16934E-06 -4.05905E-01
4.36000E+01 -4.08000E-01 -1.16657E-06 -4.07732E-01
4.36667E+01 -4.10000E-01 -1.17118E-06 -4.09710E-01
4.37333E+01 -4.12000E-01 -1.16949E-06 -4.11842E-01
4.38000E+01 -4.14000E-01 -1.17118E-06 -4.13820E-01
4.38667E+01 -4.16000E-01 -1.17394E-06 -4.15799E-01
4.39333E+01 -4.18000E-01 -1.17118E-06 -4.17778E-01
4.40000E+01 -4.20000E-01 -1.17256E-06 -4.19757E-01
4.40667E+01 -4.22000E-01 -1.17456E-06 -4.21736E-01
4.41333E+01 -4.24000E-01 -1.17502E-06 -4.23715E-01
4.42000E+01 -4.26000E-01 -1.17487E-06 -4.25846E-01
4.42667E+01 -4.28000E-01 -1.17425E-06 -4.27825E-01
4.43333E+01 -4.30000E-01 -1.17548E-06 -4.29804E-01
4.44000E+01 -4.32000E-01 -1.17487E-06 -4.31935E-01
4.44667E+01 -4.34000E-01 -1.17425E-06 -4.33914E-01
4.45333E+01 -4.36000E-01 -1.17656E-06 -4.35892E-01
4.46000E+01 -4.38000E-01 -1.17702E-06 -4.37719E-01
4.46667E+01 -4.40000E-01 -1.17763E-06 -4.39850E-01
4.47333E+01 -4.42000E-01 -1.17963E-06 -4.41829E-01
4.48000E+01 -4.44000E-01 -1.18055E-06 -4.43808E-01
4.48667E+01 -4.46000E-01 -1.18009E-06 -4.45939E-01
4.49333E+01 -4.48000E-01 -1.18193E-06 -4.47766E-01
4.50000E+01 -4.50000E-01 -1.18239E-06 -4.49745E-01
4.50667E+01 -4.52000E-01 -1.18178E-06 -4.51876E-01
4.51333E+01 -4.54000E-01 -1.18470E-06 -4.53855E-01
4.52000E+01 -4.56000E-01 -1.18408E-06 -4.55833E-01
4.52667E+01 -4.58000E-01 -1.18562E-06 -4.57812E-01
4.53333E+01 -4.60000E-01 -1.18761E-06 -4.59791E-01
4.54000E+01 -4.62000E-01 -1.18915E-06 -4.61770E-01
4.54667E+01 -4.64000E-01 -1.18869E-06 -4.63901E-01
4.55333E+01 -4.66000E-01 -1.19038E-06 -4.65880E-01
4.56000E+01 -4.68000E-01 -1.19145E-06 -4.67859E-01
4.56667E+01 -4.70000E-01 -1.19207E-06 -4.69990E-01
4.57333E+01 -4.72000E-01 -1.19360E-06 -4.71969E-01
4.58000E+01 -4.74000E-01 -1.19499E-06 -4.73948E-01
4.58667E+01 -4.76000E-01 -1.19575E-06 -4.75927E-01
4.59333E+01 -4.78000E-01 -1.19499E-06 -4.77905E-01
4.60000E+01 -4.80000E-01 -1.19683E-06 -4.79884E-01
4.60667E+01 -4.82000E-01 -1.19698E-06 -4.81863E-01
4.61333E+01 -4.84000E-01 -1.19913E-06 -4.83842E-01
4.62000E+01 -4.86000E-01 -1.20128E-06 -4.85669E-01
4.62667E+01 -4.88000E-01 -1.20205E-06 -4.87648E-01
4.63333E+01 -4.90000E-01 -1.20205E-06 -4.89626E-01
4.64000E+01 -4.92000E-01 -1.20696E-06 -4.91605E-01
4.64667E+01 -4.94000E-01 -1.20512E-06 -4.93736E-01
4.65333E+01 -4.96000E-01 -1.20558E-06 -4.95715E-01
4.66000E+01 -4.98000E-01 -1.20743E-06 -4.97694E-01
4.66667E+01 -5.00000E-01 -1.20911E-06 -4.99673E-01
4.67333E+01 -5.02000E-01 -1.20804E-06 -5.01652E-01
4.68000E+01 -5.04000E-01 -1.21126E-06 -5.03631E-01
4.68667E+01 -5.06000E-01 -1.21142E-06 -5.05762E-01
4.69333E+01 -5.08000E-01 -1.21311E-06 -5.07741E-01
4.70000E+01 -5.10000E-01 -1.21664E-06 -5.09720E-01
4.70667E+01 -5.12000E-01 -1.21480E-06 -5.11851E-01
4.71333E+01 -5.14000E-01 -1.21756E-06 -5.13830E-01
4.72000E+01 -5.16000E-01 -1.22109E-06 -5.15656E-01
4.72667E+01 -5.18000E-01 -1.21987E-06 -5.17635E-01
4.73333E+01 -5.20000E-01 -1.22140E-06 -5.19766E-01
4.74000E+01 -5.22000E-01 -1.22140E-06 -5.21745E-01
4.74667E+01 -5.24000E-01 -1.22324E-06 -5.23724E-01
4.75333E+01 -5.26000E-01 -1.22524E-06 -5.25703E-01
4.76000E+01 -5.28000E-01 -1.22770E-06 -5.27682E-01
4.76667E+01 -5.30000E-01 -1.22585E-06 -5.29813E-01
4.77333E+01 -5.32000E-01 -1.23169E-06 -5.31792E-01
4.78000E+01 -5.34000E-01 -1.23184E-06 -5.33771E-01
4.78667E+01 -5.36000E-01 -1.23138E-06 -5.35749E-01
4.79333E+01 -5.38000E-01 -1.23676E-06 -5.37728E-01
4.80000E+01 -5.40000E-01 -1.23661E-06 -5.39707E-01
4.80667E+01 -5.42000E-01 -1.23614E-06 -5.41686E-01
4.81333E+01 -5.44000E-01 -1.24290E-06 -5.43817E-01
4.82000E+01 -5.46000E-01 -1.24045E-06 -5.45796E-01
4.82667E+01 -5.48000E-01 -1.24121E-06 -5.47775E-01
4.83333E+01 -5.50000E-01 -1.24889E-06 -5.49906E-01
4.84000E+01 -5.52000E-01 -1.24628E-06 -5.51885E-01
4.84667E+01 -5.54000E-01 -1.24521E-06 -5.53864E-01
4.85333E+01 -5.56000E-01 -1.25396E-06 -5.55843E-01
4.86000E+01 -5.58000E-01 -1.25242E-06 -5.57821E-01
4.86667E+01 -5.60000E-01 -1.25258E-06 -5.59800E-01
4.87333E+01 -5.62000E-01 -1.25780E-06 -5.61931E-01
4.88000E+01 -5.64000E-01 -1.25872E-06 -5.63758E-01
4.88667E+01 -5.66000E-01 -1.25826E-06 -5.65737E-01
4.89333E+01 -5.68000E-01 -1.26364E-06 -5.67716E-01
4.90000E+01 -5.70000E-01 -1.26425E-06 -5.69847E-01
4.90667E+01 -5.72000E-01 -1.26394E-06 -5.71826E-01
4.91333E+01 -5.74000E-01 -1.26870E-06 -5.73652E-01
4.92000E+01 -5.76000E-01 -1.26901E-06 -5.75784E-01
4.92667E+01 -5.78000E-01 -1.27116E-06 -5.77762E-01
4.93333E+01 -5.80000E-01 -1.27638E-06 -5.79741E-01
4.94000E+01 -5.82000E-01 -1.27715E-06 -5.81720E-01
4.94667E+01 -5.84000E-01 -1.27884E-06 -5.83851E-01
4.95333E+01 -5.86000E-01 -1.28345E-06 -5.85830E-01
4.96000E+01 -5.88000E-01 -1.28483E-06 -5.87809E-01
4.96667E+01 -5.90000E-01 -1.28683E-06 -5.89940E-01
4.97333E+01 -5.92000E-01 -1.29021E-06 -5.91919E-01
4.98000E+01 -5.94000E-01 -1.29189E-06 -5.93746E-01
4.98667E+01 -5.96000E-01 -1.29451E-06 -5.95724E-01
4.99333E+01 -5.98000E-01 -1.29712E-06 -5.97856E-01
5.00000E+01 -6.00000E-01 -1.29927E-06 -5.99834E-01
5.00667E+01 -6.02000E-01 -1.30142E-06 -6.01813E-01
5.01333E+01 -6.04000E-01 -1.30725E-06 -6.03792E-01
5.02000E+01 -6.06000E-01 -1.30802E-06 -6.05771E-01
5.02667E+01 -6.08000E-01 -1.31125E-06 -6.07750E-01
5.03333E+01 -6.10000E-01 -1.31447E-06 -6.09881E-01
5.04000E+01 -6.12000E-01 -1.31570E-06 -6.11860E-01
5.04667E+01 -6.14000E-01 -1.31923E-06 -6.13839E-01
5.05333E+01 -6.16000E-01 -1.32445E-06 -6.15818E-01
5.06000E+01 -6.18000E-01 -1.32522E-06 -6.17797E-01
5.06667E+01 -6.20000E-01 -1.32937E-06 -6.19775E-01
5.07333E+01 -6.22000E-01 -1.33290E-06 -6.21906E-01
5.08000E+01 -6.24000E-01 -1.33490E-06 -6.23885E-01
5.08667E+01 -6.26000E-01 -1.33950E-06 -6.25864E-01
5.09333E+01 -6.28000E-01 -1.34411E-06 -6.27843E-01
5.10000E+01 -6.30000E-01 -1.34534E-06 -6.29974E-01
5.10667E+01 -6.32000E-01 -1.35056E-06 -6.31801E-01
5.11333E+01 -6.34000E-01 -1.35348E-06 -6.33932E-01
5.12000E+01 -6.36000E-01 -1.35640E-06 -6.35911E-01
5.12667E+01 -6.38000E-01 -1.36101E-06 -6.37890E-01
5.13333E+01 -6.40000E-01 -1.36561E-06 -6.39869E-01
5.14000E+01 -6.42000E-01 -1.36715E-06 -6.41695E-01
5.14667E+01 -6.44000E-01 -1.37130E-06 -6.43674E-01
5.15333E+01 -6.46000E-01 -1.37636E-06 -6.45653E-01
5.16000E+01 -6.48000E-01 -1.38112E-06 -6.47632E-01
5.16667E+01 -6.50000E-01 -1.38481E-06 -6.49611E-01
5.17333E+01 -6.52000E-01 -1.38942E-06 -6.51590E-01
5.18000E+01 -6.54000E-01 -1.39372E-06 -6.53568E-01
5.18667E+01 -6.56000E-01 -1.39817E-06 -6.55547E-01
5.19333E+01 -6.58000E-01 -1.40155E-06 -6.57678E-01
5.20000E+01 -6.60000E-01 -1.40800E-06 -6.59657E-01
5.20667E+01 -6.62000E-01 -1.41092E-06 -6.61636E-01
5.21333E+01 -6.64000E-01 -1.41430E-06 -6.63767E-01
5.22000E+01 -6.66000E-01 -1.42059E-06 -6.65746E-01
5.22667E+01 -6.68000E-01 -1.42459E-06 -6.67725E-01
5.23333E+01 -6.70000E-01 -1.42981E-06 -6.69704E-01
5.24000E+01 -6.72000E-01 -1.43626E-06 -6.71683E-01
5.24667E+01 -6.74000E-01 -1.43949E-06 -6.73662E-01
5.25333E+01 -6.76000E-01 -1.44594E-06 -6.75640E-01
5.26000E+01 -6.78000E-01 -1.45346E-06 -6.77772E-01
5.26667E+01 -6.80000E-01 -1.45530E-06 -6.79750E-01
5.27333E+01 -6.82000E-01 -1.46206E-06 -6.81577E-01
5.28000E+01 -6.84000E-01 -1.47005E-06 -6.83708E-01
5.28667E+01 -6.86000E-01 -1.47143E-06 -6.85687E-01
5.29333E+01 -6.88000E-01 -1.47819E-06 -6.87666E-01
5.30000E+01 -6.90000E-01 -1.48894E-06 -6.89645E-01
5.30667E+01 -6.92000E-01 -1.49032E-06 -6.91624E-01
5.31333E+01 -6.94000E-01 -1.49646E-06 -6.93603E-01
5.32000E+01 -6.96000E-01 -1.50798E-06 -6.95734E-01
5.32667E+01 -6.98000E-01 -1.50783E-06 -6.97713E-01
