time/s      E/V        I/A
0.00000E+00 -7.00000E-01 -1.53025E-06 -6.99691E-01
6.66667E-02 -6.98000E-01 -1.03204E-06 -6.97865E-01
1.33333E-01 -6.96000E-01 -8.75384E-07 -6.95734E-01
2.00000E-01 -6.94000E-01 -7.88765E-07 -6.93755E-01
2.66667E-01 -6.92000E-01 -7.34551E-07 -6.91776E-01
3.33333E-01 -6.90000E-01 -6.72044E-07 -6.89797E-01
4.00000E-01 -6.88000E-01 -6.29809E-07 -6.87818E-01
4.66667E-01 -6.86000E-01 -5.98325E-07 -6.85839E-01
5.33333E-01 -6.84000E-01 -5.56705E-07 -6.83860E-01
6.00000E-01 -6.82000E-01 -5.29061E-07 -6.81729E-01
6.66667E-01 -6.80000E-01 -5.06331E-07 -6.79750E-01
7.33333E-01 -6.78000E-01 -4.75000E-07 -6.77772E-01
8.00000E-01 -6.76000E-01 -4.54574E-07 -6.75793E-01
8.66667E-01 -6.74000E-01 -4.35070E-07 -6.73814E-01
9.33333E-01 -6.72000E-01 -4.11418E-07 -6.71683E-01
1.00000E+00 -6.70000E-01 -3.94678E-07 -6.69856E-01
1.06667E+00 -6.68000E-01 -3.81163E-07 -6.67877E-01
1.13333E+00 -6.66000E-01 -3.58894E-07 -6.65746E-01
1.20000E+00 -6.64000E-01 -3.45839E-07 -6.63767E-01
1.26667E+00 -6.62000E-01 -3.32324E-07 -6.61788E-01
1.33333E+00 -6.60000E-01 -3.16045E-07 -6.59810E-01
1.40000E+00 -6.58000E-01 -3.03451E-07 -6.57678E-01
1.46667E+00 -6.56000E-01 -2.93315E-07 -6.55700E-01
1.53333E+00 -6.54000E-01 -2.77189E-07 -6.53721E-01
1.60000E+00 -6.52000E-01 -2.67513E-07 -6.51742E-01
1.66667E+00 -6.50000E-01 -2.57838E-07 -6.49763E-01
1.73333E+00 -6.48000E-01 -2.42480E-07 -6.47784E-01
1.80000E+00 -6.46000E-01 -2.35261E-07 -6.45653E-01
1.86667E+00 -6.44000E-01 -2.28504E-07 -6.43674E-01
1.93333E+00 -6.42000E-01 -2.12839E-07 -6.41847E-01
2.00000E+00 -6.40000E-01 -2.08231E-07 -6.40021E-01
2.06667E+00 -6.38000E-01 -2.01013E-07 -6.38042E-01
2.13333E+00 -6.36000E-01 -1.86576E-07 -6.35911E-01
2.20000E+00 -6.34000E-01 -1.80894E-07 -6.33932E-01
2.26667E+00 -6.32000E-01 -1.75672E-07 -6.31953E-01
2.33333E+00 -6.30000E-01 -1.62004E-07 -6.30126E-01
2.40000E+00 -6.28000E-01 -1.57703E-07 -6.27995E-01
2.46667E+00 -6.26000E-01 -1.52789E-07 -6.26016E-01
2.53333E+00 -6.24000E-01 -1.40195E-07 -6.24038E-01
2.60000E+00 -6.22000E-01 -1.36356E-07 -6.21906E-01
2.66667E+00 -6.20000E-01 -1.33591E-07 -6.19928E-01
2.73333E+00 -6.18000E-01 -1.19923E-07 -6.17949E-01
2.80000E+00 -6.16000E-01 -1.17619E-07 -6.15818E-01
2.86667E+00 -6.14000E-01 -1.12858E-07 -6.13839E-01
2.93333E+00 -6.12000E-01 -1.02107E-07 -6.11860E-01
3.00000E+00 -6.10000E-01 -9.96500E-08 -6.10033E-01
3.06667E+00 -6.08000E-01 -9.55033E-08 -6.07902E-01
3.13333E+00 -6.06000E-01 -8.33705E-08 -6.05923E-01
3.20000E+00 -6.04000E-01 -8.22954E-08 -6.03944E-01
3.26667E+00 -6.02000E-01 -7.81487E-08 -6.01966E-01
3.33333E+00 -6.00000E-01 -6.77053E-08 -5.99987E-01
3.40000E+00 -5.98000E-01 -6.47872E-08 -5.97856E-01
3.46667E+00 -5.96000E-01 -6.35586E-08 -5.95877E-01
3.53333E+00 -5.94000E-01 -5.34223E-08 -5.93898E-01
3.60000E+00 -5.92000E-01 -5.18865E-08 -5.91919E-01
3.66667E+00 -5.90000E-01 -4.63576E-08 -5.89940E-01
3.73333E+00 -5.88000E-01 -4.14430E-08 -5.87961E-01
3.80000E+00 -5.86000E-01 -3.56070E-08 -5.85830E-01
3.86667E+00 -5.84000E-01 -3.37640E-08 -5.83851E-01
3.93333E+00 -5.82000E-01 -2.88494E-08 -5.81872E-01
4.00000E+00 -5.80000E-01 -2.27062E-08 -5.79894E-01
4.06667E+00 -5.78000E-01 -1.88667E-08 -5.77762E-01
4.13333E+00 -5.76000E-01 -1.88667E-08 -5.75784E-01
4.20000E+00 -5.74000E-01 -8.73040E-09 -5.73805E-01
4.26667E+00 -5.72000E-01 -7.96249E-09 -5.71826E-01
4.33333E+00 -5.70000E-01 -7.19459E-09 -5.69847E-01
4.40000E+00 -5.68000E-01 3.86320E-09  -5.67868E-01
4.46667E+00 -5.66000E-01 6.78122E-09  -5.65889E-01
4.53333E+00 -5.64000E-01 3.09529E-09  -5.63910E-01
4.60000E+00 -5.62000E-01 1.72247E-08  -5.61931E-01
4.66667E+00 -5.60000E-01 1.78390E-08  -5.59953E-01
4.73333E+00 -5.58000E-01 1.38459E-08  -5.57974E-01
4.80000E+00 -5.56000E-01 2.85896E-08  -5.55843E-01
4.86667E+00 -5.54000E-01 3.12005E-08  -5.53864E-01
4.93333E+00 -5.52000E-01 2.61324E-08  -5.52037E-01
5.00000E+00 -5.50000E-01 3.99546E-08  -5.49906E-01
5.06667E+00 -5.48000E-01 4.17976E-08  -5.47927E-01
5.13333E+00 -5.46000E-01 4.02617E-08  -5.45948E-01
5.20000E+00 -5.44000E-01 5.16267E-08  -5.43817E-01
5.26667E+00 -5.42000E-01 5.31625E-08  -5.41838E-01
5.33333E+00 -5.40000E-01 5.28553E-08  -5.39859E-01
5.40000E+00 -5.38000E-01 6.52953E-08  -5.37728E-01
5.46667E+00 -5.36000E-01 6.45274E-08  -5.35749E-01
5.53333E+00 -5.34000E-01 6.56025E-08  -5.33771E-01
5.60000E+00 -5.32000E-01 7.51245E-08  -5.31944E-01
5.66667E+00 -5.30000E-01 7.61996E-08  -5.29813E-01
5.73333E+00 -5.28000E-01 7.72746E-08  -5.27834E-01
5.80000E+00 -5.26000E-01 8.55680E-08  -5.25855E-01
5.86667E+00 -5.24000E-01 8.55680E-08  -5.23876E-01
5.93333E+00 -5.22000E-01 8.91003E-08  -5.21897E-01
6.00000E+00 -5.20000E-01 9.64722E-08  -5.19766E-01
6.06667E+00 -5.18000E-01 9.60114E-08  -5.17787E-01
6.13333E+00 -5.16000E-01 1.00465E-07  -5.15808E-01
6.20000E+00 -5.14000E-01 1.08759E-07  -5.13830E-01
6.26667E+00 -5.12000E-01 1.06455E-07  -5.11851E-01
6.33333E+00 -5.10000E-01 1.11677E-07  -5.09872E-01
6.40000E+00 -5.08000E-01 1.21199E-07  -5.07893E-01
6.46667E+00 -5.06000E-01 1.17359E-07  -5.05762E-01
6.53333E+00 -5.04000E-01 1.21352E-07  -5.03783E-01
6.60000E+00 -5.02000E-01 1.29646E-07  -5.01804E-01
6.66667E+00 -5.00000E-01 1.27803E-07  -4.99673E-01
6.73333E+00 -4.98000E-01 1.32103E-07  -4.97694E-01
6.80000E+00 -4.96000E-01 1.41318E-07  -4.95715E-01
6.86667E+00 -4.94000E-01 1.39475E-07  -4.93736E-01
6.93333E+00 -4.92000E-01 1.42546E-07  -4.91758E-01
7.00000E+00 -4.90000E-01 1.52990E-07  -4.89779E-01
7.06667E+00 -4.88000E-01 1.48689E-07  -4.87800E-01
7.13333E+00 -4.86000E-01 1.52529E-07  -4.85669E-01
7.20000E+00 -4.84000E-01 1.61590E-07  -4.83994E-01
7.26667E+00 -4.82000E-01 1.59287E-07  -4.82015E-01
7.33333E+00 -4.80000E-01 1.61283E-07  -4.80037E-01
7.40000E+00 -4.78000E-01 1.72494E-07  -4.77905E-01
7.46667E+00 -4.76000E-01 1.68348E-07  -4.75927E-01
7.53333E+00 -4.74000E-01 1.72648E-07  -4.74100E-01
7.60000E+00 -4.72000E-01 1.81402E-07  -4.71969E-01
7.66667E+00 -4.70000E-01 1.81095E-07  -4.69990E-01
7.73333E+00 -4.68000E-01 1.83245E-07  -4.68011E-01
7.80000E+00 -4.66000E-01 1.92767E-07  -4.65880E-01
7.86667E+00 -4.64000E-01 1.90003E-07  -4.64053E-01
7.93333E+00 -4.62000E-01 1.93381E-07  -4.61922E-01
8.00000E+00 -4.60000E-01 2.01982E-07  -4.59943E-01
8.06667E+00 -4.58000E-01 2.00753E-07  -4.57812E-01
8.13333E+00 -4.56000E-01 2.02903E-07  -4.55986E-01
8.20000E+00 -4.54000E-01 2.11811E-07  -4.54007E-01
8.26667E+00 -4.52000E-01 2.10890E-07  -4.51876E-01
8.33333E+00 -4.50000E-01 2.14729E-07  -4.49897E-01
8.40000E+00 -4.48000E-01 2.21794E-07  -4.47918E-01
8.46667E+00 -4.46000E-01 2.21947E-07  -4.45939E-01
8.53333E+00 -4.44000E-01 2.23483E-07  -4.43960E-01
8.60000E+00 -4.42000E-01 2.28858E-07  -4.41981E-01
8.66667E+00 -4.40000E-01 2.31316E-07  -4.39850E-01
8.73333E+00 -4.38000E-01 2.34080E-07  -4.37871E-01
8.80000E+00 -4.36000E-01 2.36077E-07  -4.36045E-01
8.86667E+00 -4.34000E-01 2.42066E-07  -4.33914E-01
8.93333E+00 -4.32000E-01 2.42681E-07  -4.31935E-01
9.00000E+00 -4.30000E-01 2.46827E-07  -4.29956E-01
9.06667E+00 -4.28000E-01 2.50667E-07  -4.27977E-01
9.13333E+00 -4.26000E-01 2.55735E-07  -4.25846E-01
9.20000E+00 -4.24000E-01 2.52356E-07  -4.23867E-01
9.26667E+00 -4.22000E-01 2.63414E-07  -4.21888E-01
9.33333E+00 -4.20000E-01 2.64950E-07  -4.19757E-01
9.40000E+00 -4.18000E-01 2.61571E-07  -4.17778E-01
9.46667E+00 -4.16000E-01 2.74625E-07  -4.15952E-01
9.53333E+00 -4.14000E-01 2.76008E-07  -4.13820E-01
9.60000E+00 -4.12000E-01 2.71400E-07  -4.11842E-01
9.66667E+00 -4.10000E-01 2.85683E-07  -4.09863E-01
9.73333E+00 -4.08000E-01 2.85837E-07  -4.07884E-01
9.80000E+00 -4.06000E-01 2.84455E-07  -4.05905E-01
9.86667E+00 -4.04000E-01 2.96741E-07  -4.03926E-01
9.93333E+00 -4.02000E-01 2.97816E-07  -4.01947E-01
1.00000E+01 -4.00000E-01 2.96280E-07  -3.99968E-01
1.00667E+01 -3.98000E-01 3.08260E-07  -3.97989E-01
1.01333E+01 -3.96000E-01 3.08720E-07  -3.96011E-01
1.02000E+01 -3.94000E-01 3.09949E-07  -3.94032E-01
1.02667E+01 -3.92000E-01 3.18396E-07  -3.91901E-01
1.03333E+01 -3.90000E-01 3.20546E-07  -3.89922E-01
1.04000E+01 -3.88000E-01 3.22696E-07  -3.87943E-01
1.04667E+01 -3.86000E-01 3.30682E-07  -3.85964E-01
1.05333E+01 -3.84000E-01 3.29914E-07  -3.83833E-01
1.06000E+01 -3.82000E-01 3.35750E-07  -3.81854E-01
1.06667E+01 -3.80000E-01 3.42969E-07  -3.79875E-01
1.07333E+01 -3.78000E-01 3.43122E-07  -3.77896E-01
1.08000E+01 -3.76000E-01 3.48651E-07  -3.75917E-01
1.08667E+01 -3.74000E-01 3.54948E-07  -3.73939E-01
1.09333E+01 -3.72000E-01 3.54794E-07  -3.71807E-01
1.10000E+01 -3.70000E-01 3.60938E-07  -3.69829E-01
1.10667E+01 -3.68000E-01 3.67081E-07  -3.67850E-01
1.11333E+01 -3.66000E-01 3.66774E-07  -3.65871E-01
1.12000E+01 -3.64000E-01 3.70767E-07  -3.63892E-01
1.12667E+01 -3.62000E-01 3.80289E-07  -3.61761E-01
1.13333E+01 -3.60000E-01 3.78599E-07  -3.59782E-01
1.14000E+01 -3.58000E-01 3.84896E-07  -3.57955E-01
1.14667E+01 -3.56000E-01 3.92729E-07  -3.55976E-01
1.15333E+01 -3.54000E-01 3.92114E-07  -3.53845E-01
1.16000E+01 -3.52000E-01 3.96875E-07  -3.51867E-01
1.16667E+01 -3.50000E-01 4.06551E-07  -3.49888E-01
1.17333E+01 -3.48000E-01 4.04094E-07  -3.47909E-01
1.18000E+01 -3.46000E-01 4.09930E-07  -3.45778E-01
1.18667E+01 -3.44000E-01 4.19605E-07  -3.43799E-01
1.19333E+01 -3.42000E-01 4.16841E-07  -3.41668E-01
1.20000E+01 -3.40000E-01 4.21909E-07  -3.39689E-01
1.20667E+01 -3.38000E-01 4.34042E-07  -3.37862E-01
1.21333E+01 -3.36000E-01 4.29895E-07  -3.35883E-01
1.22000E+01 -3.34000E-01 4.36346E-07  -3.33752E-01
1.22667E+01 -3.32000E-01 4.46175E-07  -3.31773E-01
1.23333E+01 -3.30000E-01 4.44178E-07  -3.29794E-01
1.24000E+01 -3.28000E-01 4.50936E-07  -3.27816E-01
1.24667E+01 -3.26000E-01 4.60765E-07  -3.25837E-01
1.25333E+01 -3.24000E-01 4.57386E-07  -3.23858E-01
1.26000E+01 -3.22000E-01 4.65679E-07  -3.21727E-01
1.26667E+01 -3.20000E-01 4.74433E-07  -3.19748E-01
1.27333E+01 -3.18000E-01 4.71976E-07  -3.17921E-01
1.28000E+01 -3.16000E-01 4.78887E-07  -3.15942E-01
1.28667E+01 -3.14000E-01 4.89638E-07  -3.13811E-01
1.29333E+01 -3.12000E-01 4.88256E-07  -3.11832E-01
1.30000E+01 -3.10000E-01 4.95167E-07  -3.09854E-01
1.30667E+01 -3.08000E-01 5.03921E-07  -3.07875E-01
1.31333E+01 -3.06000E-01 5.04228E-07  -3.05744E-01
1.32000E+01 -3.04000E-01 5.09757E-07  -3.03765E-01
1.32667E+01 -3.02000E-01 5.17129E-07  -3.01786E-01
1.33333E+01 -3.00000E-01 5.15747E-07  -2.99807E-01
1.34000E+01 -2.98000E-01 5.26804E-07  -2.97828E-01
1.34667E+01 -2.96000E-01 5.30183E-07  -2.95849E-01
1.35333E+01 -2.94000E-01 5.35098E-07  -2.93870E-01
1.36000E+01 -2.92000E-01 5.42009E-07  -2.91739E-01
1.36667E+01 -2.90000E-01 5.46309E-07  -2.89760E-01
1.37333E+01 -2.88000E-01 5.52759E-07  -2.87781E-01
1.38000E+01 -2.86000E-01 5.59517E-07  -2.85803E-01
1.38667E+01 -2.84000E-01 5.58596E-07  -2.83824E-01
1.39333E+01 -2.82000E-01 5.69807E-07  -2.81693E-01
1.40000E+01 -2.80000E-01 5.74875E-07  -2.79866E-01
1.40667E+01 -2.78000E-01 5.76872E-07  -2.77887E-01
1.41333E+01 -2.76000E-01 5.84551E-07  -2.75756E-01
1.42000E+01 -2.74000E-01 5.92998E-07  -2.73777E-01
1.42667E+01 -2.72000E-01 5.91462E-07  -2.71798E-01
1.43333E+01 -2.70000E-01 6.02980E-07  -2.69667E-01
1.44000E+01 -2.68000E-01 6.10045E-07  -2.67688E-01
1.44667E+01 -2.66000E-01 6.08048E-07  -2.65709E-01
1.45333E+01 -2.64000E-01 6.21410E-07  -2.63731E-01
1.46000E+01 -2.62000E-01 6.28014E-07  -2.61752E-01
1.46667E+01 -2.60000E-01 6.26017E-07  -2.59773E-01
1.47333E+01 -2.58000E-01 6.41529E-07  -2.57794E-01
1.48000E+01 -2.56000E-01 6.44447E-07  -2.55663E-01
1.48667E+01 -2.54000E-01 6.46597E-07  -2.53684E-01
1.49333E+01 -2.52000E-01 6.58576E-07  -2.51705E-01
1.50000E+01 -2.50000E-01 6.63337E-07  -2.49878E-01
1.50667E+01 -2.48000E-01 6.67023E-07  -2.47747E-01
1.51333E+01 -2.46000E-01 6.77927E-07  -2.45769E-01
1.52000E+01 -2.44000E-01 6.82228E-07  -2.43790E-01
1.52667E+01 -2.42000E-01 6.87142E-07  -2.41811E-01
1.53333E+01 -2.40000E-01 6.95589E-07  -2.39832E-01
1.54000E+01 -2.38000E-01 7.00350E-07  -2.37853E-01
1.54667E+01 -2.36000E-01 7.05418E-07  -2.35722E-01
1.55333E+01 -2.34000E-01 7.14019E-07  -2.33743E-01
1.56000E+01 -2.32000E-01 7.16476E-07  -2.31764E-01
1.56667E+01 -2.30000E-01 7.24002E-07  -2.29785E-01
1.57333E+01 -2.28000E-01 7.31373E-07  -2.27654E-01
1.58000E+01 -2.26000E-01 7.33984E-07  -2.25675E-01
1.58667E+01 -2.24000E-01 7.42278E-07  -2.23696E-01
1.59333E+01 -2.22000E-01 7.50110E-07  -2.21718E-01
1.60000E+01 -2.20000E-01 7.52414E-07  -2.19739E-01
1.60667E+01 -2.18000E-01 7.60247E-07  -2.17760E-01
1.61333E+01 -2.16000E-01 7.67311E-07  -2.15629E-01
1.62000E+01 -2.14000E-01 7.70536E-07  -2.13650E-01
1.62667E+01 -2.12000E-01 7.78215E-07  -2.11671E-01
1.63333E+01 -2.10000E-01 7.85127E-07  -2.09692E-01
1.64000E+01 -2.08000E-01 7.86662E-07  -2.07713E-01
1.64667E+01 -2.06000E-01 7.95570E-07  -2.05734E-01
1.65333E+01 -2.04000E-01 8.02481E-07  -2.03756E-01
1.66000E+01 -2.02000E-01 8.04785E-07  -2.01777E-01
1.66667E+01 -2.00000E-01 8.12157E-07  -1.99646E-01
1.67333E+01 -1.98000E-01 8.21679E-07  -1.97667E-01
1.68000E+01 -1.96000E-01 8.22139E-07  -1.95688E-01
1.68667E+01 -1.94000E-01 8.30279E-07  -1.93709E-01
1.69333E+01 -1.92000E-01 8.39494E-07  -1.91730E-01
1.70000E+01 -1.90000E-01 8.41030E-07  -1.89599E-01
1.70667E+01 -1.88000E-01 8.48555E-07  -1.87620E-01
1.71333E+01 -1.86000E-01 8.58231E-07  -1.85641E-01
1.72000E+01 -1.84000E-01 8.58077E-07  -1.83662E-01
1.72667E+01 -1.82000E-01 8.65296E-07  -1.81683E-01
1.73333E+01 -1.80000E-01 8.74818E-07  -1.79705E-01
1.74000E+01 -1.78000E-01 8.77121E-07  -1.77574E-01
1.74667E+01 -1.76000E-01 8.84032E-07  -1.75595E-01
1.75333E+01 -1.74000E-01 8.94937E-07  -1.73768E-01
1.76000E+01 -1.72000E-01 8.93862E-07  -1.71941E-01
1.76667E+01 -1.70000E-01 9.04459E-07  -1.69810E-01
1.77333E+01 -1.68000E-01 9.12445E-07  -1.67831E-01
1.78000E+01 -1.66000E-01 9.14441E-07  -1.65853E-01
1.78667E+01 -1.64000E-01 9.20892E-07  -1.63874E-01
1.79333E+01 -1.62000E-01 9.30260E-07  -1.61895E-01
1.80000E+01 -1.60000E-01 9.33946E-07  -1.59916E-01
1.80667E+01 -1.58000E-01 9.40704E-07  -1.57937E-01
1.81333E+01 -1.56000E-01 9.47768E-07  -1.55806E-01
1.82000E+01 -1.54000E-01 9.52529E-07  -1.53827E-01
1.82667E+01 -1.52000E-01 9.57905E-07  -1.51848E-01
1.83333E+01 -1.50000E-01 9.62051E-07  -1.49869E-01
1.84000E+01 -1.48000E-01 9.70652E-07  -1.47738E-01
1.84667E+01 -1.46000E-01 9.78024E-07  -1.45759E-01
1.85333E+01 -1.44000E-01 9.78791E-07  -1.43780E-01
1.86000E+01 -1.42000E-01 9.87085E-07  -1.41802E-01
1.86667E+01 -1.40000E-01 9.92307E-07  -1.39823E-01
1.87333E+01 -1.38000E-01 9.91999E-07  -1.37844E-01
1.88000E+01 -1.36000E-01 1.00183E-06  -1.35713E-01
1.88667E+01 -1.34000E-01 1.00751E-06  -1.33886E-01
1.89333E+01 -1.32000E-01 1.00536E-06  -1.31907E-01
1.90000E+01 -1.30000E-01 1.01534E-06  -1.29776E-01
1.90667E+01 -1.28000E-01 1.01995E-06  -1.27797E-01
1.91333E+01 -1.26000E-01 1.01734E-06  -1.25818E-01
1.92000E+01 -1.24000E-01 1.02671E-06  -1.23840E-01
1.92667E+01 -1.22000E-01 1.03331E-06  -1.21861E-01
1.93333E+01 -1.20000E-01 1.02471E-06  -1.19882E-01
1.94000E+01 -1.18000E-01 1.02978E-06  -1.17751E-01
1.94667E+01 -1.16000E-01 1.04652E-06  -1.15772E-01
1.95333E+01 -1.14000E-01 1.03746E-06  -1.13793E-01
1.96000E+01 -1.12000E-01 1.04606E-06  -1.11814E-01
1.96667E+01 -1.10000E-01 1.04898E-06  -1.09683E-01
1.97333E+01 -1.08000E-01 1.03777E-06  -1.07704E-01
1.98000E+01 -1.06000E-01 1.05174E-06  -1.05725E-01
1.98667E+01 -1.04000E-01 1.05512E-06  -1.03746E-01
1.99333E+01 -1.02000E-01 1.05343E-06  -1.01767E-01
2.00000E+01 -1.00000E-01 1.05911E-06  -9.97886E-02
2.00667E+01 -9.80000E-02 1.06265E-06  -9.76575E-02
2.01333E+01 -9.60000E-02 1.05881E-06  -9.56786E-02
2.02000E+01 -9.40000E-02 1.06741E-06  -9.38520E-02
2.02667E+01 -9.20000E-02 1.06480E-06  -9.18731E-02
2.03333E+01 -9.00000E-02 1.06618E-06  -8.97420E-02
2.04000E+01 -8.80000E-02 1.06940E-06  -8.77631E-02
2.04667E+01 -8.60000E-02 1.07125E-06  -8.57843E-02
2.05333E+01 -8.40000E-02 1.07171E-06  -8.38054E-02
2.06000E+01 -8.20000E-02 1.07616E-06  -8.18265E-02
2.06667E+01 -8.00000E-02 1.07570E-06  -7.98477E-02
2.07333E+01 -7.80000E-02 1.07785E-06  -7.77166E-02
2.08000E+01 -7.60000E-02 1.08092E-06  -7.57377E-02
2.08667E+01 -7.40000E-02 1.08046E-06  -7.37588E-02
2.09333E+01 -7.20000E-02 1.08230E-06  -7.17799E-02
2.10000E+01 -7.00000E-02 1.08522E-06  -6.96489E-02
2.10667E+01 -6.80000E-02 1.08507E-06  -6.76700E-02
2.11333E+01 -6.60000E-02 1.08906E-06  -6.58433E-02
2.12000E+01 -6.40000E-02 1.08998E-06  -6.37122E-02
2.12667E+01 -6.20000E-02 1.09275E-06  -6.17334E-02
2.13333E+01 -6.00000E-02 1.09490E-06  -5.97545E-02
2.14000E+01 -5.80000E-02 1.09935E-06  -5.77756E-02
2.14667E+01 -5.60000E-02 1.09797E-06  -5.57967E-02
2.15333E+01 -5.40000E-02 1.10104E-06  -5.36657E-02
2.16000E+01 -5.20000E-02 1.10734E-06  -5.16868E-02
2.16667E+01 -5.00000E-02 1.10457E-06  -4.97079E-02
2.17333E+01 -4.80000E-02 1.10811E-06  -4.77290E-02
2.18000E+01 -4.60000E-02 1.11364E-06  -4.59024E-02
2.18667E+01 -4.40000E-02 1.11195E-06  -4.37713E-02
2.19333E+01 -4.20000E-02 1.11717E-06  -4.17924E-02
2.20000E+01 -4.00000E-02 1.12055E-06  -3.96613E-02
2.20667E+01 -3.80000E-02 1.12162E-06  -3.76825E-02
2.21333E+01 -3.60000E-02 1.12531E-06  -3.57036E-02
2.22000E+01 -3.40000E-02 1.13160E-06  -3.37247E-02
2.22667E+01 -3.20000E-02 1.12991E-06  -3.15936E-02
2.23333E+01 -3.00000E-02 1.13590E-06  -2.96147E-02
2.24000E+01 -2.80000E-02 1.13959E-06  -2.76359E-02
2.24667E+01 -2.60000E-02 1.14036E-06  -2.56570E-02
2.25333E+01 -2.40000E-02 1.14466E-06  -2.36781E-02
2.26000E+01 -2.20000E-02 1.15049E-06  -2.16993E-02
2.26667E+01 -2.00000E-02 1.15019E-06  -1.95682E-02
2.27333E+01 -1.80000E-02 1.15633E-06  -1.77415E-02
2.28000E+01 -1.60000E-02 1.16140E-06  -1.59149E-02
2.28667E+01 -1.40000E-02 1.16293E-06  -1.39360E-02
2.29333E+01 -1.20000E-02 1.16739E-06  -1.19571E-02
2.30000E+01 -1.00000E-02 1.17107E-06  -9.82602E-03
2.30667E+01 -8.00000E-03 1.17368E-06  -7.84714E-03
2.31333E+01 -6.00000E-03 1.18029E-06  -6.02049E-03
2.32000E+01 -4.00000E-03 1.17967E-06  -4.04162E-03
2.32667E+01 -2.00000E-03 1.18643E-06  -1.91053E-03
2.33333E+01 1.45825E-17  1.19150E-06  6.83472E-05 
2.34000E+01 2.00000E-03  1.19165E-06  2.04722E-03 
2.34667E+01 4.00000E-03  1.19703E-06  4.17831E-03 
2.35333E+01 6.00000E-03  1.20440E-06  6.15719E-03 
2.36000E+01 8.00000E-03  1.20271E-06  8.13606E-03 
2.36667E+01 1.00000E-02  1.21469E-06  1.01149E-02 
2.37333E+01 1.20000E-02  1.21868E-06  1.20938E-02 
2.38000E+01 1.40000E-02  1.21316E-06  1.40727E-02 
2.38667E+01 1.60000E-02  1.22990E-06  1.60515E-02 
2.39333E+01 1.80000E-02  1.23189E-06  1.80304E-02 
2.40000E+01 2.00000E-02  1.22636E-06  2.01615E-02 
2.40667E+01 2.20000E-02  1.24218E-06  2.21404E-02 
2.41333E+01 2.40000E-02  1.24648E-06  2.41193E-02 
2.42000E+01 2.60000E-02  1.24280E-06  2.60981E-02 
2.42667E+01 2.80000E-02  1.25416E-06  2.80770E-02 
2.43333E+01 3.00000E-02  1.26199E-06  3.00559E-02 
2.44000E+01 3.20000E-02  1.25892E-06  3.20347E-02 
2.44667E+01 3.40000E-02  1.27321E-06  3.40136E-02 
2.45333E+01 3.60000E-02  1.27766E-06  3.59925E-02 
2.46000E+01 3.80000E-02  1.27612E-06  3.81236E-02 
2.46667E+01 4.00000E-02  1.28964E-06  4.01025E-02 
2.47333E+01 4.20000E-02  1.29532E-06  4.20813E-02 
2.48000E+01 4.40000E-02  1.29532E-06  4.40602E-02 
2.48667E+01 4.60000E-02  1.30776E-06  4.61913E-02 
2.49333E+01 4.80000E-02  1.31175E-06  4.81702E-02 
2.50000E+01 5.00000E-02  1.31513E-06  5.01490E-02 
2.50667E+01 5.20000E-02  1.32512E-06  5.21279E-02 
2.51333E+01 5.40000E-02  1.33157E-06  5.41068E-02 
2.52000E+01 5.60000E-02  1.33494E-06  5.60857E-02 
2.52667E+01 5.80000E-02  1.34431E-06  5.80645E-02 
2.53333E+01 6.00000E-02  1.34953E-06  6.00434E-02 
2.54000E+01 6.20000E-02  1.35629E-06  6.20223E-02 
2.54667E+01 6.40000E-02  1.36382E-06  6.40012E-02 
2.55333E+01 6.60000E-02  1.37027E-06  6.59800E-02 
2.56000E+01 6.80000E-02  1.37626E-06  6.81111E-02 
2.56667E+01 7.00000E-02  1.38501E-06  6.99378E-02 
2.57333E+01 7.20000E-02  1.39008E-06  7.19166E-02 
2.58000E+01 7.40000E-02  1.39960E-06  7.40477E-02 
2.58667E+01 7.60000E-02  1.40912E-06  7.60266E-02 
2.59333E+01 7.80000E-02  1.41588E-06  7.80055E-02 
2.60000E+01 8.00000E-02  1.42510E-06  8.01366E-02 
2.60667E+01 8.20000E-02  1.43646E-06  8.21154E-02 
2.61333E+01 8.40000E-02  1.44629E-06  8.40943E-02 
2.62000E+01 8.60000E-02  1.45673E-06  8.60732E-02 
2.62667E+01 8.80000E-02  1.46979E-06  8.82043E-02 
2.63333E+01 9.00000E-02  1.47962E-06  9.00309E-02 
2.64000E+01 9.20000E-02  1.49175E-06  9.20098E-02 
2.64667E+01 9.40000E-02  1.50619E-06  9.41409E-02 
2.65333E+01 9.60000E-02  1.51463E-06  9.61198E-02 
2.66000E+01 9.80000E-02  1.52861E-06  9.80986E-02 
2.66667E+01 1.00000E-01  1.54074E-06  1.00078E-01 
2.67333E+01 9.80000E-02  9.33025E-07  9.84031E-02 
2.68000E+01 9.60000E-02  7.27073E-07  9.62720E-02 
2.68667E+01 9.40000E-02  6.07741E-07  9.42931E-02 
2.69333E+01 9.20000E-02  5.13136E-07  9.23142E-02 
2.70000E+01 9.00000E-02  4.44025E-07  9.03354E-02 
2.70667E+01 8.80000E-02  3.86893E-07  8.83565E-02 
2.71333E+01 8.60000E-02  3.32986E-07  8.63776E-02 
2.72000E+01 8.40000E-02  2.88601E-07  8.42465E-02 
2.72667E+01 8.20000E-02  2.51896E-07  8.22677E-02 
2.73333E+01 8.00000E-02  2.13654E-07  8.02888E-02 
2.74000E+01 7.80000E-02  1.83552E-07  7.83099E-02 
2.74667E+01 7.60000E-02  1.54218E-07  7.61788E-02 
2.75333E+01 7.40000E-02  1.27188E-07  7.42000E-02 
2.76000E+01 7.20000E-02  1.01387E-07  7.22211E-02 
2.76667E+01 7.00000E-02  7.92712E-08  7.02422E-02 
2.77333E+01 6.80000E-02  5.46983E-08  6.82633E-02 
2.78000E+01 6.60000E-02  3.78045E-08  6.62845E-02 
2.78667E+01 6.40000E-02  1.61496E-08  6.41534E-02 
2.79333E+01 6.20000E-02  -1.20496E-09 6.21745E-02 
2.80000E+01 6.00000E-02  -1.57951E-08 6.01956E-02 
2.80667E+01 5.80000E-02  -3.51462E-08 5.83690E-02 
2.81333E+01 5.60000E-02  -4.91220E-08 5.62379E-02 
2.82000E+01 5.40000E-02  -6.04870E-08 5.42590E-02 
2.82667E+01 5.20000E-02  -8.18347E-08 5.22801E-02 
2.83333E+01 5.00000E-02  -8.81315E-08 5.03013E-02 
2.84000E+01 4.80000E-02  -9.99571E-08 4.83224E-02 
2.84667E+01 4.60000E-02  -1.21458E-07 4.63435E-02 
2.85333E+01 4.40000E-02  -1.24223E-07 4.42124E-02 
2.86000E+01 4.20000E-02  -1.34052E-07 4.22336E-02 
2.86667E+01 4.00000E-02  -1.55400E-07 4.02547E-02 
2.87333E+01 3.80000E-02  -1.53864E-07 3.82758E-02 
2.88000E+01 3.60000E-02  -1.63539E-07 3.61447E-02 
2.88667E+01 3.40000E-02  -1.83658E-07 3.41658E-02 
2.89333E+01 3.20000E-02  -1.80587E-07 3.21870E-02 
2.90000E+01 3.00000E-02  -1.89495E-07 3.02081E-02 
2.90667E+01 2.80000E-02  -2.08231E-07 2.82292E-02 
2.91333E+01 2.60000E-02  -2.04392E-07 2.62504E-02 
2.92000E+01 2.40000E-02  -2.12685E-07 2.42715E-02 
2.92667E+01 2.20000E-02  -2.29886E-07 2.21404E-02 
2.93333E+01 2.00000E-02  -2.28658E-07 2.03137E-02 
2.94000E+01 1.80000E-02  -2.33879E-07 1.81826E-02 
2.94667E+01 1.60000E-02  -2.49544E-07 1.62038E-02 
2.95333E+01 1.40000E-02  -2.48009E-07 1.42249E-02 
2.96000E+01 1.20000E-02  -2.53998E-07 1.22460E-02 
2.96667E+01 1.00000E-02  -2.67206E-07 1.02672E-02 
2.97333E+01 8.00000E-03  -2.66285E-07 8.28828E-03 
2.98000E+01 6.00000E-03  -2.71814E-07 6.15719E-03 
2.98667E+01 4.00000E-03  -2.81950E-07 4.17831E-03 
2.99333E+01 2.00000E-03  -2.81643E-07 2.19944E-03 
3.00000E+01 1.45825E-17  -2.88861E-07 2.20568E-04 
3.00667E+01 -2.00000E-03 -2.97308E-07 -1.91053E-03
3.01333E+01 -4.00000E-03 -2.99458E-07 -3.88940E-03
3.02000E+01 -6.00000E-03 -3.05755E-07 -5.86827E-03
3.02667E+01 -8.00000E-03 -3.12052E-07 -7.84714E-03
3.03333E+01 -1.00000E-02 -3.13587E-07 -9.82602E-03
3.04000E+01 -1.20000E-02 -3.20959E-07 -1.18049E-02
3.04667E+01 -1.40000E-02 -3.26027E-07 -1.39360E-02
3.05333E+01 -1.60000E-02 -3.29560E-07 -1.59149E-02
3.06000E+01 -1.80000E-02 -3.35396E-07 -1.75893E-02
3.06667E+01 -2.00000E-02 -3.41078E-07 -1.95682E-02
3.07333E+01 -2.20000E-02 -3.41539E-07 -2.15470E-02
3.08000E+01 -2.40000E-02 -3.49218E-07 -2.36781E-02
3.08667E+01 -2.60000E-02 -3.55668E-07 -2.56570E-02
3.09333E+01 -2.80000E-02 -3.54901E-07 -2.74836E-02
3.10000E+01 -3.00000E-02 -3.61812E-07 -2.96147E-02
3.10667E+01 -3.20000E-02 -3.65958E-07 -3.15936E-02
3.11333E+01 -3.40000E-02 -3.67494E-07 -3.35725E-02
3.12000E+01 -3.60000E-02 -3.74712E-07 -3.55514E-02
3.12667E+01 -3.80000E-02 -3.78245E-07 -3.76825E-02
3.13333E+01 -4.00000E-02 -3.78859E-07 -3.96613E-02
3.14000E+01 -4.20000E-02 -3.85924E-07 -4.16402E-02
3.14667E+01 -4.40000E-02 -3.90224E-07 -4.36191E-02
3.15333E+01 -4.60000E-02 -3.91760E-07 -4.57502E-02
3.16000E+01 -4.80000E-02 -3.98671E-07 -4.75768E-02
3.16667E+01 -5.00000E-02 -4.02971E-07 -4.95557E-02
3.17333E+01 -5.20000E-02 -4.03278E-07 -5.16868E-02
3.18000E+01 -5.40000E-02 -4.09882E-07 -5.36657E-02
3.18667E+01 -5.60000E-02 -4.15565E-07 -5.56445E-02
3.19333E+01 -5.80000E-02 -4.13875E-07 -5.76234E-02
3.20000E+01 -6.00000E-02 -4.21862E-07 -5.96023E-02
3.20667E+01 -6.20000E-02 -4.25394E-07 -6.17334E-02
3.21333E+01 -6.40000E-02 -4.24780E-07 -6.37122E-02
3.22000E+01 -6.60000E-02 -4.32919E-07 -6.56911E-02
3.22667E+01 -6.80000E-02 -4.36912E-07 -6.76700E-02
3.23333E+01 -7.00000E-02 -4.37834E-07 -6.96489E-02
3.24000E+01 -7.20000E-02 -4.44745E-07 -7.16277E-02
3.24667E+01 -7.40000E-02 -4.47510E-07 -7.36066E-02
3.25333E+01 -7.60000E-02 -4.50428E-07 -7.57377E-02
3.26000E+01 -7.80000E-02 -4.55342E-07 -7.77166E-02
3.26667E+01 -8.00000E-02 -4.57646E-07 -7.96954E-02
3.27333E+01 -8.20000E-02 -4.62100E-07 -8.16743E-02
3.28000E+01 -8.40000E-02 -4.65018E-07 -8.38054E-02
3.28667E+01 -8.60000E-02 -4.69164E-07 -8.56321E-02
3.29333E+01 -8.80000E-02 -4.76690E-07 -8.76109E-02
3.30000E+01 -9.00000E-02 -4.76997E-07 -8.97420E-02
3.30667E+01 -9.20000E-02 -4.83140E-07 -9.17209E-02
3.31333E+01 -9.40000E-02 -4.90819E-07 -9.36998E-02
3.32000E+01 -9.60000E-02 -4.90358E-07 -9.56786E-02
3.32667E+01 -9.80000E-02 -4.96195E-07 -9.76575E-02
3.33333E+01 -1.00000E-01 -5.09863E-07 -9.96364E-02
3.34000E+01 -1.02000E-01 -5.05870E-07 -1.01615E-01
3.34667E+01 -1.04000E-01 -5.12013E-07 -1.03746E-01
3.35333E+01 -1.06000E-01 -5.26757E-07 -1.05573E-01
3.36000E+01 -1.08000E-01 -5.20614E-07 -1.07552E-01
3.36667E+01 -1.10000E-01 -5.27832E-07 -1.09683E-01
3.37333E+01 -1.12000E-01 -5.45187E-07 -1.11662E-01
3.38000E+01 -1.14000E-01 -5.36893E-07 -1.13641E-01
3.38667E+01 -1.16000E-01 -5.44880E-07 -1.15620E-01
3.39333E+01 -1.18000E-01 -5.60545E-07 -1.17598E-01
3.40000E+01 -1.20000E-01 -5.55630E-07 -1.19730E-01
3.40667E+01 -1.22000E-01 -5.61927E-07 -1.21708E-01
3.41333E+01 -1.24000E-01 -5.75596E-07 -1.23687E-01
3.42000E+01 -1.26000E-01 -5.72985E-07 -1.25666E-01
3.42667E+01 -1.28000E-01 -5.78053E-07 -1.27645E-01
3.43333E+01 -1.30000E-01 -5.92489E-07 -1.29624E-01
3.44000E+01 -1.32000E-01 -5.89571E-07 -1.31755E-01
3.44667E+01 -1.34000E-01 -5.95100E-07 -1.33734E-01
3.45333E+01 -1.36000E-01 -6.06926E-07 -1.35713E-01
3.46000E+01 -1.38000E-01 -6.04929E-07 -1.37692E-01
3.46667E+01 -1.40000E-01 -6.11841E-07 -1.39670E-01
3.47333E+01 -1.42000E-01 -6.21823E-07 -1.41802E-01
3.48000E+01 -1.44000E-01 -6.21055E-07 -1.43780E-01
3.48667E+01 -1.46000E-01 -6.26891E-07 -1.45607E-01
3.49333E+01 -1.48000E-01 -6.34417E-07 -1.47738E-01
3.50000E+01 -1.50000E-01 -6.34724E-07 -1.49717E-01
3.50667E+01 -1.52000E-01 -6.42096E-07 -1.51696E-01
3.51333E+01 -1.54000E-01 -6.47471E-07 -1.53675E-01
3.52000E+01 -1.56000E-01 -6.49161E-07 -1.55806E-01
3.52667E+01 -1.58000E-01 -6.53461E-07 -1.57785E-01
3.53333E+01 -1.60000E-01 -6.62061E-07 -1.59764E-01
3.54000E+01 -1.62000E-01 -6.60833E-07 -1.61895E-01
3.54667E+01 -1.64000E-01 -6.67129E-07 -1.63721E-01
3.55333E+01 -1.66000E-01 -6.74809E-07 -1.65700E-01
3.56000E+01 -1.68000E-01 -6.71123E-07 -1.67831E-01
3.56667E+01 -1.70000E-01 -6.79570E-07 -1.69810E-01
3.57333E+01 -1.72000E-01 -6.85252E-07 -1.71789E-01
3.58000E+01 -1.74000E-01 -6.82488E-07 -1.73616E-01
3.58667E+01 -1.76000E-01 -6.89706E-07 -1.75595E-01
3.59333E+01 -1.78000E-01 -6.95849E-07 -1.77574E-01
3.60000E+01 -1.80000E-01 -6.95388E-07 -1.79552E-01
3.60667E+01 -1.82000E-01 -7.03374E-07 -1.81531E-01
3.61333E+01 -1.84000E-01 -7.09057E-07 -1.83510E-01
3.62000E+01 -1.86000E-01 -7.07828E-07 -1.85489E-01
3.62667E+01 -1.88000E-01 -7.16122E-07 -1.87468E-01
3.63333E+01 -1.90000E-01 -7.22111E-07 -1.89599E-01
3.64000E+01 -1.92000E-01 -7.20883E-07 -1.91578E-01
3.64667E+01 -1.94000E-01 -7.29022E-07 -1.93557E-01
3.65333E+01 -1.96000E-01 -7.36548E-07 -1.95536E-01
3.66000E+01 -1.98000E-01 -7.35012E-07 -1.97667E-01
3.66667E+01 -2.00000E-01 -7.45148E-07 -1.99646E-01
3.67333E+01 -2.02000E-01 -7.51138E-07 -2.01624E-01
3.68000E+01 -2.04000E-01 -7.52674E-07 -2.03603E-01
3.68667E+01 -2.06000E-01 -7.64346E-07 -2.05582E-01
3.69333E+01 -2.08000E-01 -7.71871E-07 -2.07561E-01
3.70000E+01 -2.10000E-01 -7.72025E-07 -2.09692E-01
3.70667E+01 -2.12000E-01 -7.83697E-07 -2.11671E-01
3.71333E+01 -2.14000E-01 -7.91069E-07 -2.13650E-01
3.72000E+01 -2.16000E-01 -7.95830E-07 -2.15629E-01
3.72667E+01 -2.18000E-01 -8.06120E-07 -2.17608E-01
3.73333E+01 -2.20000E-01 -8.15181E-07 -2.19586E-01
3.74000E+01 -2.22000E-01 -8.21171E-07 -2.21718E-01
3.74667E+01 -2.24000E-01 -8.30232E-07 -2.23544E-01
3.75333E+01 -2.26000E-01 -8.41443E-07 -2.25523E-01
3.76000E+01 -2.28000E-01 -8.51887E-07 -2.27654E-01
3.76667E+01 -2.30000E-01 -8.58951E-07 -2.29633E-01
3.77333E+01 -2.32000E-01 -8.71238E-07 -2.31612E-01
3.78000E+01 -2.34000E-01 -8.83985E-07 -2.33591E-01
3.78667E+01 -2.36000E-01 -8.89975E-07 -2.35722E-01
3.79333E+01 -2.38000E-01 -9.01800E-07 -2.37701E-01
3.80000E+01 -2.40000E-01 -9.16698E-07 -2.39680E-01
3.80667E+01 -2.42000E-01 -9.19462E-07 -2.41659E-01
3.81333E+01 -2.44000E-01 -9.32824E-07 -2.43637E-01
3.82000E+01 -2.46000E-01 -9.52789E-07 -2.45616E-01
3.82667E+01 -2.48000E-01 -9.53096E-07 -2.47595E-01
3.83333E+01 -2.50000E-01 -9.66765E-07 -2.49726E-01
3.84000E+01 -2.52000E-01 -9.87037E-07 -2.51705E-01
3.84667E+01 -2.54000E-01 -9.85655E-07 -2.53532E-01
3.85333E+01 -2.56000E-01 -1.00040E-06 -2.55663E-01
3.86000E+01 -2.58000E-01 -1.01960E-06 -2.57642E-01
3.86667E+01 -2.60000E-01 -1.01837E-06 -2.59621E-01
3.87333E+01 -2.62000E-01 -1.03081E-06 -2.61599E-01
3.88000E+01 -2.64000E-01 -1.05154E-06 -2.63578E-01
3.88667E+01 -2.66000E-01 -1.04816E-06 -2.65557E-01
3.89333E+01 -2.68000E-01 -1.06137E-06 -2.67688E-01
3.90000E+01 -2.70000E-01 -1.07903E-06 -2.69667E-01
3.90667E+01 -2.72000E-01 -1.07550E-06 -2.71646E-01
3.91333E+01 -2.74000E-01 -1.08825E-06 -2.73625E-01
3.92000E+01 -2.76000E-01 -1.10345E-06 -2.75756E-01
3.92667E+01 -2.78000E-01 -1.10130E-06 -2.77735E-01
3.93333E+01 -2.80000E-01 -1.11113E-06 -2.79714E-01
3.94000E+01 -2.82000E-01 -1.12357E-06 -2.81693E-01
3.94667E+01 -2.84000E-01 -1.12465E-06 -2.83672E-01
3.95333E+01 -2.86000E-01 -1.12971E-06 -2.85650E-01
3.96000E+01 -2.88000E-01 -1.13970E-06 -2.87629E-01
3.96667E+01 -2.90000E-01 -1.13893E-06 -2.89760E-01
3.97333E+01 -2.92000E-01 -1.14738E-06 -2.91739E-01
3.98000E+01 -2.94000E-01 -1.15505E-06 -2.93718E-01
3.98667E+01 -2.96000E-01 -1.15168E-06 -2.95697E-01
3.99333E+01 -2.98000E-01 -1.16028E-06 -2.97676E-01
4.00000E+01 -3.00000E-01 -1.16611E-06 -2.99655E-01
4.00667E+01 -3.02000E-01 -1.16396E-06 -3.01634E-01
4.01333E+01 -3.04000E-01 -1.16918E-06 -3.03612E-01
4.02000E+01 -3.06000E-01 -1.17379E-06 -3.05744E-01
4.02667E+01 -3.08000E-01 -1.17118E-06 -3.07722E-01
4.03333E+01 -3.10000E-01 -1.17732E-06 -3.09701E-01
4.04000E+01 -3.12000E-01 -1.18070E-06 -3.11680E-01
4.04667E+01 -3.14000E-01 -1.17579E-06 -3.13811E-01
4.05333E+01 -3.16000E-01 -1.18270E-06 -3.15790E-01
4.06000E+01 -3.18000E-01 -1.18470E-06 -3.17769E-01
4.06667E+01 -3.20000E-01 -1.18009E-06 -3.19748E-01
4.07333E+01 -3.22000E-01 -1.18485E-06 -3.21727E-01
4.08000E+01 -3.24000E-01 -1.18715E-06 -3.23706E-01
4.08667E+01 -3.26000E-01 -1.18193E-06 -3.25837E-01
4.09333E+01 -3.28000E-01 -1.18731E-06 -3.27816E-01
4.10000E+01 -3.30000E-01 -1.18761E-06 -3.29642E-01
4.10667E+01 -3.32000E-01 -1.18055E-06 -3.31621E-01
4.11333E+01 -3.34000E-01 -1.18746E-06 -3.33752E-01
4.12000E+01 -3.36000E-01 -1.18807E-06 -3.35731E-01
4.12667E+01 -3.38000E-01 -1.18193E-06 -3.37710E-01
4.13333E+01 -3.40000E-01 -1.18608E-06 -3.39689E-01
4.14000E+01 -3.42000E-01 -1.18838E-06 -3.41668E-01
4.14667E+01 -3.44000E-01 -1.18270E-06 -3.43647E-01
4.15333E+01 -3.46000E-01 -1.18562E-06 -3.45778E-01
4.16000E+01 -3.48000E-01 -1.18869E-06 -3.47757E-01
4.16667E+01 -3.50000E-01 -1.18162E-06 -3.49735E-01
4.17333E+01 -3.52000E-01 -1.18531E-06 -3.51714E-01
4.18000E+01 -3.54000E-01 -1.18685E-06 -3.53845E-01
4.18667E+01 -3.56000E-01 -1.18070E-06 -3.55824E-01
4.19333E+01 -3.58000E-01 -1.18470E-06 -3.57803E-01
4.20000E+01 -3.60000E-01 -1.18715E-06 -3.59630E-01
4.20667E+01 -3.62000E-01 -1.17993E-06 -3.61761E-01
4.21333E+01 -3.64000E-01 -1.18347E-06 -3.63740E-01
4.22000E+01 -3.66000E-01 -1.18685E-06 -3.65719E-01
4.22667E+01 -3.68000E-01 -1.18393E-06 -3.67850E-01
4.23333E+01 -3.70000E-01 -1.18347E-06 -3.69676E-01
4.24000E+01 -3.72000E-01 -1.18592E-06 -3.71807E-01
4.24667E+01 -3.74000E-01 -1.18347E-06 -3.73786E-01
4.25333E+01 -3.76000E-01 -1.18147E-06 -3.75765E-01
4.26000E+01 -3.78000E-01 -1.18423E-06 -3.77744E-01
4.26667E+01 -3.80000E-01 -1.18592E-06 -3.79723E-01
4.27333E+01 -3.82000E-01 -1.18301E-06 -3.81702E-01
4.28000E+01 -3.84000E-01 -1.18423E-06 -3.83833E-01
4.28667E+01 -3.86000E-01 -1.18946E-06 -3.85812E-01
4.29333E+01 -3.88000E-01 -1.18255E-06 -3.87791E-01
4.30000E+01 -3.90000E-01 -1.18470E-06 -3.89770E-01
4.30667E+01 -3.92000E-01 -1.19161E-06 -3.91901E-01
4.31333E+01 -3.94000E-01 -1.18347E-06 -3.93879E-01
4.32000E+01 -3.96000E-01 -1.18516E-06 -3.95858E-01
4.32667E+01 -3.98000E-01 -1.19284E-06 -3.97837E-01
4.33333E+01 -4.00000E-01 -1.18285E-06 -3.99816E-01
4.34000E+01 -4.02000E-01 -1.18638E-06 -4.01795E-01
4.34667E+01 -4.04000E-01 -1.19575E-06 -4.03926E-01
4.35333E+01 -4.06000E-01 -1.18316E-06 -4.05905E-01
4.36000E+01 -4.08000E-01 -1.18592E-06 -4.07732E-01
4.36667E+01 -4.10000E-01 -1.19775E-06 -4.09710E-01
4.37333E+01 -4.12000E-01 -1.18470E-06 -4.11842E-01
4.38000E+01 -4.14000E-01 -1.18638E-06 -4.13820E-01
4.38667E+01 -4.16000E-01 -1.19621E-06 -4.15799E-01
4.39333E+01 -4.18000E-01 -1.18470E-06 -4.17778E-01
4.40000E+01 -4.20000E-01 -1.18992E-06 -4.19757E-01
4.40667E+01 -4.22000E-01 -1.19499E-06 -4.21736E-01
4.41333E+01 -4.24000E-01 -1.18423E-06 -4.23867E-01
4.42000E+01 -4.26000E-01 -1.18946E-06 -4.25846E-01
4.42667E+01 -4.28000E-01 -1.19499E-06 -4.27825E-01
4.43333E+01 -4.30000E-01 -1.18685E-06 -4.29804E-01
4.44000E+01 -4.32000E-01 -1.19145E-06 -4.31783E-01
4.44667E+01 -4.34000E-01 -1.19652E-06 -4.33914E-01
4.45333E+01 -4.36000E-01 -1.19038E-06 -4.35892E-01
4.46000E+01 -4.38000E-01 -1.19284E-06 -4.37871E-01
4.46667E+01 -4.40000E-01 -1.19637E-06 -4.39850E-01
4.47333E+01 -4.42000E-01 -1.19284E-06 -4.41829E-01
4.48000E+01 -4.44000E-01 -1.19560E-06 -4.43808E-01
4.48667E+01 -4.46000E-01 -1.19683E-06 -4.45939E-01
4.49333E+01 -4.48000E-01 -1.19145E-06 -4.47766E-01
4.50000E+01 -4.50000E-01 -1.19744E-06 -4.49897E-01
4.50667E+01 -4.52000E-01 -1.19867E-06 -4.51876E-01
4.51333E+01 -4.54000E-01 -1.19191E-06 -4.53855E-01
4.52000E+01 -4.56000E-01 -1.20144E-06 -4.55833E-01
4.52667E+01 -4.58000E-01 -1.20128E-06 -4.57812E-01
4.53333E+01 -4.60000E-01 -1.19744E-06 -4.59791E-01
4.54000E+01 -4.62000E-01 -1.20451E-06 -4.61922E-01
4.54667E+01 -4.64000E-01 -1.20466E-06 -4.63901E-01
4.55333E+01 -4.66000E-01 -1.19621E-06 -4.65880E-01
4.56000E+01 -4.68000E-01 -1.20635E-06 -4.67859E-01
4.56667E+01 -4.70000E-01 -1.20604E-06 -4.69990E-01
4.57333E+01 -4.72000E-01 -1.19990E-06 -4.71969E-01
4.58000E+01 -4.74000E-01 -1.20681E-06 -4.73948E-01
4.58667E+01 -4.76000E-01 -1.20896E-06 -4.75927E-01
4.59333E+01 -4.78000E-01 -1.20005E-06 -4.77905E-01
4.60000E+01 -4.80000E-01 -1.21142E-06 -4.79884E-01
4.60667E+01 -4.82000E-01 -1.21050E-06 -4.81863E-01
4.61333E+01 -4.84000E-01 -1.20589E-06 -4.83994E-01
4.62000E+01 -4.86000E-01 -1.21295E-06 -4.85669E-01
4.62667E+01 -4.88000E-01 -1.21388E-06 -4.87648E-01
4.63333E+01 -4.90000E-01 -1.20789E-06 -4.89626E-01
4.64000E+01 -4.92000E-01 -1.21618E-06 -4.91758E-01
4.64667E+01 -4.94000E-01 -1.21802E-06 -4.93736E-01
4.65333E+01 -4.96000E-01 -1.21142E-06 -4.95563E-01
4.66000E+01 -4.98000E-01 -1.21879E-06 -4.97542E-01
4.66667E+01 -5.00000E-01 -1.21956E-06 -4.99673E-01
4.67333E+01 -5.02000E-01 -1.21618E-06 -5.01652E-01
4.68000E+01 -5.04000E-01 -1.22232E-06 -5.03631E-01
4.68667E+01 -5.06000E-01 -1.22432E-06 -5.05762E-01
4.69333E+01 -5.08000E-01 -1.22063E-06 -5.07741E-01
4.70000E+01 -5.10000E-01 -1.22647E-06 -5.09720E-01
4.70667E+01 -5.12000E-01 -1.22816E-06 -5.11851E-01
4.71333E+01 -5.14000E-01 -1.22463E-06 -5.13830E-01
4.72000E+01 -5.16000E-01 -1.22862E-06 -5.15656E-01
4.72667E+01 -5.18000E-01 -1.23077E-06 -5.17787E-01
4.73333E+01 -5.20000E-01 -1.23200E-06 -5.19766E-01
4.74000E+01 -5.22000E-01 -1.23123E-06 -5.21745E-01
4.74667E+01 -5.24000E-01 -1.23476E-06 -5.23724E-01
4.75333E+01 -5.26000E-01 -1.23768E-06 -5.25703E-01
4.76000E+01 -5.28000E-01 -1.23614E-06 -5.27682E-01
4.76667E+01 -5.30000E-01 -1.23753E-06 -5.29813E-01
4.77333E+01 -5.32000E-01 -1.24413E-06 -5.31792E-01
4.78000E+01 -5.34000E-01 -1.23998E-06 -5.33771E-01
4.78667E+01 -5.36000E-01 -1.24321E-06 -5.35749E-01
4.79333E+01 -5.38000E-01 -1.25089E-06 -5.37728E-01
4.80000E+01 -5.40000E-01 -1.24490E-06 -5.39707E-01
4.80667E+01 -5.42000E-01 -1.25058E-06 -5.41686E-01
4.81333E+01 -5.44000E-01 -1.25765E-06 -5.43817E-01
4.82000E+01 -5.46000E-01 -1.24736E-06 -5.45796E-01
4.82667E+01 -5.48000E-01 -1.25304E-06 -5.47775E-01
4.83333E+01 -5.50000E-01 -1.26348E-06 -5.49906E-01
4.84000E+01 -5.52000E-01 -1.25473E-06 -5.51885E-01
4.84667E+01 -5.54000E-01 -1.25811E-06 -5.53712E-01
4.85333E+01 -5.56000E-01 -1.26717E-06 -5.55843E-01
4.86000E+01 -5.58000E-01 -1.25703E-06 -5.57821E-01
4.86667E+01 -5.60000E-01 -1.26118E-06 -5.59800E-01
4.87333E+01 -5.62000E-01 -1.27131E-06 -5.61779E-01
4.88000E+01 -5.64000E-01 -1.26471E-06 -5.63758E-01
4.88667E+01 -5.66000E-01 -1.26916E-06 -5.65737E-01
4.89333E+01 -5.68000E-01 -1.27638E-06 -5.67716E-01
4.90000E+01 -5.70000E-01 -1.26916E-06 -5.69847E-01
4.90667E+01 -5.72000E-01 -1.27592E-06 -5.71826E-01
4.91333E+01 -5.74000E-01 -1.28176E-06 -5.73652E-01
4.92000E+01 -5.76000E-01 -1.27761E-06 -5.75784E-01
4.92667E+01 -5.78000E-01 -1.28375E-06 -5.77762E-01
4.93333E+01 -5.80000E-01 -1.28575E-06 -5.79741E-01
4.94000E+01 -5.82000E-01 -1.28314E-06 -5.81720E-01
4.94667E+01 -5.84000E-01 -1.28913E-06 -5.83851E-01
4.95333E+01 -5.86000E-01 -1.29113E-06 -5.85830E-01
4.96000E+01 -5.88000E-01 -1.29205E-06 -5.87809E-01
4.96667E+01 -5.90000E-01 -1.29558E-06 -5.89788E-01
4.97333E+01 -5.92000E-01 -1.29865E-06 -5.91919E-01
4.98000E+01 -5.94000E-01 -1.29650E-06 -5.93746E-01
4.98667E+01 -5.96000E-01 -1.30541E-06 -5.95724E-01
4.99333E+01 -5.98000E-01 -1.30618E-06 -5.97856E-01
5.00000E+01 -6.00000E-01 -1.30633E-06 -5.99834E-01
5.00667E+01 -6.02000E-01 -1.31309E-06 -6.01813E-01
5.01333E+01 -6.04000E-01 -1.31493E-06 -6.03792E-01
5.02000E+01 -6.06000E-01 -1.31186E-06 -6.05771E-01
5.02667E+01 -6.08000E-01 -1.32077E-06 -6.07902E-01
5.03333E+01 -6.10000E-01 -1.32246E-06 -6.09881E-01
5.04000E+01 -6.12000E-01 -1.32092E-06 -6.11860E-01
5.04667E+01 -6.14000E-01 -1.32921E-06 -6.13839E-01
5.05333E+01 -6.16000E-01 -1.33290E-06 -6.15818E-01
5.06000E+01 -6.18000E-01 -1.32875E-06 -6.17797E-01
5.06667E+01 -6.20000E-01 -1.34012E-06 -6.19775E-01
5.07333E+01 -6.22000E-01 -1.34334E-06 -6.21906E-01
5.08000E+01 -6.24000E-01 -1.34043E-06 -6.23885E-01
5.08667E+01 -6.26000E-01 -1.35010E-06 -6.25864E-01
5.09333E+01 -6.28000E-01 -1.35379E-06 -6.27995E-01
5.10000E+01 -6.30000E-01 -1.34933E-06 -6.29974E-01
5.10667E+01 -6.32000E-01 -1.36024E-06 -6.31801E-01
5.11333E+01 -6.34000E-01 -1.36546E-06 -6.33780E-01
5.12000E+01 -6.36000E-01 -1.36024E-06 -6.35911E-01
5.12667E+01 -6.38000E-01 -1.37283E-06 -6.37890E-01
5.13333E+01 -6.40000E-01 -1.37606E-06 -6.39869E-01
5.14000E+01 -6.42000E-01 -1.37145E-06 -6.41847E-01
5.14667E+01 -6.44000E-01 -1.38558E-06 -6.43674E-01
5.15333E+01 -6.46000E-01 -1.38742E-06 -6.45653E-01
5.16000E+01 -6.48000E-01 -1.38527E-06 -6.47632E-01
5.16667E+01 -6.50000E-01 -1.39602E-06 -6.49611E-01
5.17333E+01 -6.52000E-01 -1.39940E-06 -6.51590E-01
5.18000E+01 -6.54000E-01 -1.39833E-06 -6.53568E-01
5.18667E+01 -6.56000E-01 -1.41138E-06 -6.55547E-01
5.19333E+01 -6.58000E-01 -1.41307E-06 -6.57678E-01
5.20000E+01 -6.60000E-01 -1.41399E-06 -6.59657E-01
5.20667E+01 -6.62000E-01 -1.42259E-06 -6.61636E-01
5.21333E+01 -6.64000E-01 -1.42812E-06 -6.63767E-01
5.22000E+01 -6.66000E-01 -1.43150E-06 -6.65746E-01
5.22667E+01 -6.68000E-01 -1.43826E-06 -6.67725E-01
5.23333E+01 -6.70000E-01 -1.44117E-06 -6.69704E-01
5.24000E+01 -6.72000E-01 -1.44839E-06 -6.71683E-01
5.24667E+01 -6.74000E-01 -1.45131E-06 -6.73662E-01
5.25333E+01 -6.76000E-01 -1.45822E-06 -6.75640E-01
5.26000E+01 -6.78000E-01 -1.46867E-06 -6.77772E-01
5.26667E+01 -6.80000E-01 -1.46851E-06 -6.79750E-01
5.27333E+01 -6.82000E-01 -1.47527E-06 -6.81729E-01
5.28000E+01 -6.84000E-01 -1.48756E-06 -6.83708E-01
5.28667E+01 -6.86000E-01 -1.48571E-06 -6.85687E-01
5.29333E+01 -6.88000E-01 -1.49155E-06 -6.87666E-01
5.30000E+01 -6.90000E-01 -1.50629E-06 -6.89645E-01
5.30667E+01 -6.92000E-01 -1.50599E-06 -6.91624E-01
5.31333E+01 -6.94000E-01 -1.51167E-06 -6.93603E-01
5.32000E+01 -6.96000E-01 -1.52687E-06 -6.95734E-01
5.32667E+01 -6.98000E-01 -1.52227E-06 -6.97713E-01
