time/s      E/V        I/A
0.00000E+00 -7.00000E-01 -1.51628E-06 -6.99691E-01
6.66667E-02 -6.98000E-01 -1.01622E-06 -6.97865E-01
1.33333E-01 -6.96000E-01 -8.63712E-07 -6.95734E-01
2.00000E-01 -6.94000E-01 -7.76172E-07 -6.93755E-01
2.66667E-01 -6.92000E-01 -7.18733E-07 -6.91776E-01
3.33333E-01 -6.90000E-01 -6.60833E-07 -6.89797E-01
4.00000E-01 -6.88000E-01 -6.19673E-07 -6.87818E-01
4.66667E-01 -6.86000E-01 -5.84196E-07 -6.85839E-01
5.33333E-01 -6.84000E-01 -5.47798E-07 -6.83708E-01
6.00000E-01 -6.82000E-01 -5.18003E-07 -6.81729E-01
6.66667E-01 -6.80000E-01 -4.95427E-07 -6.79750E-01
7.33333E-01 -6.78000E-01 -4.65786E-07 -6.77772E-01
8.00000E-01 -6.76000E-01 -4.45359E-07 -6.75793E-01
8.66667E-01 -6.74000E-01 -4.26469E-07 -6.73814E-01
9.33333E-01 -6.72000E-01 -4.01743E-07 -6.71683E-01
1.00000E+00 -6.70000E-01 -3.85770E-07 -6.69856E-01
1.06667E+00 -6.68000E-01 -3.71027E-07 -6.67877E-01
1.13333E+00 -6.66000E-01 -3.50140E-07 -6.65746E-01
1.20000E+00 -6.64000E-01 -3.37853E-07 -6.63767E-01
1.26667E+00 -6.62000E-01 -3.22956E-07 -6.61788E-01
1.33333E+00 -6.60000E-01 -3.08059E-07 -6.59810E-01
1.40000E+00 -6.58000E-01 -2.95311E-07 -6.57678E-01
1.46667E+00 -6.56000E-01 -2.84868E-07 -6.55700E-01
1.53333E+00 -6.54000E-01 -2.68435E-07 -6.53721E-01
1.60000E+00 -6.52000E-01 -2.60602E-07 -6.51590E-01
1.66667E+00 -6.50000E-01 -2.49237E-07 -6.49763E-01
1.73333E+00 -6.48000E-01 -2.34494E-07 -6.47784E-01
1.80000E+00 -6.46000E-01 -2.29886E-07 -6.45653E-01
1.86667E+00 -6.44000E-01 -2.18521E-07 -6.43674E-01
1.93333E+00 -6.42000E-01 -2.05620E-07 -6.41847E-01
2.00000E+00 -6.40000E-01 -1.99016E-07 -6.40021E-01
2.06667E+00 -6.38000E-01 -1.92105E-07 -6.38042E-01
2.13333E+00 -6.36000E-01 -1.79665E-07 -6.35911E-01
2.20000E+00 -6.34000E-01 -1.72601E-07 -6.33932E-01
2.26667E+00 -6.32000E-01 -1.67840E-07 -6.31953E-01
2.33333E+00 -6.30000E-01 -1.54325E-07 -6.29974E-01
2.40000E+00 -6.28000E-01 -1.50946E-07 -6.27995E-01
2.46667E+00 -6.26000E-01 -1.43574E-07 -6.26016E-01
2.53333E+00 -6.24000E-01 -1.32823E-07 -6.24038E-01
2.60000E+00 -6.22000E-01 -1.28216E-07 -6.21906E-01
2.66667E+00 -6.20000E-01 -1.22994E-07 -6.19928E-01
2.73333E+00 -6.18000E-01 -1.11629E-07 -6.17949E-01
2.80000E+00 -6.16000E-01 -1.08558E-07 -6.15818E-01
2.86667E+00 -6.14000E-01 -1.03489E-07 -6.13839E-01
2.93333E+00 -6.12000E-01 -9.47354E-08 -6.11860E-01
3.00000E+00 -6.10000E-01 -9.07423E-08 -6.09881E-01
3.06667E+00 -6.08000E-01 -8.59813E-08 -6.07902E-01
3.13333E+00 -6.06000E-01 -7.66129E-08 -6.05923E-01
3.20000E+00 -6.04000E-01 -7.50771E-08 -6.03944E-01
3.26667E+00 -6.02000E-01 -6.86267E-08 -6.01966E-01
3.33333E+00 -6.00000E-01 -6.01798E-08 -5.99987E-01
3.40000E+00 -5.98000E-01 -5.75690E-08 -5.97856E-01
3.46667E+00 -5.96000E-01 -5.29615E-08 -5.95877E-01
3.53333E+00 -5.94000E-01 -4.42075E-08 -5.93898E-01
3.60000E+00 -5.92000E-01 -4.20573E-08 -5.91919E-01
3.66667E+00 -5.90000E-01 -3.80642E-08 -5.89940E-01
3.73333E+00 -5.88000E-01 -3.05388E-08 -5.87961E-01
3.80000E+00 -5.86000E-01 -2.71600E-08 -5.85830E-01
3.86667E+00 -5.84000E-01 -2.42420E-08 -5.83851E-01
3.93333E+00 -5.82000E-01 -1.71773E-08 -5.81872E-01
4.00000E+00 -5.80000E-01 -1.37985E-08 -5.79894E-01
4.06667E+00 -5.78000E-01 -8.57681E-09 -5.77915E-01
4.13333E+00 -5.76000E-01 -6.42669E-09 -5.75784E-01
4.20000E+00 -5.74000E-01 3.30847E-10  -5.73805E-01
4.26667E+00 -5.72000E-01 3.24887E-09  -5.71978E-01
4.33333E+00 -5.70000E-01 5.39900E-09  -5.69847E-01
4.40000E+00 -5.68000E-01 1.20030E-08  -5.67868E-01
4.46667E+00 -5.66000E-01 1.67639E-08  -5.65737E-01
4.53333E+00 -5.64000E-01 1.59960E-08  -5.63758E-01
4.60000E+00 -5.62000E-01 2.62859E-08  -5.61931E-01
4.66667E+00 -5.60000E-01 2.87432E-08  -5.59953E-01
4.73333E+00 -5.58000E-01 3.01254E-08  -5.57821E-01
4.80000E+00 -5.56000E-01 3.76509E-08  -5.55843E-01
4.86667E+00 -5.54000E-01 4.07225E-08  -5.53864E-01
4.93333E+00 -5.52000E-01 4.17976E-08  -5.51885E-01
5.00000E+00 -5.50000E-01 4.99373E-08  -5.49906E-01
5.06667E+00 -5.48000E-01 5.13195E-08  -5.47927E-01
5.13333E+00 -5.46000E-01 5.31625E-08  -5.45948E-01
5.20000E+00 -5.44000E-01 6.20702E-08  -5.43969E-01
5.26667E+00 -5.42000E-01 6.34524E-08  -5.41838E-01
5.33333E+00 -5.40000E-01 6.45274E-08  -5.39859E-01
5.40000E+00 -5.38000E-01 6.65240E-08  -5.37881E-01
5.46667E+00 -5.36000E-01 7.58924E-08  -5.35749E-01
5.53333E+00 -5.34000E-01 7.97319E-08  -5.33923E-01
5.60000E+00 -5.32000E-01 8.40322E-08  -5.31944E-01
5.66667E+00 -5.30000E-01 8.64894E-08  -5.29965E-01
5.73333E+00 -5.28000E-01 9.81616E-08  -5.27834E-01
5.80000E+00 -5.26000E-01 9.55507E-08  -5.25855E-01
5.86667E+00 -5.24000E-01 9.80080E-08  -5.23876E-01
5.93333E+00 -5.22000E-01 1.01387E-07  -5.21897E-01
6.00000E+00 -5.20000E-01 1.05533E-07  -5.19918E-01
6.06667E+00 -5.18000E-01 1.07837E-07  -5.17787E-01
6.13333E+00 -5.16000E-01 1.10602E-07  -5.15808E-01
6.20000E+00 -5.14000E-01 1.17052E-07  -5.13982E-01
6.26667E+00 -5.12000E-01 1.17666E-07  -5.11851E-01
6.33333E+00 -5.10000E-01 1.21199E-07  -5.09872E-01
6.40000E+00 -5.08000E-01 1.30874E-07  -5.07893E-01
6.46667E+00 -5.06000E-01 1.30106E-07  -5.05762E-01
6.53333E+00 -5.04000E-01 1.33331E-07  -5.03783E-01
6.60000E+00 -5.02000E-01 1.39935E-07  -5.01804E-01
6.66667E+00 -5.00000E-01 1.38707E-07  -4.99825E-01
6.73333E+00 -4.98000E-01 1.43314E-07  -4.97694E-01
6.80000E+00 -4.96000E-01 1.49457E-07  -4.95715E-01
6.86667E+00 -4.94000E-01 1.50225E-07  -4.93889E-01
6.93333E+00 -4.92000E-01 1.53604E-07  -4.91758E-01
7.00000E+00 -4.90000E-01 1.61744E-07  -4.89779E-01
7.06667E+00 -4.88000E-01 1.61283E-07  -4.87800E-01
7.13333E+00 -4.86000E-01 1.64662E-07  -4.85669E-01
7.20000E+00 -4.84000E-01 1.70651E-07  -4.83994E-01
7.26667E+00 -4.82000E-01 1.71573E-07  -4.82015E-01
7.33333E+00 -4.80000E-01 1.74491E-07  -4.80037E-01
7.40000E+00 -4.78000E-01 1.82324E-07  -4.77905E-01
7.46667E+00 -4.76000E-01 1.79559E-07  -4.75927E-01
7.53333E+00 -4.74000E-01 1.85242E-07  -4.74100E-01
7.60000E+00 -4.72000E-01 1.91538E-07  -4.71969E-01
7.66667E+00 -4.70000E-01 1.92306E-07  -4.69990E-01
7.73333E+00 -4.68000E-01 1.94149E-07  -4.68011E-01
7.80000E+00 -4.66000E-01 1.99371E-07  -4.66032E-01
7.86667E+00 -4.64000E-01 2.02596E-07  -4.63901E-01
7.93333E+00 -4.62000E-01 2.06282E-07  -4.61922E-01
8.00000E+00 -4.60000E-01 2.12733E-07  -4.59943E-01
8.06667E+00 -4.58000E-01 2.13193E-07  -4.57965E-01
8.13333E+00 -4.56000E-01 2.16111E-07  -4.55986E-01
8.20000E+00 -4.54000E-01 2.23790E-07  -4.54007E-01
8.26667E+00 -4.52000E-01 2.21640E-07  -4.52028E-01
8.33333E+00 -4.50000E-01 2.25326E-07  -4.49897E-01
8.40000E+00 -4.48000E-01 2.33927E-07  -4.47918E-01
8.46667E+00 -4.46000E-01 2.32698E-07  -4.45939E-01
8.53333E+00 -4.44000E-01 2.35309E-07  -4.43960E-01
8.60000E+00 -4.42000E-01 2.44677E-07  -4.41981E-01
8.66667E+00 -4.40000E-01 2.43141E-07  -4.40002E-01
8.73333E+00 -4.38000E-01 2.47135E-07  -4.37871E-01
8.80000E+00 -4.36000E-01 2.50667E-07  -4.36045E-01
8.86667E+00 -4.34000E-01 2.54660E-07  -4.33914E-01
8.93333E+00 -4.32000E-01 2.55735E-07  -4.31935E-01
9.00000E+00 -4.30000E-01 2.61264E-07  -4.29956E-01
9.06667E+00 -4.28000E-01 2.63721E-07  -4.27977E-01
9.13333E+00 -4.26000E-01 2.66178E-07  -4.25846E-01
9.20000E+00 -4.24000E-01 2.70018E-07  -4.23867E-01
9.26667E+00 -4.22000E-01 2.75393E-07  -4.21888E-01
9.33333E+00 -4.20000E-01 2.76929E-07  -4.19909E-01
9.40000E+00 -4.18000E-01 2.80461E-07  -4.17778E-01
9.46667E+00 -4.16000E-01 2.86298E-07  -4.15952E-01
9.53333E+00 -4.14000E-01 2.90444E-07  -4.13973E-01
9.60000E+00 -4.12000E-01 2.89983E-07  -4.11842E-01
9.66667E+00 -4.10000E-01 2.98738E-07  -4.09863E-01
9.73333E+00 -4.08000E-01 2.99352E-07  -4.07884E-01
9.80000E+00 -4.06000E-01 3.01195E-07  -4.05905E-01
9.86667E+00 -4.04000E-01 3.09181E-07  -4.03926E-01
9.93333E+00 -4.02000E-01 3.11178E-07  -4.01947E-01
1.00000E+01 -4.00000E-01 3.13481E-07  -3.99968E-01
1.00667E+01 -3.98000E-01 3.21467E-07  -3.97837E-01
1.01333E+01 -3.96000E-01 3.22542E-07  -3.96011E-01
1.02000E+01 -3.94000E-01 3.25614E-07  -3.94032E-01
1.02667E+01 -3.92000E-01 3.30682E-07  -3.91901E-01
1.03333E+01 -3.90000E-01 3.34215E-07  -3.89922E-01
1.04000E+01 -3.88000E-01 3.37747E-07  -3.87943E-01
1.04667E+01 -3.86000E-01 3.42662E-07  -3.85812E-01
1.05333E+01 -3.84000E-01 3.43890E-07  -3.83833E-01
1.06000E+01 -3.82000E-01 3.52030E-07  -3.81854E-01
1.06667E+01 -3.80000E-01 3.54334E-07  -3.79875E-01
1.07333E+01 -3.78000E-01 3.57866E-07  -3.77896E-01
1.08000E+01 -3.76000E-01 3.63241E-07  -3.75917E-01
1.08667E+01 -3.74000E-01 3.69538E-07  -3.73939E-01
1.09333E+01 -3.72000E-01 3.69385E-07  -3.71807E-01
1.10000E+01 -3.70000E-01 3.75528E-07  -3.69829E-01
1.10667E+01 -3.68000E-01 3.81517E-07  -3.67850E-01
1.11333E+01 -3.66000E-01 3.81210E-07  -3.65871E-01
1.12000E+01 -3.64000E-01 3.87353E-07  -3.63892E-01
1.12667E+01 -3.62000E-01 3.93650E-07  -3.61761E-01
1.13333E+01 -3.60000E-01 3.93497E-07  -3.59782E-01
1.14000E+01 -3.58000E-01 4.00715E-07  -3.57955E-01
1.14667E+01 -3.56000E-01 4.06090E-07  -3.55824E-01
1.15333E+01 -3.54000E-01 4.06397E-07  -3.53845E-01
1.16000E+01 -3.52000E-01 4.12848E-07  -3.51867E-01
1.16667E+01 -3.50000E-01 4.19298E-07  -3.49888E-01
1.17333E+01 -3.48000E-01 4.19298E-07  -3.47757E-01
1.18000E+01 -3.46000E-01 4.25749E-07  -3.45778E-01
1.18667E+01 -3.44000E-01 4.32813E-07  -3.43799E-01
1.19333E+01 -3.42000E-01 4.34349E-07  -3.41820E-01
1.20000E+01 -3.40000E-01 4.37574E-07  -3.39689E-01
1.20667E+01 -3.38000E-01 4.45100E-07  -3.37862E-01
1.21333E+01 -3.36000E-01 4.47710E-07  -3.35731E-01
1.22000E+01 -3.34000E-01 4.53854E-07  -3.33752E-01
1.22667E+01 -3.32000E-01 4.59075E-07  -3.31773E-01
1.23333E+01 -3.30000E-01 4.61379E-07  -3.29794E-01
1.24000E+01 -3.28000E-01 4.66294E-07  -3.27816E-01
1.24667E+01 -3.26000E-01 4.75201E-07  -3.25837E-01
1.25333E+01 -3.24000E-01 4.74126E-07  -3.23858E-01
1.26000E+01 -3.22000E-01 4.81498E-07  -3.21727E-01
1.26667E+01 -3.20000E-01 4.88716E-07  -3.19748E-01
1.27333E+01 -3.18000E-01 4.89177E-07  -3.17921E-01
1.28000E+01 -3.16000E-01 4.94399E-07  -3.15942E-01
1.28667E+01 -3.14000E-01 5.04842E-07  -3.13811E-01
1.29333E+01 -3.12000E-01 5.03614E-07  -3.11832E-01
1.30000E+01 -3.10000E-01 5.11293E-07  -3.09854E-01
1.30667E+01 -3.08000E-01 5.18665E-07  -3.07722E-01
1.31333E+01 -3.06000E-01 5.20661E-07  -3.05744E-01
1.32000E+01 -3.04000E-01 5.26036E-07  -3.03765E-01
1.32667E+01 -3.02000E-01 5.35098E-07  -3.01786E-01
1.33333E+01 -3.00000E-01 5.35405E-07  -2.99807E-01
1.34000E+01 -2.98000E-01 5.42162E-07  -2.97828E-01
1.34667E+01 -2.96000E-01 5.48459E-07  -2.95849E-01
1.35333E+01 -2.94000E-01 5.50917E-07  -2.93718E-01
1.36000E+01 -2.92000E-01 5.57674E-07  -2.91739E-01
1.36667E+01 -2.90000E-01 5.63817E-07  -2.89760E-01
1.37333E+01 -2.88000E-01 5.67350E-07  -2.87781E-01
1.38000E+01 -2.86000E-01 5.74875E-07  -2.85803E-01
1.38667E+01 -2.84000E-01 5.78100E-07  -2.83824E-01
1.39333E+01 -2.82000E-01 5.85626E-07  -2.81693E-01
1.40000E+01 -2.80000E-01 5.90540E-07  -2.79866E-01
1.40667E+01 -2.78000E-01 5.94533E-07  -2.77887E-01
1.41333E+01 -2.76000E-01 6.00369E-07  -2.75756E-01
1.42000E+01 -2.74000E-01 6.08509E-07  -2.73777E-01
1.42667E+01 -2.72000E-01 6.09891E-07  -2.71646E-01
1.43333E+01 -2.70000E-01 6.20181E-07  -2.69667E-01
1.44000E+01 -2.68000E-01 6.25403E-07  -2.67688E-01
1.44667E+01 -2.66000E-01 6.29396E-07  -2.65709E-01
1.45333E+01 -2.64000E-01 6.36461E-07  -2.63731E-01
1.46000E+01 -2.62000E-01 6.43679E-07  -2.61599E-01
1.46667E+01 -2.60000E-01 6.46904E-07  -2.59773E-01
1.47333E+01 -2.58000E-01 6.56733E-07  -2.57794E-01
1.48000E+01 -2.56000E-01 6.61955E-07  -2.55663E-01
1.48667E+01 -2.54000E-01 6.65948E-07  -2.53684E-01
1.49333E+01 -2.52000E-01 6.75777E-07  -2.51705E-01
1.50000E+01 -2.50000E-01 6.81306E-07  -2.49878E-01
1.50667E+01 -2.48000E-01 6.84378E-07  -2.47747E-01
1.51333E+01 -2.46000E-01 6.91596E-07  -2.45769E-01
1.52000E+01 -2.44000E-01 6.96664E-07  -2.43790E-01
1.52667E+01 -2.42000E-01 7.04190E-07  -2.41811E-01
1.53333E+01 -2.40000E-01 7.09565E-07  -2.39832E-01
1.54000E+01 -2.38000E-01 7.15862E-07  -2.37853E-01
1.54667E+01 -2.36000E-01 7.22927E-07  -2.35722E-01
1.55333E+01 -2.34000E-01 7.28148E-07  -2.33743E-01
1.56000E+01 -2.32000E-01 7.33216E-07  -2.31764E-01
1.56667E+01 -2.30000E-01 7.41203E-07  -2.29785E-01
1.57333E+01 -2.28000E-01 7.46424E-07  -2.27654E-01
1.58000E+01 -2.26000E-01 7.50571E-07  -2.25675E-01
1.58667E+01 -2.24000E-01 7.57789E-07  -2.23696E-01
1.59333E+01 -2.22000E-01 7.65008E-07  -2.21718E-01
1.60000E+01 -2.20000E-01 7.66543E-07  -2.19739E-01
1.60667E+01 -2.18000E-01 7.77140E-07  -2.17760E-01
1.61333E+01 -2.16000E-01 7.81287E-07  -2.15781E-01
1.62000E+01 -2.14000E-01 7.86662E-07  -2.13650E-01
1.62667E+01 -2.12000E-01 7.93420E-07  -2.11823E-01
1.63333E+01 -2.10000E-01 8.01560E-07  -2.09692E-01
1.64000E+01 -2.08000E-01 8.02020E-07  -2.07713E-01
1.64667E+01 -2.06000E-01 8.12003E-07  -2.05734E-01
1.65333E+01 -2.04000E-01 8.17993E-07  -2.03603E-01
1.66000E+01 -2.02000E-01 8.21525E-07  -2.01777E-01
1.66667E+01 -2.00000E-01 8.31201E-07  -1.99798E-01
1.67333E+01 -1.98000E-01 8.35655E-07  -1.97667E-01
1.68000E+01 -1.96000E-01 8.39187E-07  -1.95688E-01
1.68667E+01 -1.94000E-01 8.48095E-07  -1.93709E-01
1.69333E+01 -1.92000E-01 8.54391E-07  -1.91730E-01
1.70000E+01 -1.90000E-01 8.58231E-07  -1.89599E-01
1.70667E+01 -1.88000E-01 8.65756E-07  -1.87620E-01
1.71333E+01 -1.86000E-01 8.73896E-07  -1.85641E-01
1.72000E+01 -1.84000E-01 8.76968E-07  -1.83662E-01
1.72667E+01 -1.82000E-01 8.87258E-07  -1.81683E-01
1.73333E+01 -1.80000E-01 8.92172E-07  -1.79705E-01
1.74000E+01 -1.78000E-01 8.94629E-07  -1.77574E-01
1.74667E+01 -1.76000E-01 9.04305E-07  -1.75595E-01
1.75333E+01 -1.74000E-01 9.11216E-07  -1.73768E-01
1.76000E+01 -1.72000E-01 9.14134E-07  -1.71941E-01
1.76667E+01 -1.70000E-01 9.24117E-07  -1.69810E-01
1.77333E+01 -1.68000E-01 9.30260E-07  -1.67831E-01
1.78000E+01 -1.66000E-01 9.35943E-07  -1.65853E-01
1.78667E+01 -1.64000E-01 9.42546E-07  -1.63874E-01
1.79333E+01 -1.62000E-01 9.50533E-07  -1.61895E-01
1.80000E+01 -1.60000E-01 9.53604E-07  -1.59916E-01
1.80667E+01 -1.58000E-01 9.62205E-07  -1.57937E-01
1.81333E+01 -1.56000E-01 9.67580E-07  -1.55806E-01
1.82000E+01 -1.54000E-01 9.73570E-07  -1.53827E-01
1.82667E+01 -1.52000E-01 9.80481E-07  -1.51848E-01
1.83333E+01 -1.50000E-01 9.86470E-07  -1.49869E-01
1.84000E+01 -1.48000E-01 9.89389E-07  -1.47738E-01
1.84667E+01 -1.46000E-01 9.99064E-07  -1.45759E-01
1.85333E+01 -1.44000E-01 1.00214E-06  -1.43933E-01
1.86000E+01 -1.42000E-01 1.00797E-06  -1.41802E-01
1.86667E+01 -1.40000E-01 1.01504E-06  -1.39823E-01
1.87333E+01 -1.38000E-01 1.01565E-06  -1.37844E-01
1.88000E+01 -1.36000E-01 1.02348E-06  -1.35713E-01
1.88667E+01 -1.34000E-01 1.02978E-06  -1.33886E-01
1.89333E+01 -1.32000E-01 1.02963E-06  -1.31755E-01
1.90000E+01 -1.30000E-01 1.03715E-06  -1.29776E-01
1.90667E+01 -1.28000E-01 1.04299E-06  -1.27797E-01
1.91333E+01 -1.26000E-01 1.04237E-06  -1.25818E-01
1.92000E+01 -1.24000E-01 1.04836E-06  -1.23840E-01
1.92667E+01 -1.22000E-01 1.05420E-06  -1.21861E-01
1.93333E+01 -1.20000E-01 1.05190E-06  -1.19730E-01
1.94000E+01 -1.18000E-01 1.06080E-06  -1.17751E-01
1.94667E+01 -1.16000E-01 1.06372E-06  -1.15772E-01
1.95333E+01 -1.14000E-01 1.06203E-06  -1.13793E-01
1.96000E+01 -1.12000E-01 1.06679E-06  -1.11814E-01
1.96667E+01 -1.10000E-01 1.07155E-06  -1.09683E-01
1.97333E+01 -1.08000E-01 1.06940E-06  -1.07704E-01
1.98000E+01 -1.06000E-01 1.07432E-06  -1.05725E-01
1.98667E+01 -1.04000E-01 1.07708E-06  -1.03746E-01
1.99333E+01 -1.02000E-01 1.07862E-06  -1.01767E-01
2.00000E+01 -1.00000E-01 1.08015E-06  -9.97886E-02
2.00667E+01 -9.80000E-02 1.08415E-06  -9.76575E-02
2.01333E+01 -9.60000E-02 1.08430E-06  -9.56786E-02
2.02000E+01 -9.40000E-02 1.08614E-06  -9.38520E-02
2.02667E+01 -9.20000E-02 1.08707E-06  -9.18731E-02
2.03333E+01 -9.00000E-02 1.08998E-06  -8.97420E-02
2.04000E+01 -8.80000E-02 1.09167E-06  -8.77631E-02
2.04667E+01 -8.60000E-02 1.09213E-06  -8.57843E-02
2.05333E+01 -8.40000E-02 1.09290E-06  -8.38054E-02
2.06000E+01 -8.20000E-02 1.09567E-06  -8.18265E-02
2.06667E+01 -8.00000E-02 1.09674E-06  -7.98477E-02
2.07333E+01 -7.80000E-02 1.09997E-06  -7.77166E-02
2.08000E+01 -7.60000E-02 1.09966E-06  -7.57377E-02
2.08667E+01 -7.40000E-02 1.10258E-06  -7.37588E-02
2.09333E+01 -7.20000E-02 1.10350E-06  -7.17799E-02
2.10000E+01 -7.00000E-02 1.10688E-06  -6.96489E-02
2.10667E+01 -6.80000E-02 1.10718E-06  -6.76700E-02
2.11333E+01 -6.60000E-02 1.10887E-06  -6.58433E-02
2.12000E+01 -6.40000E-02 1.11195E-06  -6.37122E-02
2.12667E+01 -6.20000E-02 1.11271E-06  -6.17334E-02
2.13333E+01 -6.00000E-02 1.11456E-06  -5.97545E-02
2.14000E+01 -5.80000E-02 1.11855E-06  -5.77756E-02
2.14667E+01 -5.60000E-02 1.12009E-06  -5.57967E-02
2.15333E+01 -5.40000E-02 1.12362E-06  -5.38179E-02
2.16000E+01 -5.20000E-02 1.12515E-06  -5.16868E-02
2.16667E+01 -5.00000E-02 1.12746E-06  -4.97079E-02
2.17333E+01 -4.80000E-02 1.12884E-06  -4.77290E-02
2.18000E+01 -4.60000E-02 1.13375E-06  -4.57502E-02
2.18667E+01 -4.40000E-02 1.13375E-06  -4.37713E-02
2.19333E+01 -4.20000E-02 1.13867E-06  -4.17924E-02
2.20000E+01 -4.00000E-02 1.14266E-06  -3.98135E-02
2.20667E+01 -3.80000E-02 1.14220E-06  -3.76825E-02
2.21333E+01 -3.60000E-02 1.14773E-06  -3.57036E-02
2.22000E+01 -3.40000E-02 1.15188E-06  -3.37247E-02
2.22667E+01 -3.20000E-02 1.15280E-06  -3.15936E-02
2.23333E+01 -3.00000E-02 1.15725E-06  -2.96147E-02
2.24000E+01 -2.80000E-02 1.16155E-06  -2.76359E-02
2.24667E+01 -2.60000E-02 1.16309E-06  -2.58092E-02
2.25333E+01 -2.40000E-02 1.16693E-06  -2.36781E-02
2.26000E+01 -2.20000E-02 1.17184E-06  -2.16993E-02
2.26667E+01 -2.00000E-02 1.17184E-06  -1.97204E-02
2.27333E+01 -1.80000E-02 1.17799E-06  -1.77415E-02
2.28000E+01 -1.60000E-02 1.18259E-06  -1.59149E-02
2.28667E+01 -1.40000E-02 1.18413E-06  -1.39360E-02
2.29333E+01 -1.20000E-02 1.18981E-06  -1.19571E-02
2.30000E+01 -1.00000E-02 1.19411E-06  -9.97824E-03
2.30667E+01 -8.00000E-03 1.19749E-06  -7.99936E-03
2.31333E+01 -6.00000E-03 1.20256E-06  -6.02049E-03
2.32000E+01 -4.00000E-03 1.20502E-06  -4.04162E-03
2.32667E+01 -2.00000E-03 1.20855E-06  -1.91053E-03
2.33333E+01 1.45825E-17  1.21561E-06  6.83472E-05 
2.34000E+01 2.00000E-03  1.21577E-06  2.04722E-03 
2.34667E+01 4.00000E-03  1.21976E-06  4.02609E-03 
2.35333E+01 6.00000E-03  1.22943E-06  6.00496E-03 
2.36000E+01 8.00000E-03  1.22775E-06  8.13606E-03 
2.36667E+01 1.00000E-02  1.23711E-06  1.01149E-02 
2.37333E+01 1.20000E-02  1.24234E-06  1.20938E-02 
2.38000E+01 1.40000E-02  1.24218E-06  1.40727E-02 
2.38667E+01 1.60000E-02  1.25124E-06  1.60515E-02 
2.39333E+01 1.80000E-02  1.25846E-06  1.80304E-02 
2.40000E+01 2.00000E-02  1.25539E-06  2.00093E-02 
2.40667E+01 2.20000E-02  1.26814E-06  2.19882E-02 
2.41333E+01 2.40000E-02  1.27167E-06  2.39670E-02 
2.42000E+01 2.60000E-02  1.27167E-06  2.60981E-02 
2.42667E+01 2.80000E-02  1.28119E-06  2.80770E-02 
2.43333E+01 3.00000E-02  1.28902E-06  3.00559E-02 
2.44000E+01 3.20000E-02  1.28749E-06  3.20347E-02 
2.44667E+01 3.40000E-02  1.29824E-06  3.40136E-02 
2.45333E+01 3.60000E-02  1.30438E-06  3.59925E-02 
2.46000E+01 3.80000E-02  1.30653E-06  3.79714E-02 
2.46667E+01 4.00000E-02  1.31605E-06  4.01025E-02 
2.47333E+01 4.20000E-02  1.32312E-06  4.20813E-02 
2.48000E+01 4.40000E-02  1.32435E-06  4.40602E-02 
2.48667E+01 4.60000E-02  1.33525E-06  4.60391E-02 
2.49333E+01 4.80000E-02  1.34139E-06  4.81702E-02 
2.50000E+01 5.00000E-02  1.34569E-06  5.01490E-02 
2.50667E+01 5.20000E-02  1.35307E-06  5.19757E-02 
2.51333E+01 5.40000E-02  1.36013E-06  5.41068E-02 
2.52000E+01 5.60000E-02  1.36443E-06  5.60857E-02 
2.52667E+01 5.80000E-02  1.37288E-06  5.80645E-02 
2.53333E+01 6.00000E-02  1.37979E-06  6.00434E-02 
2.54000E+01 6.20000E-02  1.38332E-06  6.20223E-02 
2.54667E+01 6.40000E-02  1.39392E-06  6.40012E-02 
2.55333E+01 6.60000E-02  1.40068E-06  6.59800E-02 
2.56000E+01 6.80000E-02  1.40621E-06  6.81111E-02 
2.56667E+01 7.00000E-02  1.41496E-06  7.00900E-02 
2.57333E+01 7.20000E-02  1.42249E-06  7.20689E-02 
2.58000E+01 7.40000E-02  1.43016E-06  7.40477E-02 
2.58667E+01 7.60000E-02  1.43830E-06  7.60266E-02 
2.59333E+01 7.80000E-02  1.44982E-06  7.80055E-02 
2.60000E+01 8.00000E-02  1.45689E-06  7.99844E-02 
2.60667E+01 8.20000E-02  1.46779E-06  8.21154E-02 
2.61333E+01 8.40000E-02  1.47916E-06  8.40943E-02 
2.62000E+01 8.60000E-02  1.49098E-06  8.60732E-02 
2.62667E+01 8.80000E-02  1.50404E-06  8.82043E-02 
2.63333E+01 9.00000E-02  1.51602E-06  9.00309E-02 
2.64000E+01 9.20000E-02  1.52922E-06  9.20098E-02 
2.64667E+01 9.40000E-02  1.54305E-06  9.41409E-02 
2.65333E+01 9.60000E-02  1.55410E-06  9.61198E-02 
2.66000E+01 9.80000E-02  1.56562E-06  9.80986E-02 
2.66667E+01 1.00000E-01  1.57822E-06  1.00078E-01 
2.67333E+01 9.80000E-02  9.69269E-07  9.82509E-02 
2.68000E+01 9.60000E-02  7.61782E-07  9.62720E-02 
2.68667E+01 9.40000E-02  6.36614E-07  9.42931E-02 
2.69333E+01 9.20000E-02  5.43391E-07  9.23142E-02 
2.70000E+01 9.00000E-02  4.69212E-07  9.01832E-02 
2.70667E+01 8.80000E-02  4.11619E-07  8.83565E-02 
2.71333E+01 8.60000E-02  3.58787E-07  8.63776E-02 
2.72000E+01 8.40000E-02  3.11485E-07  8.42465E-02 
2.72667E+01 8.20000E-02  2.74779E-07  8.22677E-02 
2.73333E+01 8.00000E-02  2.35770E-07  8.02888E-02 
2.74000E+01 7.80000E-02  2.02750E-07  7.83099E-02 
2.74667E+01 7.60000E-02  1.73262E-07  7.61788E-02 
2.75333E+01 7.40000E-02  1.46693E-07  7.42000E-02 
2.76000E+01 7.20000E-02  1.19663E-07  7.22211E-02 
2.76667E+01 7.00000E-02  9.70865E-08  7.02422E-02 
2.77333E+01 6.80000E-02  7.40494E-08  6.82633E-02 
2.78000E+01 6.60000E-02  5.40840E-08  6.62845E-02 
2.78667E+01 6.40000E-02  3.45793E-08  6.41534E-02 
2.79333E+01 6.20000E-02  1.67639E-08  6.21745E-02 
2.80000E+01 6.00000E-02  -2.28002E-09 6.01956E-02 
2.80667E+01 5.80000E-02  -1.87131E-08 5.82168E-02 
2.81333E+01 5.60000E-02  -3.43783E-08 5.62379E-02 
2.82000E+01 5.40000E-02  -4.85077E-08 5.42590E-02 
2.82667E+01 5.20000E-02  -6.44801E-08 5.22801E-02 
2.83333E+01 5.00000E-02  -7.50771E-08 5.03013E-02 
2.84000E+01 4.80000E-02  -8.69028E-08 4.83224E-02 
2.84667E+01 4.60000E-02  -1.04257E-07 4.63435E-02 
2.85333E+01 4.40000E-02  -1.11936E-07 4.42124E-02 
2.86000E+01 4.20000E-02  -1.20844E-07 4.22336E-02 
2.86667E+01 4.00000E-02  -1.39120E-07 4.02547E-02 
2.87333E+01 3.80000E-02  -1.43113E-07 3.82758E-02 
2.88000E+01 3.60000E-02  -1.52328E-07 3.61447E-02 
2.88667E+01 3.40000E-02  -1.67686E-07 3.41658E-02 
2.89333E+01 3.20000E-02  -1.71372E-07 3.21870E-02 
2.90000E+01 3.00000E-02  -1.78283E-07 3.02081E-02 
2.90667E+01 2.80000E-02  -1.93948E-07 2.82292E-02 
2.91333E+01 2.60000E-02  -1.95791E-07 2.62504E-02 
2.92000E+01 2.40000E-02  -2.01935E-07 2.41193E-02 
2.92667E+01 2.20000E-02  -2.16985E-07 2.21404E-02 
2.93333E+01 2.00000E-02  -2.18521E-07 2.01615E-02 
2.94000E+01 1.80000E-02  -2.24972E-07 1.81826E-02 
2.94667E+01 1.60000E-02  -2.37565E-07 1.62038E-02 
2.95333E+01 1.40000E-02  -2.39869E-07 1.42249E-02 
2.96000E+01 1.20000E-02  -2.46319E-07 1.20938E-02 
2.96667E+01 1.00000E-02  -2.55841E-07 1.02672E-02 
2.97333E+01 8.00000E-03  -2.58759E-07 8.28828E-03 
2.98000E+01 6.00000E-03  -2.64288E-07 6.15719E-03 
2.98667E+01 4.00000E-03  -2.72889E-07 4.17831E-03 
2.99333E+01 2.00000E-03  -2.74271E-07 2.19944E-03 
3.00000E+01 1.45825E-17  -2.81950E-07 2.20568E-04 
3.00667E+01 -2.00000E-03 -2.89475E-07 -1.91053E-03
3.01333E+01 -4.00000E-03 -2.92701E-07 -3.88940E-03
3.02000E+01 -6.00000E-03 -2.98690E-07 -5.86827E-03
3.02667E+01 -8.00000E-03 -3.05755E-07 -7.84714E-03
3.03333E+01 -1.00000E-02 -3.09134E-07 -9.82602E-03
3.04000E+01 -1.20000E-02 -3.14816E-07 -1.18049E-02
3.04667E+01 -1.40000E-02 -3.20806E-07 -1.37838E-02
3.05333E+01 -1.60000E-02 -3.24492E-07 -1.59149E-02
3.06000E+01 -1.80000E-02 -3.28792E-07 -1.75893E-02
3.06667E+01 -2.00000E-02 -3.34782E-07 -1.95682E-02
3.07333E+01 -2.20000E-02 -3.37239E-07 -2.15470E-02
3.08000E+01 -2.40000E-02 -3.43843E-07 -2.36781E-02
3.08667E+01 -2.60000E-02 -3.49218E-07 -2.56570E-02
3.09333E+01 -2.80000E-02 -3.50907E-07 -2.74836E-02
3.10000E+01 -3.00000E-02 -3.56744E-07 -2.96147E-02
3.10667E+01 -3.20000E-02 -3.61044E-07 -3.15936E-02
3.11333E+01 -3.40000E-02 -3.63347E-07 -3.35725E-02
3.12000E+01 -3.60000E-02 -3.71180E-07 -3.57036E-02
3.12667E+01 -3.80000E-02 -3.73023E-07 -3.75302E-02
3.13333E+01 -4.00000E-02 -3.76095E-07 -3.96613E-02
3.14000E+01 -4.20000E-02 -3.81777E-07 -4.16402E-02
3.14667E+01 -4.40000E-02 -3.87152E-07 -4.36191E-02
3.15333E+01 -4.60000E-02 -3.87920E-07 -4.57502E-02
3.16000E+01 -4.80000E-02 -3.93603E-07 -4.75768E-02
3.16667E+01 -5.00000E-02 -3.97903E-07 -4.97079E-02
3.17333E+01 -5.20000E-02 -4.00053E-07 -5.16868E-02
3.18000E+01 -5.40000E-02 -4.05736E-07 -5.36657E-02
3.18667E+01 -5.60000E-02 -4.10804E-07 -5.56445E-02
3.19333E+01 -5.80000E-02 -4.11265E-07 -5.76234E-02
3.20000E+01 -6.00000E-02 -4.17869E-07 -5.96023E-02
3.20667E+01 -6.20000E-02 -4.22015E-07 -6.17334E-02
3.21333E+01 -6.40000E-02 -4.23858E-07 -6.37122E-02
3.22000E+01 -6.60000E-02 -4.28312E-07 -6.56911E-02
3.22667E+01 -6.80000E-02 -4.33227E-07 -6.76700E-02
3.23333E+01 -7.00000E-02 -4.35991E-07 -6.96489E-02
3.24000E+01 -7.20000E-02 -4.39063E-07 -7.16277E-02
3.24667E+01 -7.40000E-02 -4.44899E-07 -7.36066E-02
3.25333E+01 -7.60000E-02 -4.48431E-07 -7.57377E-02
3.26000E+01 -7.80000E-02 -4.51042E-07 -7.77166E-02
3.26667E+01 -8.00000E-02 -4.56417E-07 -7.96954E-02
3.27333E+01 -8.20000E-02 -4.59182E-07 -8.18265E-02
3.28000E+01 -8.40000E-02 -4.62407E-07 -8.38054E-02
3.28667E+01 -8.60000E-02 -4.65478E-07 -8.56321E-02
3.29333E+01 -8.80000E-02 -4.71007E-07 -8.77631E-02
3.30000E+01 -9.00000E-02 -4.74847E-07 -8.97420E-02
3.30667E+01 -9.20000E-02 -4.80222E-07 -9.17209E-02
3.31333E+01 -9.40000E-02 -4.85751E-07 -9.36998E-02
3.32000E+01 -9.60000E-02 -4.88823E-07 -9.56786E-02
3.32667E+01 -9.80000E-02 -4.95427E-07 -9.76575E-02
3.33333E+01 -1.00000E-01 -5.04641E-07 -9.96364E-02
3.34000E+01 -1.02000E-01 -5.03106E-07 -1.01615E-01
3.34667E+01 -1.04000E-01 -5.10785E-07 -1.03746E-01
3.35333E+01 -1.06000E-01 -5.22150E-07 -1.05573E-01
3.36000E+01 -1.08000E-01 -5.20921E-07 -1.07552E-01
3.36667E+01 -1.10000E-01 -5.26757E-07 -1.09683E-01
3.37333E+01 -1.12000E-01 -5.39197E-07 -1.11662E-01
3.38000E+01 -1.14000E-01 -5.37200E-07 -1.13641E-01
3.38667E+01 -1.16000E-01 -5.44265E-07 -1.15620E-01
3.39333E+01 -1.18000E-01 -5.57780E-07 -1.17751E-01
3.40000E+01 -1.20000E-01 -5.56244E-07 -1.19730E-01
3.40667E+01 -1.22000E-01 -5.62848E-07 -1.21708E-01
3.41333E+01 -1.24000E-01 -5.75442E-07 -1.23840E-01
3.42000E+01 -1.26000E-01 -5.73906E-07 -1.25666E-01
3.42667E+01 -1.28000E-01 -5.81124E-07 -1.27645E-01
3.43333E+01 -1.30000E-01 -5.90954E-07 -1.29776E-01
3.44000E+01 -1.32000E-01 -5.91107E-07 -1.31755E-01
3.44667E+01 -1.34000E-01 -5.98018E-07 -1.33734E-01
3.45333E+01 -1.36000E-01 -6.06465E-07 -1.35713E-01
3.46000E+01 -1.38000E-01 -6.07080E-07 -1.37692E-01
3.46667E+01 -1.40000E-01 -6.14605E-07 -1.39670E-01
3.47333E+01 -1.42000E-01 -6.22438E-07 -1.41802E-01
3.48000E+01 -1.44000E-01 -6.24588E-07 -1.43780E-01
3.48667E+01 -1.46000E-01 -6.31499E-07 -1.45607E-01
3.49333E+01 -1.48000E-01 -6.37335E-07 -1.47738E-01
3.50000E+01 -1.50000E-01 -6.38717E-07 -1.49717E-01
3.50667E+01 -1.52000E-01 -6.46703E-07 -1.51696E-01
3.51333E+01 -1.54000E-01 -6.51464E-07 -1.53827E-01
3.52000E+01 -1.56000E-01 -6.52232E-07 -1.55806E-01
3.52667E+01 -1.58000E-01 -6.57608E-07 -1.57785E-01
3.53333E+01 -1.60000E-01 -6.64365E-07 -1.59764E-01
3.54000E+01 -1.62000E-01 -6.65440E-07 -1.61895E-01
3.54667E+01 -1.64000E-01 -6.69740E-07 -1.63721E-01
3.55333E+01 -1.66000E-01 -6.74501E-07 -1.65700E-01
3.56000E+01 -1.68000E-01 -6.76498E-07 -1.67831E-01
3.56667E+01 -1.70000E-01 -6.82334E-07 -1.69810E-01
3.57333E+01 -1.72000E-01 -6.87556E-07 -1.71789E-01
3.58000E+01 -1.74000E-01 -6.87402E-07 -1.73768E-01
3.58667E+01 -1.76000E-01 -6.94006E-07 -1.75595E-01
3.59333E+01 -1.78000E-01 -6.97538E-07 -1.77574E-01
3.60000E+01 -1.80000E-01 -6.98306E-07 -1.79552E-01
3.60667E+01 -1.82000E-01 -7.02914E-07 -1.81531E-01
3.61333E+01 -1.84000E-01 -7.09518E-07 -1.83510E-01
3.62000E+01 -1.86000E-01 -7.08750E-07 -1.85489E-01
3.62667E+01 -1.88000E-01 -7.15661E-07 -1.87468E-01
3.63333E+01 -1.90000E-01 -7.21343E-07 -1.89599E-01
3.64000E+01 -1.92000E-01 -7.21651E-07 -1.91578E-01
3.64667E+01 -1.94000E-01 -7.28562E-07 -1.93557E-01
3.65333E+01 -1.96000E-01 -7.36394E-07 -1.95688E-01
3.66000E+01 -1.98000E-01 -7.35319E-07 -1.97667E-01
3.66667E+01 -2.00000E-01 -7.44227E-07 -1.99646E-01
3.67333E+01 -2.02000E-01 -7.49295E-07 -2.01777E-01
3.68000E+01 -2.04000E-01 -7.51906E-07 -2.03603E-01
3.68667E+01 -2.06000E-01 -7.59892E-07 -2.05582E-01
3.69333E+01 -2.08000E-01 -7.68800E-07 -2.07561E-01
3.70000E+01 -2.10000E-01 -7.69875E-07 -2.09692E-01
3.70667E+01 -2.12000E-01 -7.80165E-07 -2.11671E-01
3.71333E+01 -2.14000E-01 -7.87076E-07 -2.13650E-01
3.72000E+01 -2.16000E-01 -7.91683E-07 -2.15629E-01
3.72667E+01 -2.18000E-01 -8.02280E-07 -2.17608E-01
3.73333E+01 -2.20000E-01 -8.10881E-07 -2.19586E-01
3.74000E+01 -2.22000E-01 -8.14874E-07 -2.21718E-01
3.74667E+01 -2.24000E-01 -8.26085E-07 -2.23544E-01
3.75333E+01 -2.26000E-01 -8.36221E-07 -2.25523E-01
3.76000E+01 -2.28000E-01 -8.42211E-07 -2.27654E-01
3.76667E+01 -2.30000E-01 -8.51580E-07 -2.29633E-01
3.77333E+01 -2.32000E-01 -8.63098E-07 -2.31612E-01
3.78000E+01 -2.34000E-01 -8.72774E-07 -2.33591E-01
3.78667E+01 -2.36000E-01 -8.81988E-07 -2.35722E-01
3.79333E+01 -2.38000E-01 -8.92739E-07 -2.37701E-01
3.80000E+01 -2.40000E-01 -9.04104E-07 -2.39680E-01
3.80667E+01 -2.42000E-01 -9.11783E-07 -2.41659E-01
3.81333E+01 -2.44000E-01 -9.25298E-07 -2.43637E-01
3.82000E+01 -2.46000E-01 -9.36817E-07 -2.45616E-01
3.82667E+01 -2.48000E-01 -9.44035E-07 -2.47747E-01
3.83333E+01 -2.50000E-01 -9.56629E-07 -2.49726E-01
3.84000E+01 -2.52000E-01 -9.73215E-07 -2.51705E-01
3.84667E+01 -2.54000E-01 -9.77208E-07 -2.53532E-01
3.85333E+01 -2.56000E-01 -9.89341E-07 -2.55663E-01
3.86000E+01 -2.58000E-01 -1.00577E-06 -2.57642E-01
3.86667E+01 -2.60000E-01 -1.00808E-06 -2.59621E-01
3.87333E+01 -2.62000E-01 -1.02067E-06 -2.61599E-01
3.88000E+01 -2.64000E-01 -1.03603E-06 -2.63578E-01
3.88667E+01 -2.66000E-01 -1.03787E-06 -2.65557E-01
3.89333E+01 -2.68000E-01 -1.05016E-06 -2.67688E-01
3.90000E+01 -2.70000E-01 -1.06291E-06 -2.69667E-01
3.90667E+01 -2.72000E-01 -1.06659E-06 -2.71646E-01
3.91333E+01 -2.74000E-01 -1.07642E-06 -2.73625E-01
3.92000E+01 -2.76000E-01 -1.08886E-06 -2.75756E-01
3.92667E+01 -2.78000E-01 -1.08886E-06 -2.77735E-01
3.93333E+01 -2.80000E-01 -1.10038E-06 -2.79714E-01
3.94000E+01 -2.82000E-01 -1.11036E-06 -2.81693E-01
3.94667E+01 -2.84000E-01 -1.11297E-06 -2.83672E-01
3.95333E+01 -2.86000E-01 -1.12096E-06 -2.85650E-01
3.96000E+01 -2.88000E-01 -1.12864E-06 -2.87781E-01
3.96667E+01 -2.90000E-01 -1.13017E-06 -2.89760E-01
3.97333E+01 -2.92000E-01 -1.13939E-06 -2.91587E-01
3.98000E+01 -2.94000E-01 -1.14246E-06 -2.93718E-01
3.98667E+01 -2.96000E-01 -1.14507E-06 -2.95697E-01
3.99333E+01 -2.98000E-01 -1.15075E-06 -2.97676E-01
4.00000E+01 -3.00000E-01 -1.15490E-06 -2.99655E-01
4.00667E+01 -3.02000E-01 -1.15444E-06 -3.01634E-01
4.01333E+01 -3.04000E-01 -1.16258E-06 -3.03612E-01
4.02000E+01 -3.06000E-01 -1.16473E-06 -3.05744E-01
4.02667E+01 -3.08000E-01 -1.16412E-06 -3.07722E-01
4.03333E+01 -3.10000E-01 -1.16949E-06 -3.09701E-01
4.04000E+01 -3.12000E-01 -1.17087E-06 -3.11680E-01
4.04667E+01 -3.14000E-01 -1.16857E-06 -3.13811E-01
4.05333E+01 -3.16000E-01 -1.17318E-06 -3.15790E-01
4.06000E+01 -3.18000E-01 -1.17456E-06 -3.17769E-01
4.06667E+01 -3.20000E-01 -1.17179E-06 -3.19748E-01
4.07333E+01 -3.22000E-01 -1.17563E-06 -3.21727E-01
4.08000E+01 -3.24000E-01 -1.17748E-06 -3.23706E-01
4.08667E+01 -3.26000E-01 -1.17379E-06 -3.25685E-01
4.09333E+01 -3.28000E-01 -1.18055E-06 -3.27816E-01
4.10000E+01 -3.30000E-01 -1.18024E-06 -3.29642E-01
4.10667E+01 -3.32000E-01 -1.17778E-06 -3.31773E-01
4.11333E+01 -3.34000E-01 -1.18086E-06 -3.33752E-01
4.12000E+01 -3.36000E-01 -1.18147E-06 -3.35731E-01
4.12667E+01 -3.38000E-01 -1.17656E-06 -3.37710E-01
4.13333E+01 -3.40000E-01 -1.17932E-06 -3.39689E-01
4.14000E+01 -3.42000E-01 -1.18101E-06 -3.41668E-01
4.14667E+01 -3.44000E-01 -1.17686E-06 -3.43647E-01
4.15333E+01 -3.46000E-01 -1.17963E-06 -3.45778E-01
4.16000E+01 -3.48000E-01 -1.18178E-06 -3.47757E-01
4.16667E+01 -3.50000E-01 -1.17533E-06 -3.49735E-01
4.17333E+01 -3.52000E-01 -1.18040E-06 -3.51714E-01
4.18000E+01 -3.54000E-01 -1.17825E-06 -3.53845E-01
4.18667E+01 -3.56000E-01 -1.17717E-06 -3.55824E-01
4.19333E+01 -3.58000E-01 -1.17947E-06 -3.57803E-01
4.20000E+01 -3.60000E-01 -1.18208E-06 -3.59782E-01
4.20667E+01 -3.62000E-01 -1.17656E-06 -3.61761E-01
4.21333E+01 -3.64000E-01 -1.17947E-06 -3.63740E-01
4.22000E+01 -3.66000E-01 -1.18162E-06 -3.65871E-01
4.22667E+01 -3.68000E-01 -1.17609E-06 -3.67850E-01
4.23333E+01 -3.70000E-01 -1.17993E-06 -3.69829E-01
4.24000E+01 -3.72000E-01 -1.18178E-06 -3.71807E-01
4.24667E+01 -3.74000E-01 -1.17748E-06 -3.73786E-01
4.25333E+01 -3.76000E-01 -1.18055E-06 -3.75765E-01
4.26000E+01 -3.78000E-01 -1.18331E-06 -3.77744E-01
4.26667E+01 -3.80000E-01 -1.17947E-06 -3.79723E-01
4.27333E+01 -3.82000E-01 -1.17963E-06 -3.81854E-01
4.28000E+01 -3.84000E-01 -1.18132E-06 -3.83833E-01
4.28667E+01 -3.86000E-01 -1.18070E-06 -3.85812E-01
4.29333E+01 -3.88000E-01 -1.17809E-06 -3.87791E-01
4.30000E+01 -3.90000E-01 -1.18147E-06 -3.89770E-01
4.30667E+01 -3.92000E-01 -1.18423E-06 -3.91901E-01
4.31333E+01 -3.94000E-01 -1.17901E-06 -3.93879E-01
4.32000E+01 -3.96000E-01 -1.18285E-06 -3.95858E-01
4.32667E+01 -3.98000E-01 -1.18562E-06 -3.97837E-01
4.33333E+01 -4.00000E-01 -1.18086E-06 -3.99816E-01
4.34000E+01 -4.02000E-01 -1.18285E-06 -4.01795E-01
4.34667E+01 -4.04000E-01 -1.18761E-06 -4.03774E-01
4.35333E+01 -4.06000E-01 -1.18147E-06 -4.05905E-01
4.36000E+01 -4.08000E-01 -1.18485E-06 -4.07732E-01
4.36667E+01 -4.10000E-01 -1.18838E-06 -4.09863E-01
4.37333E+01 -4.12000E-01 -1.18454E-06 -4.11842E-01
4.38000E+01 -4.14000E-01 -1.18408E-06 -4.13820E-01
4.38667E+01 -4.16000E-01 -1.18992E-06 -4.15799E-01
4.39333E+01 -4.18000E-01 -1.18500E-06 -4.17778E-01
4.40000E+01 -4.20000E-01 -1.18715E-06 -4.19757E-01
4.40667E+01 -4.22000E-01 -1.18930E-06 -4.21736E-01
4.41333E+01 -4.24000E-01 -1.18608E-06 -4.23867E-01
4.42000E+01 -4.26000E-01 -1.18853E-06 -4.25846E-01
4.42667E+01 -4.28000E-01 -1.18961E-06 -4.27825E-01
4.43333E+01 -4.30000E-01 -1.18669E-06 -4.29804E-01
4.44000E+01 -4.32000E-01 -1.19099E-06 -4.31783E-01
4.44667E+01 -4.34000E-01 -1.19084E-06 -4.33914E-01
4.45333E+01 -4.36000E-01 -1.18915E-06 -4.35892E-01
4.46000E+01 -4.38000E-01 -1.19222E-06 -4.37719E-01
4.46667E+01 -4.40000E-01 -1.19376E-06 -4.39850E-01
4.47333E+01 -4.42000E-01 -1.19237E-06 -4.41829E-01
4.48000E+01 -4.44000E-01 -1.19560E-06 -4.43808E-01
4.48667E+01 -4.46000E-01 -1.19468E-06 -4.45939E-01
4.49333E+01 -4.48000E-01 -1.19391E-06 -4.47766E-01
4.50000E+01 -4.50000E-01 -1.19852E-06 -4.49897E-01
4.50667E+01 -4.52000E-01 -1.19698E-06 -4.51876E-01
4.51333E+01 -4.54000E-01 -1.19345E-06 -4.53855E-01
4.52000E+01 -4.56000E-01 -1.20067E-06 -4.55833E-01
4.52667E+01 -4.58000E-01 -1.19929E-06 -4.57812E-01
4.53333E+01 -4.60000E-01 -1.19882E-06 -4.59791E-01
4.54000E+01 -4.62000E-01 -1.20266E-06 -4.61922E-01
4.54667E+01 -4.64000E-01 -1.20328E-06 -4.63901E-01
4.55333E+01 -4.66000E-01 -1.19944E-06 -4.65880E-01
4.56000E+01 -4.68000E-01 -1.20543E-06 -4.67859E-01
4.56667E+01 -4.70000E-01 -1.20512E-06 -4.69990E-01
4.57333E+01 -4.72000E-01 -1.20236E-06 -4.71969E-01
4.58000E+01 -4.74000E-01 -1.20743E-06 -4.73948E-01
4.58667E+01 -4.76000E-01 -1.20712E-06 -4.75927E-01
4.59333E+01 -4.78000E-01 -1.20374E-06 -4.77905E-01
4.60000E+01 -4.80000E-01 -1.20988E-06 -4.79884E-01
4.60667E+01 -4.82000E-01 -1.20927E-06 -4.81863E-01
4.61333E+01 -4.84000E-01 -1.20543E-06 -4.83994E-01
4.62000E+01 -4.86000E-01 -1.21418E-06 -4.85669E-01
4.62667E+01 -4.88000E-01 -1.21341E-06 -4.87648E-01
4.63333E+01 -4.90000E-01 -1.21126E-06 -4.89626E-01
4.64000E+01 -4.92000E-01 -1.21864E-06 -4.91758E-01
4.64667E+01 -4.94000E-01 -1.21510E-06 -4.93736E-01
4.65333E+01 -4.96000E-01 -1.21311E-06 -4.95715E-01
4.66000E+01 -4.98000E-01 -1.21925E-06 -4.97694E-01
4.66667E+01 -5.00000E-01 -1.21956E-06 -4.99673E-01
4.67333E+01 -5.02000E-01 -1.21541E-06 -5.01652E-01
4.68000E+01 -5.04000E-01 -1.22263E-06 -5.03631E-01
4.68667E+01 -5.06000E-01 -1.22186E-06 -5.05762E-01
4.69333E+01 -5.08000E-01 -1.21818E-06 -5.07741E-01
4.70000E+01 -5.10000E-01 -1.22816E-06 -5.09720E-01
4.70667E+01 -5.12000E-01 -1.22708E-06 -5.11851E-01
4.71333E+01 -5.14000E-01 -1.22355E-06 -5.13830E-01
4.72000E+01 -5.16000E-01 -1.22954E-06 -5.15656E-01
4.72667E+01 -5.18000E-01 -1.23000E-06 -5.17787E-01
4.73333E+01 -5.20000E-01 -1.22908E-06 -5.19766E-01
4.74000E+01 -5.22000E-01 -1.23307E-06 -5.21745E-01
4.74667E+01 -5.24000E-01 -1.23292E-06 -5.23876E-01
4.75333E+01 -5.26000E-01 -1.23430E-06 -5.25703E-01
4.76000E+01 -5.28000E-01 -1.23645E-06 -5.27682E-01
4.76667E+01 -5.30000E-01 -1.23753E-06 -5.29813E-01
4.77333E+01 -5.32000E-01 -1.24137E-06 -5.31792E-01
4.78000E+01 -5.34000E-01 -1.24106E-06 -5.33771E-01
4.78667E+01 -5.36000E-01 -1.24183E-06 -5.35749E-01
4.79333E+01 -5.38000E-01 -1.24659E-06 -5.37728E-01
4.80000E+01 -5.40000E-01 -1.24628E-06 -5.39707E-01
4.80667E+01 -5.42000E-01 -1.24613E-06 -5.41838E-01
4.81333E+01 -5.44000E-01 -1.25289E-06 -5.43817E-01
4.82000E+01 -5.46000E-01 -1.24966E-06 -5.45796E-01
4.82667E+01 -5.48000E-01 -1.25135E-06 -5.47775E-01
4.83333E+01 -5.50000E-01 -1.25749E-06 -5.49906E-01
4.84000E+01 -5.52000E-01 -1.25565E-06 -5.51885E-01
4.84667E+01 -5.54000E-01 -1.25765E-06 -5.53712E-01
4.85333E+01 -5.56000E-01 -1.26410E-06 -5.55843E-01
4.86000E+01 -5.58000E-01 -1.25964E-06 -5.57821E-01
4.86667E+01 -5.60000E-01 -1.26471E-06 -5.59800E-01
4.87333E+01 -5.62000E-01 -1.26978E-06 -5.61931E-01
4.88000E+01 -5.64000E-01 -1.26548E-06 -5.63758E-01
4.88667E+01 -5.66000E-01 -1.26978E-06 -5.65737E-01
4.89333E+01 -5.68000E-01 -1.27285E-06 -5.67716E-01
4.90000E+01 -5.70000E-01 -1.27239E-06 -5.69695E-01
4.90667E+01 -5.72000E-01 -1.27700E-06 -5.71826E-01
4.91333E+01 -5.74000E-01 -1.27700E-06 -5.73652E-01
4.92000E+01 -5.76000E-01 -1.27899E-06 -5.75784E-01
4.92667E+01 -5.78000E-01 -1.28345E-06 -5.77762E-01
4.93333E+01 -5.80000E-01 -1.28529E-06 -5.79741E-01
4.94000E+01 -5.82000E-01 -1.28544E-06 -5.81720E-01
4.94667E+01 -5.84000E-01 -1.28990E-06 -5.83699E-01
4.95333E+01 -5.86000E-01 -1.29036E-06 -5.85830E-01
4.96000E+01 -5.88000E-01 -1.29266E-06 -5.87809E-01
4.96667E+01 -5.90000E-01 -1.29773E-06 -5.89788E-01
4.97333E+01 -5.92000E-01 -1.29819E-06 -5.91919E-01
4.98000E+01 -5.94000E-01 -1.29865E-06 -5.93746E-01
4.98667E+01 -5.96000E-01 -1.30602E-06 -5.95724E-01
4.99333E+01 -5.98000E-01 -1.30572E-06 -5.97856E-01
5.00000E+01 -6.00000E-01 -1.30741E-06 -5.99834E-01
5.00667E+01 -6.02000E-01 -1.31493E-06 -6.01813E-01
5.01333E+01 -6.04000E-01 -1.31570E-06 -6.03792E-01
5.02000E+01 -6.06000E-01 -1.31509E-06 -6.05771E-01
5.02667E+01 -6.08000E-01 -1.32322E-06 -6.07902E-01
5.03333E+01 -6.10000E-01 -1.32491E-06 -6.09881E-01
5.04000E+01 -6.12000E-01 -1.32507E-06 -6.11860E-01
5.04667E+01 -6.14000E-01 -1.33229E-06 -6.13687E-01
5.05333E+01 -6.16000E-01 -1.33213E-06 -6.15818E-01
5.06000E+01 -6.18000E-01 -1.33336E-06 -6.17797E-01
5.06667E+01 -6.20000E-01 -1.34104E-06 -6.19775E-01
5.07333E+01 -6.22000E-01 -1.34258E-06 -6.21906E-01
5.08000E+01 -6.24000E-01 -1.35010E-06 -6.23885E-01
5.08667E+01 -6.26000E-01 -1.35056E-06 -6.25864E-01
5.09333E+01 -6.28000E-01 -1.35317E-06 -6.27843E-01
5.10000E+01 -6.30000E-01 -1.35287E-06 -6.29974E-01
5.10667E+01 -6.32000E-01 -1.36285E-06 -6.31801E-01
5.11333E+01 -6.34000E-01 -1.36285E-06 -6.33780E-01
5.12000E+01 -6.36000E-01 -1.36485E-06 -6.35911E-01
5.12667E+01 -6.38000E-01 -1.37345E-06 -6.37890E-01
5.13333E+01 -6.40000E-01 -1.37483E-06 -6.39869E-01
5.14000E+01 -6.42000E-01 -1.37590E-06 -6.41847E-01
5.14667E+01 -6.44000E-01 -1.38573E-06 -6.43674E-01
5.15333E+01 -6.46000E-01 -1.38850E-06 -6.45653E-01
5.16000E+01 -6.48000E-01 -1.38819E-06 -6.47632E-01
5.16667E+01 -6.50000E-01 -1.39802E-06 -6.49611E-01
5.17333E+01 -6.52000E-01 -1.40140E-06 -6.51590E-01
5.18000E+01 -6.54000E-01 -1.40048E-06 -6.53568E-01
5.18667E+01 -6.56000E-01 -1.41077E-06 -6.55547E-01
5.19333E+01 -6.58000E-01 -1.41230E-06 -6.57678E-01
5.20000E+01 -6.60000E-01 -1.41507E-06 -6.59657E-01
5.20667E+01 -6.62000E-01 -1.42490E-06 -6.61636E-01
5.21333E+01 -6.64000E-01 -1.42751E-06 -6.63615E-01
5.22000E+01 -6.66000E-01 -1.43058E-06 -6.65746E-01
5.22667E+01 -6.68000E-01 -1.43933E-06 -6.67725E-01
5.23333E+01 -6.70000E-01 -1.44210E-06 -6.69704E-01
5.24000E+01 -6.72000E-01 -1.44640E-06 -6.71683E-01
5.24667E+01 -6.74000E-01 -1.45546E-06 -6.73662E-01
5.25333E+01 -6.76000E-01 -1.45884E-06 -6.75640E-01
5.26000E+01 -6.78000E-01 -1.46421E-06 -6.77772E-01
5.26667E+01 -6.80000E-01 -1.47082E-06 -6.79750E-01
5.27333E+01 -6.82000E-01 -1.47312E-06 -6.81729E-01
5.28000E+01 -6.84000E-01 -1.48233E-06 -6.83708E-01
5.28667E+01 -6.86000E-01 -1.48710E-06 -6.85687E-01
5.29333E+01 -6.88000E-01 -1.49109E-06 -6.87666E-01
5.30000E+01 -6.90000E-01 -1.50184E-06 -6.89645E-01
5.30667E+01 -6.92000E-01 -1.50860E-06 -6.91624E-01
5.31333E+01 -6.94000E-01 -1.50967E-06 -6.93603E-01
5.32000E+01 -6.96000E-01 -1.52303E-06 -6.95734E-01
5.32667E+01 -6.98000E-01 -1.52534E-06 -6.97713E-01
