time/s      E/V        I/A
0.00000E+00 -7.00000E-01 -1.52964E-06 -6.99691E-01
6.66667E-02 -6.98000E-01 -1.02789E-06 -6.97865E-01
1.33333E-01 -6.96000E-01 -8.77535E-07 -6.95734E-01
2.00000E-01 -6.94000E-01 -7.88765E-07 -6.93755E-01
2.66667E-01 -6.92000E-01 -7.29790E-07 -6.91776E-01
3.33333E-01 -6.90000E-01 -6.73426E-07 -6.89797E-01
4.00000E-01 -6.88000E-01 -6.29349E-07 -6.87818E-01
4.66667E-01 -6.86000E-01 -5.94486E-07 -6.85839E-01
5.33333E-01 -6.84000E-01 -5.59470E-07 -6.83860E-01
6.00000E-01 -6.82000E-01 -5.27986E-07 -6.81729E-01
6.66667E-01 -6.80000E-01 -5.04027E-07 -6.79750E-01
7.33333E-01 -6.78000E-01 -4.77611E-07 -6.77772E-01
8.00000E-01 -6.76000E-01 -4.53653E-07 -6.75793E-01
8.66667E-01 -6.74000E-01 -4.32612E-07 -6.73814E-01
9.33333E-01 -6.72000E-01 -4.13415E-07 -6.71835E-01
1.00000E+00 -6.70000E-01 -3.94371E-07 -6.69856E-01
1.06667E+00 -6.68000E-01 -3.77784E-07 -6.67877E-01
1.13333E+00 -6.66000E-01 -3.59354E-07 -6.65746E-01
1.20000E+00 -6.64000E-01 -3.46146E-07 -6.63767E-01
1.26667E+00 -6.62000E-01 -3.28792E-07 -6.61788E-01
1.33333E+00 -6.60000E-01 -3.15738E-07 -6.59810E-01
1.40000E+00 -6.58000E-01 -3.03912E-07 -6.57678E-01
1.46667E+00 -6.56000E-01 -2.89322E-07 -6.55700E-01
1.53333E+00 -6.54000E-01 -2.76267E-07 -6.53721E-01
1.60000E+00 -6.52000E-01 -2.68281E-07 -6.51590E-01
1.66667E+00 -6.50000E-01 -2.53691E-07 -6.49763E-01
1.73333E+00 -6.48000E-01 -2.43094E-07 -6.47784E-01
1.80000E+00 -6.46000E-01 -2.34186E-07 -6.45805E-01
1.86667E+00 -6.44000E-01 -2.23436E-07 -6.43674E-01
1.93333E+00 -6.42000E-01 -2.12839E-07 -6.41847E-01
2.00000E+00 -6.40000E-01 -2.07771E-07 -6.40021E-01
2.06667E+00 -6.38000E-01 -1.96713E-07 -6.38042E-01
2.13333E+00 -6.36000E-01 -1.87652E-07 -6.35911E-01
2.20000E+00 -6.34000E-01 -1.80894E-07 -6.33932E-01
2.26667E+00 -6.32000E-01 -1.72447E-07 -6.31953E-01
2.33333E+00 -6.30000E-01 -1.62157E-07 -6.29974E-01
2.40000E+00 -6.28000E-01 -1.58625E-07 -6.27995E-01
2.46667E+00 -6.26000E-01 -1.47721E-07 -6.26016E-01
2.53333E+00 -6.24000E-01 -1.40042E-07 -6.24038E-01
2.60000E+00 -6.22000E-01 -1.36202E-07 -6.21906E-01
2.66667E+00 -6.20000E-01 -1.27755E-07 -6.19928E-01
2.73333E+00 -6.18000E-01 -1.18080E-07 -6.17949E-01
2.80000E+00 -6.16000E-01 -1.17312E-07 -6.15970E-01
2.86667E+00 -6.14000E-01 -1.08404E-07 -6.13839E-01
2.93333E+00 -6.12000E-01 -1.01032E-07 -6.11860E-01
3.00000E+00 -6.10000E-01 -9.81142E-08 -6.09881E-01
3.06667E+00 -6.08000E-01 -9.10495E-08 -6.07902E-01
3.13333E+00 -6.06000E-01 -8.27561E-08 -6.05923E-01
3.20000E+00 -6.04000E-01 -8.12203E-08 -6.03792E-01
3.26667E+00 -6.02000E-01 -7.33877E-08 -6.01966E-01
3.33333E+00 -6.00000E-01 -6.64766E-08 -5.99987E-01
3.40000E+00 -5.98000E-01 -6.37122E-08 -5.97856E-01
3.46667E+00 -5.96000E-01 -5.71082E-08 -5.95877E-01
3.53333E+00 -5.94000E-01 -5.20401E-08 -5.93898E-01
3.60000E+00 -5.92000E-01 -5.11186E-08 -5.91919E-01
3.66667E+00 -5.90000E-01 -4.25181E-08 -5.89940E-01
3.73333E+00 -5.88000E-01 -3.88322E-08 -5.87961E-01
3.80000E+00 -5.86000E-01 -3.46855E-08 -5.85982E-01
3.86667E+00 -5.84000E-01 -2.88494E-08 -5.83851E-01
3.93333E+00 -5.82000E-01 -2.34741E-08 -5.81872E-01
4.00000E+00 -5.80000E-01 -2.17847E-08 -5.79894E-01
4.06667E+00 -5.78000E-01 -1.36450E-08 -5.77762E-01
4.13333E+00 -5.76000E-01 -1.31842E-08 -5.75784E-01
4.20000E+00 -5.74000E-01 -7.34817E-09 -5.73805E-01
4.26667E+00 -5.72000E-01 -1.81928E-09 -5.71978E-01
4.33333E+00 -5.70000E-01 -1.66570E-09 -5.69847E-01
4.40000E+00 -5.68000E-01 4.01678E-09  -5.67868E-01
4.46667E+00 -5.66000E-01 1.15422E-08  -5.65889E-01
4.53333E+00 -5.64000E-01 8.31703E-09  -5.63758E-01
4.60000E+00 -5.62000E-01 1.76854E-08  -5.61931E-01
4.66667E+00 -5.60000E-01 2.29072E-08  -5.59953E-01
4.73333E+00 -5.58000E-01 2.04499E-08  -5.57821E-01
4.80000E+00 -5.56000E-01 2.96647E-08  -5.55843E-01
4.86667E+00 -5.54000E-01 3.58079E-08  -5.53864E-01
4.93333E+00 -5.52000E-01 3.22756E-08  -5.52037E-01
5.00000E+00 -5.50000E-01 4.22583E-08  -5.49906E-01
5.06667E+00 -5.48000E-01 4.54835E-08  -5.47927E-01
5.13333E+00 -5.46000E-01 4.65585E-08  -5.45948E-01
5.20000E+00 -5.44000E-01 5.23946E-08  -5.43817E-01
5.26667E+00 -5.42000E-01 5.65413E-08  -5.41838E-01
5.33333E+00 -5.40000E-01 5.80771E-08  -5.39859E-01
5.40000E+00 -5.38000E-01 6.42203E-08  -5.37881E-01
5.46667E+00 -5.36000E-01 6.86741E-08  -5.35749E-01
5.53333E+00 -5.34000E-01 7.12850E-08  -5.33771E-01
5.60000E+00 -5.32000E-01 7.52781E-08  -5.31944E-01
5.66667E+00 -5.30000E-01 8.06534E-08  -5.29813E-01
5.73333E+00 -5.28000E-01 8.23428E-08  -5.27834E-01
5.80000E+00 -5.26000E-01 8.74109E-08  -5.25855E-01
5.86667E+00 -5.24000E-01 8.91003E-08  -5.23876E-01
5.93333E+00 -5.22000E-01 9.53971E-08  -5.21897E-01
6.00000E+00 -5.20000E-01 9.52435E-08  -5.19918E-01
6.06667E+00 -5.18000E-01 1.00465E-07  -5.17787E-01
6.13333E+00 -5.16000E-01 1.05994E-07  -5.15808E-01
6.20000E+00 -5.14000E-01 1.08144E-07  -5.13830E-01
6.26667E+00 -5.12000E-01 1.10602E-07  -5.11851E-01
6.33333E+00 -5.10000E-01 1.15823E-07  -5.09872E-01
6.40000E+00 -5.08000E-01 1.19663E-07  -5.07893E-01
6.46667E+00 -5.06000E-01 1.23502E-07  -5.05762E-01
6.53333E+00 -5.04000E-01 1.26574E-07  -5.03783E-01
6.60000E+00 -5.02000E-01 1.31488E-07  -5.01804E-01
6.66667E+00 -5.00000E-01 1.31949E-07  -4.99673E-01
6.73333E+00 -4.98000E-01 1.36249E-07  -4.97694E-01
6.80000E+00 -4.96000E-01 1.38707E-07  -4.95715E-01
6.86667E+00 -4.94000E-01 1.44082E-07  -4.93736E-01
6.93333E+00 -4.92000E-01 1.47614E-07  -4.91758E-01
7.00000E+00 -4.90000E-01 1.51915E-07  -4.89779E-01
7.06667E+00 -4.88000E-01 1.54218E-07  -4.87800E-01
7.13333E+00 -4.86000E-01 1.58211E-07  -4.85669E-01
7.20000E+00 -4.84000E-01 1.61744E-07  -4.83994E-01
7.26667E+00 -4.82000E-01 1.63126E-07  -4.82015E-01
7.33333E+00 -4.80000E-01 1.67119E-07  -4.80037E-01
7.40000E+00 -4.78000E-01 1.72955E-07  -4.77905E-01
7.46667E+00 -4.76000E-01 1.74491E-07  -4.75927E-01
7.53333E+00 -4.74000E-01 1.76948E-07  -4.74100E-01
7.60000E+00 -4.72000E-01 1.82631E-07  -4.72121E-01
7.66667E+00 -4.70000E-01 1.84474E-07  -4.69990E-01
7.73333E+00 -4.68000E-01 1.88313E-07  -4.68011E-01
7.80000E+00 -4.66000E-01 1.94149E-07  -4.66032E-01
7.86667E+00 -4.64000E-01 1.94149E-07  -4.63901E-01
7.93333E+00 -4.62000E-01 1.99371E-07  -4.61922E-01
8.00000E+00 -4.60000E-01 2.03825E-07  -4.59943E-01
8.06667E+00 -4.58000E-01 2.04900E-07  -4.57812E-01
8.13333E+00 -4.56000E-01 2.08893E-07  -4.55986E-01
8.20000E+00 -4.54000E-01 2.13040E-07  -4.54007E-01
8.26667E+00 -4.52000E-01 2.13808E-07  -4.51876E-01
8.33333E+00 -4.50000E-01 2.18722E-07  -4.49897E-01
8.40000E+00 -4.48000E-01 2.21947E-07  -4.47918E-01
8.46667E+00 -4.46000E-01 2.25480E-07  -4.45939E-01
8.53333E+00 -4.44000E-01 2.28551E-07  -4.43960E-01
8.60000E+00 -4.42000E-01 2.31776E-07  -4.41981E-01
8.66667E+00 -4.40000E-01 2.34387E-07  -4.39850E-01
8.73333E+00 -4.38000E-01 2.40991E-07  -4.37871E-01
8.80000E+00 -4.36000E-01 2.39609E-07  -4.35892E-01
8.86667E+00 -4.34000E-01 2.44063E-07  -4.33914E-01
8.93333E+00 -4.32000E-01 2.49899E-07  -4.31935E-01
9.00000E+00 -4.30000E-01 2.48824E-07  -4.29956E-01
9.06667E+00 -4.28000E-01 2.54660E-07  -4.27825E-01
9.13333E+00 -4.26000E-01 2.60803E-07  -4.25846E-01
9.20000E+00 -4.24000E-01 2.57117E-07  -4.23867E-01
9.26667E+00 -4.22000E-01 2.67868E-07  -4.21888E-01
9.33333E+00 -4.20000E-01 2.69404E-07  -4.19909E-01
9.40000E+00 -4.18000E-01 2.65871E-07  -4.17778E-01
9.46667E+00 -4.16000E-01 2.76008E-07  -4.15952E-01
9.53333E+00 -4.14000E-01 2.82919E-07  -4.13973E-01
9.60000E+00 -4.12000E-01 2.74779E-07  -4.11842E-01
9.66667E+00 -4.10000E-01 2.88294E-07  -4.09863E-01
9.73333E+00 -4.08000E-01 2.90751E-07  -4.07884E-01
9.80000E+00 -4.06000E-01 2.88755E-07  -4.06057E-01
9.86667E+00 -4.04000E-01 2.99198E-07  -4.03926E-01
9.93333E+00 -4.02000E-01 3.03191E-07  -4.01947E-01
1.00000E+01 -4.00000E-01 3.00888E-07  -3.99968E-01
1.00667E+01 -3.98000E-01 3.10717E-07  -3.97837E-01
1.01333E+01 -3.96000E-01 3.15324E-07  -3.96011E-01
1.02000E+01 -3.94000E-01 3.13021E-07  -3.94032E-01
1.02667E+01 -3.92000E-01 3.21621E-07  -3.92053E-01
1.03333E+01 -3.90000E-01 3.26996E-07  -3.89922E-01
1.04000E+01 -3.88000E-01 3.25768E-07  -3.87943E-01
1.04667E+01 -3.86000E-01 3.34368E-07  -3.85964E-01
1.05333E+01 -3.84000E-01 3.38361E-07  -3.83833E-01
1.06000E+01 -3.82000E-01 3.40051E-07  -3.81854E-01
1.06667E+01 -3.80000E-01 3.40665E-07  -3.79875E-01
1.07333E+01 -3.78000E-01 3.48498E-07  -3.77896E-01
1.08000E+01 -3.76000E-01 3.51569E-07  -3.75917E-01
1.08667E+01 -3.74000E-01 3.59095E-07  -3.73939E-01
1.09333E+01 -3.72000E-01 3.62320E-07  -3.71960E-01
1.10000E+01 -3.70000E-01 3.67234E-07  -3.69829E-01
1.10667E+01 -3.68000E-01 3.71227E-07  -3.68002E-01
1.11333E+01 -3.66000E-01 3.70920E-07  -3.65871E-01
1.12000E+01 -3.64000E-01 3.75835E-07  -3.63892E-01
1.12667E+01 -3.62000E-01 3.85971E-07  -3.61913E-01
1.13333E+01 -3.60000E-01 3.84128E-07  -3.59782E-01
1.14000E+01 -3.58000E-01 3.89350E-07  -3.57955E-01
1.14667E+01 -3.56000E-01 3.95340E-07  -3.55976E-01
1.15333E+01 -3.54000E-01 3.99486E-07  -3.53845E-01
1.16000E+01 -3.52000E-01 3.98104E-07  -3.51867E-01
1.16667E+01 -3.50000E-01 4.10237E-07  -3.49888E-01
1.17333E+01 -3.48000E-01 4.11312E-07  -3.47757E-01
1.18000E+01 -3.46000E-01 4.15151E-07  -3.45778E-01
1.18667E+01 -3.44000E-01 4.19759E-07  -3.43799E-01
1.19333E+01 -3.42000E-01 4.24059E-07  -3.41820E-01
1.20000E+01 -3.40000E-01 4.26670E-07  -3.39841E-01
1.20667E+01 -3.38000E-01 4.35731E-07  -3.37862E-01
1.21333E+01 -3.36000E-01 4.37113E-07  -3.35883E-01
1.22000E+01 -3.34000E-01 4.41260E-07  -3.33752E-01
1.22667E+01 -3.32000E-01 4.47710E-07  -3.31773E-01
1.23333E+01 -3.30000E-01 4.51704E-07  -3.29794E-01
1.24000E+01 -3.28000E-01 4.46789E-07  -3.27816E-01
1.24667E+01 -3.26000E-01 4.67522E-07  -3.25837E-01
1.25333E+01 -3.24000E-01 4.67830E-07  -3.23858E-01
1.26000E+01 -3.22000E-01 4.69672E-07  -3.21727E-01
1.26667E+01 -3.20000E-01 4.75969E-07  -3.19748E-01
1.27333E+01 -3.18000E-01 4.71976E-07  -3.17921E-01
1.28000E+01 -3.16000E-01 4.87334E-07  -3.15942E-01
1.28667E+01 -3.14000E-01 4.91327E-07  -3.13963E-01
1.29333E+01 -3.12000E-01 4.94553E-07  -3.11832E-01
1.30000E+01 -3.10000E-01 4.99314E-07  -3.09854E-01
1.30667E+01 -3.08000E-01 5.05457E-07  -3.07875E-01
1.31333E+01 -3.06000E-01 5.11293E-07  -3.05744E-01
1.32000E+01 -3.04000E-01 5.14825E-07  -3.03765E-01
1.32667E+01 -3.02000E-01 5.20200E-07  -3.01786E-01
1.33333E+01 -3.00000E-01 5.25422E-07  -2.99807E-01
1.34000E+01 -2.98000E-01 5.30951E-07  -2.97828E-01
1.34667E+01 -2.96000E-01 5.34944E-07  -2.95849E-01
1.35333E+01 -2.94000E-01 5.42009E-07  -2.93718E-01
1.36000E+01 -2.92000E-01 5.46616E-07  -2.91739E-01
1.36667E+01 -2.90000E-01 5.49688E-07  -2.89760E-01
1.37333E+01 -2.88000E-01 5.57674E-07  -2.87781E-01
1.38000E+01 -2.86000E-01 5.62589E-07  -2.85803E-01
1.38667E+01 -2.84000E-01 5.63817E-07  -2.83824E-01
1.39333E+01 -2.82000E-01 5.76411E-07  -2.81845E-01
1.40000E+01 -2.80000E-01 5.79636E-07  -2.79866E-01
1.40667E+01 -2.78000E-01 5.79636E-07  -2.77735E-01
1.41333E+01 -2.76000E-01 5.93305E-07  -2.75756E-01
1.42000E+01 -2.74000E-01 5.96376E-07  -2.73777E-01
1.42667E+01 -2.72000E-01 5.94994E-07  -2.71798E-01
1.43333E+01 -2.70000E-01 6.09891E-07  -2.69667E-01
1.44000E+01 -2.68000E-01 6.13577E-07  -2.67688E-01
1.44667E+01 -2.66000E-01 6.13424E-07  -2.65709E-01
1.45333E+01 -2.64000E-01 6.28475E-07  -2.63731E-01
1.46000E+01 -2.62000E-01 6.32468E-07  -2.61599E-01
1.46667E+01 -2.60000E-01 6.31239E-07  -2.59773E-01
1.47333E+01 -2.58000E-01 6.47519E-07  -2.57794E-01
1.48000E+01 -2.56000E-01 6.49976E-07  -2.55663E-01
1.48667E+01 -2.54000E-01 6.51051E-07  -2.53684E-01
1.49333E+01 -2.52000E-01 6.63952E-07  -2.51705E-01
1.50000E+01 -2.50000E-01 6.67945E-07  -2.49878E-01
1.50667E+01 -2.48000E-01 6.69634E-07  -2.47747E-01
1.51333E+01 -2.46000E-01 6.82381E-07  -2.45769E-01
1.52000E+01 -2.44000E-01 6.85914E-07  -2.43790E-01
1.52667E+01 -2.42000E-01 6.89292E-07  -2.41811E-01
1.53333E+01 -2.40000E-01 7.00965E-07  -2.39832E-01
1.54000E+01 -2.38000E-01 7.04036E-07  -2.37853E-01
1.54667E+01 -2.36000E-01 7.08644E-07  -2.35722E-01
1.55333E+01 -2.34000E-01 7.19241E-07  -2.33743E-01
1.56000E+01 -2.32000E-01 7.20623E-07  -2.31764E-01
1.56667E+01 -2.30000E-01 7.26459E-07  -2.29785E-01
1.57333E+01 -2.28000E-01 7.36749E-07  -2.27654E-01
1.58000E+01 -2.26000E-01 7.39667E-07  -2.25675E-01
1.58667E+01 -2.24000E-01 7.43967E-07  -2.23696E-01
1.59333E+01 -2.22000E-01 7.53796E-07  -2.21718E-01
1.60000E+01 -2.20000E-01 7.55332E-07  -2.19739E-01
1.60667E+01 -2.18000E-01 7.63625E-07  -2.17760E-01
1.61333E+01 -2.16000E-01 7.70844E-07  -2.15781E-01
1.62000E+01 -2.14000E-01 7.74376E-07  -2.13650E-01
1.62667E+01 -2.12000E-01 7.78523E-07  -2.11671E-01
1.63333E+01 -2.10000E-01 7.90041E-07  -2.09692E-01
1.64000E+01 -2.08000E-01 7.92191E-07  -2.07713E-01
1.64667E+01 -2.06000E-01 7.96492E-07  -2.05734E-01
1.65333E+01 -2.04000E-01 8.08317E-07  -2.03756E-01
1.66000E+01 -2.02000E-01 8.09546E-07  -2.01777E-01
1.66667E+01 -2.00000E-01 8.13539E-07  -1.99798E-01
1.67333E+01 -1.98000E-01 8.26747E-07  -1.97819E-01
1.68000E+01 -1.96000E-01 8.26900E-07  -1.95688E-01
1.68667E+01 -1.94000E-01 8.33812E-07  -1.93709E-01
1.69333E+01 -1.92000E-01 8.44562E-07  -1.91730E-01
1.70000E+01 -1.90000E-01 8.46866E-07  -1.89599E-01
1.70667E+01 -1.88000E-01 8.52702E-07  -1.87620E-01
1.71333E+01 -1.86000E-01 8.64374E-07  -1.85641E-01
1.72000E+01 -1.84000E-01 8.64374E-07  -1.83662E-01
1.72667E+01 -1.82000E-01 8.70517E-07  -1.81683E-01
1.73333E+01 -1.80000E-01 8.81729E-07  -1.79705E-01
1.74000E+01 -1.78000E-01 8.83418E-07  -1.77574E-01
1.74667E+01 -1.76000E-01 8.89561E-07  -1.75595E-01
1.75333E+01 -1.74000E-01 9.00005E-07  -1.73768E-01
1.76000E+01 -1.72000E-01 9.01080E-07  -1.71941E-01
1.76667E+01 -1.70000E-01 9.08605E-07  -1.69962E-01
1.77333E+01 -1.68000E-01 9.18588E-07  -1.67831E-01
1.78000E+01 -1.66000E-01 9.21967E-07  -1.65853E-01
1.78667E+01 -1.64000E-01 9.25038E-07  -1.63874E-01
1.79333E+01 -1.62000E-01 9.36710E-07  -1.61895E-01
1.80000E+01 -1.60000E-01 9.37939E-07  -1.59916E-01
1.80667E+01 -1.58000E-01 9.44850E-07  -1.57937E-01
1.81333E+01 -1.56000E-01 9.52683E-07  -1.55806E-01
1.82000E+01 -1.54000E-01 9.57290E-07  -1.53827E-01
1.82667E+01 -1.52000E-01 9.63280E-07  -1.51848E-01
1.83333E+01 -1.50000E-01 9.71880E-07  -1.49869E-01
1.84000E+01 -1.48000E-01 9.75873E-07  -1.47738E-01
1.84667E+01 -1.46000E-01 9.81249E-07  -1.45759E-01
1.85333E+01 -1.44000E-01 9.85242E-07  -1.43780E-01
1.86000E+01 -1.42000E-01 9.93996E-07  -1.41802E-01
1.86667E+01 -1.40000E-01 9.96453E-07  -1.39823E-01
1.87333E+01 -1.38000E-01 9.97835E-07  -1.37844E-01
1.88000E+01 -1.36000E-01 1.00797E-06  -1.35713E-01
1.88667E+01 -1.34000E-01 1.01181E-06  -1.33886E-01
1.89333E+01 -1.32000E-01 1.01028E-06  -1.31755E-01
1.90000E+01 -1.30000E-01 1.02103E-06  -1.29776E-01
1.90667E+01 -1.28000E-01 1.02379E-06  -1.27797E-01
1.91333E+01 -1.26000E-01 1.02348E-06  -1.25818E-01
1.92000E+01 -1.24000E-01 1.03469E-06  -1.23840E-01
1.92667E+01 -1.22000E-01 1.03623E-06  -1.21861E-01
1.93333E+01 -1.20000E-01 1.03316E-06  -1.19882E-01
1.94000E+01 -1.18000E-01 1.04514E-06  -1.17751E-01
1.94667E+01 -1.16000E-01 1.04514E-06  -1.15772E-01
1.95333E+01 -1.14000E-01 1.04283E-06  -1.13793E-01
1.96000E+01 -1.12000E-01 1.05266E-06  -1.11662E-01
1.96667E+01 -1.10000E-01 1.05405E-06  -1.09683E-01
1.97333E+01 -1.08000E-01 1.05067E-06  -1.07704E-01
1.98000E+01 -1.06000E-01 1.06019E-06  -1.05725E-01
1.98667E+01 -1.04000E-01 1.05927E-06  -1.03746E-01
1.99333E+01 -1.02000E-01 1.06065E-06  -1.01767E-01
2.00000E+01 -1.00000E-01 1.06587E-06  -9.97886E-02
2.00667E+01 -9.80000E-02 1.06526E-06  -9.76575E-02
2.01333E+01 -9.60000E-02 1.06556E-06  -9.56786E-02
2.02000E+01 -9.40000E-02 1.07432E-06  -9.38520E-02
2.02667E+01 -9.20000E-02 1.07294E-06  -9.18731E-02
2.03333E+01 -9.00000E-02 1.07693E-06  -8.97420E-02
2.04000E+01 -8.80000E-02 1.08077E-06  -8.77631E-02
2.04667E+01 -8.60000E-02 1.07816E-06  -8.57843E-02
2.05333E+01 -8.40000E-02 1.08138E-06  -8.38054E-02
2.06000E+01 -8.20000E-02 1.08507E-06  -8.18265E-02
2.06667E+01 -8.00000E-02 1.08384E-06  -7.98477E-02
2.07333E+01 -7.80000E-02 1.08630E-06  -7.78688E-02
2.08000E+01 -7.60000E-02 1.08968E-06  -7.57377E-02
2.08667E+01 -7.40000E-02 1.08876E-06  -7.37588E-02
2.09333E+01 -7.20000E-02 1.09106E-06  -7.17799E-02
2.10000E+01 -7.00000E-02 1.09659E-06  -6.98011E-02
2.10667E+01 -6.80000E-02 1.09229E-06  -6.76700E-02
2.11333E+01 -6.60000E-02 1.09720E-06  -6.58433E-02
2.12000E+01 -6.40000E-02 1.10104E-06  -6.37122E-02
2.12667E+01 -6.20000E-02 1.09966E-06  -6.17334E-02
2.13333E+01 -6.00000E-02 1.10120E-06  -5.97545E-02
2.14000E+01 -5.80000E-02 1.10887E-06  -5.77756E-02
2.14667E+01 -5.60000E-02 1.10596E-06  -5.57967E-02
2.15333E+01 -5.40000E-02 1.11010E-06  -5.38179E-02
2.16000E+01 -5.20000E-02 1.11548E-06  -5.16868E-02
2.16667E+01 -5.00000E-02 1.11333E-06  -4.97079E-02
2.17333E+01 -4.80000E-02 1.11686E-06  -4.77290E-02
2.18000E+01 -4.60000E-02 1.12454E-06  -4.57502E-02
2.18667E+01 -4.40000E-02 1.11993E-06  -4.37713E-02
2.19333E+01 -4.20000E-02 1.12546E-06  -4.17924E-02
2.20000E+01 -4.00000E-02 1.13206E-06  -3.98135E-02
2.20667E+01 -3.80000E-02 1.12976E-06  -3.76825E-02
2.21333E+01 -3.60000E-02 1.13329E-06  -3.57036E-02
2.22000E+01 -3.40000E-02 1.14189E-06  -3.37247E-02
2.22667E+01 -3.20000E-02 1.14051E-06  -3.15936E-02
2.23333E+01 -3.00000E-02 1.14404E-06  -2.96147E-02
2.24000E+01 -2.80000E-02 1.15034E-06  -2.76359E-02
2.24667E+01 -2.60000E-02 1.14804E-06  -2.56570E-02
2.25333E+01 -2.40000E-02 1.15341E-06  -2.36781E-02
2.26000E+01 -2.20000E-02 1.16171E-06  -2.16993E-02
2.26667E+01 -2.00000E-02 1.15940E-06  -1.97204E-02
2.27333E+01 -1.80000E-02 1.16355E-06  -1.77415E-02
2.28000E+01 -1.60000E-02 1.17092E-06  -1.59149E-02
2.28667E+01 -1.40000E-02 1.17000E-06  -1.39360E-02
2.29333E+01 -1.20000E-02 1.17461E-06  -1.19571E-02
2.30000E+01 -1.00000E-02 1.18367E-06  -9.97824E-03
2.30667E+01 -8.00000E-03 1.18275E-06  -7.99936E-03
2.31333E+01 -6.00000E-03 1.18843E-06  -6.02049E-03
2.32000E+01 -4.00000E-03 1.19196E-06  -4.04162E-03
2.32667E+01 -2.00000E-03 1.19595E-06  -1.91053E-03
2.33333E+01 1.45825E-17  1.19918E-06  6.83472E-05 
2.34000E+01 2.00000E-03  1.20379E-06  2.04722E-03 
2.34667E+01 4.00000E-03  1.20517E-06  4.02609E-03 
2.35333E+01 6.00000E-03  1.21300E-06  6.15719E-03 
2.36000E+01 8.00000E-03  1.21438E-06  8.13606E-03 
2.36667E+01 1.00000E-02  1.22237E-06  1.01149E-02 
2.37333E+01 1.20000E-02  1.22805E-06  1.20938E-02 
2.38000E+01 1.40000E-02  1.22621E-06  1.40727E-02 
2.38667E+01 1.60000E-02  1.23558E-06  1.60515E-02 
2.39333E+01 1.80000E-02  1.24264E-06  1.80304E-02 
2.40000E+01 2.00000E-02  1.23911E-06  2.01615E-02 
2.40667E+01 2.20000E-02  1.25017E-06  2.19882E-02 
2.41333E+01 2.40000E-02  1.25585E-06  2.41193E-02 
2.42000E+01 2.60000E-02  1.25508E-06  2.60981E-02 
2.42667E+01 2.80000E-02  1.26491E-06  2.80770E-02 
2.43333E+01 3.00000E-02  1.27290E-06  3.00559E-02 
2.44000E+01 3.20000E-02  1.27152E-06  3.20347E-02 
2.44667E+01 3.40000E-02  1.28396E-06  3.40136E-02 
2.45333E+01 3.60000E-02  1.28687E-06  3.59925E-02 
2.46000E+01 3.80000E-02  1.29117E-06  3.81236E-02 
2.46667E+01 4.00000E-02  1.30177E-06  4.01025E-02 
2.47333E+01 4.20000E-02  1.30699E-06  4.20813E-02 
2.48000E+01 4.40000E-02  1.30945E-06  4.40602E-02 
2.48667E+01 4.60000E-02  1.31897E-06  4.61913E-02 
2.49333E+01 4.80000E-02  1.32235E-06  4.81702E-02 
2.50000E+01 5.00000E-02  1.33049E-06  5.01490E-02 
2.50667E+01 5.20000E-02  1.33556E-06  5.19757E-02 
2.51333E+01 5.40000E-02  1.34124E-06  5.41068E-02 
2.52000E+01 5.60000E-02  1.34831E-06  5.60857E-02 
2.52667E+01 5.80000E-02  1.35675E-06  5.80645E-02 
2.53333E+01 6.00000E-02  1.36121E-06  6.00434E-02 
2.54000E+01 6.20000E-02  1.36904E-06  6.20223E-02 
2.54667E+01 6.40000E-02  1.37994E-06  6.40012E-02 
2.55333E+01 6.60000E-02  1.38271E-06  6.59800E-02 
2.56000E+01 6.80000E-02  1.38839E-06  6.81111E-02 
2.56667E+01 7.00000E-02  1.39868E-06  7.00900E-02 
2.57333E+01 7.20000E-02  1.40528E-06  7.19166E-02 
2.58000E+01 7.40000E-02  1.41312E-06  7.40477E-02 
2.58667E+01 7.60000E-02  1.42202E-06  7.60266E-02 
2.59333E+01 7.80000E-02  1.42755E-06  7.80055E-02 
2.60000E+01 8.00000E-02  1.43815E-06  8.01366E-02 
2.60667E+01 8.20000E-02  1.45136E-06  8.21154E-02 
2.61333E+01 8.40000E-02  1.45873E-06  8.40943E-02 
2.62000E+01 8.60000E-02  1.47332E-06  8.60732E-02 
2.62667E+01 8.80000E-02  1.48545E-06  8.82043E-02 
2.63333E+01 9.00000E-02  1.49451E-06  9.00309E-02 
2.64000E+01 9.20000E-02  1.50757E-06  9.20098E-02 
2.64667E+01 9.40000E-02  1.52323E-06  9.41409E-02 
2.65333E+01 9.60000E-02  1.52953E-06  9.61198E-02 
2.66000E+01 9.80000E-02  1.54550E-06  9.80986E-02 
2.66667E+01 1.00000E-01  1.55533E-06  1.00078E-01 
2.67333E+01 9.80000E-02  9.48075E-07  9.84031E-02 
2.68000E+01 9.60000E-02  7.42278E-07  9.62720E-02 
2.68667E+01 9.40000E-02  6.20335E-07  9.42931E-02 
2.69333E+01 9.20000E-02  5.23118E-07  9.23142E-02 
2.70000E+01 9.00000E-02  4.55543E-07  9.01832E-02 
2.70667E+01 8.80000E-02  3.97643E-07  8.83565E-02 
2.71333E+01 8.60000E-02  3.41279E-07  8.63776E-02 
2.72000E+01 8.40000E-02  2.98430E-07  8.42465E-02 
2.72667E+01 8.20000E-02  2.61264E-07  8.22677E-02 
2.73333E+01 8.00000E-02  2.20872E-07  8.02888E-02 
2.74000E+01 7.80000E-02  1.91231E-07  7.83099E-02 
2.74667E+01 7.60000E-02  1.63740E-07  7.61788E-02 
2.75333E+01 7.40000E-02  1.32410E-07  7.42000E-02 
2.76000E+01 7.20000E-02  1.10909E-07  7.22211E-02 
2.76667E+01 7.00000E-02  8.87931E-08  7.02422E-02 
2.77333E+01 6.80000E-02  6.22237E-08  6.82633E-02 
2.78000E+01 6.60000E-02  4.64050E-08  6.62845E-02 
2.78667E+01 6.40000E-02  2.50573E-08  6.41534E-02 
2.79333E+01 6.20000E-02  6.62764E-09  6.21745E-02 
2.80000E+01 6.00000E-02  -9.80546E-09 6.01956E-02 
2.80667E+01 5.80000E-02  -2.74672E-08 5.83690E-02 
2.81333E+01 5.60000E-02  -4.29788E-08 5.62379E-02 
2.82000E+01 5.40000E-02  -5.46509E-08 5.42590E-02 
2.82667E+01 5.20000E-02  -7.35413E-08 5.22801E-02 
2.83333E+01 5.00000E-02  -8.21418E-08 5.03013E-02 
2.84000E+01 4.80000E-02  -9.39675E-08 4.83224E-02 
2.84667E+01 4.60000E-02  -1.11936E-07 4.63435E-02 
2.85333E+01 4.40000E-02  -1.19001E-07 4.42124E-02 
2.86000E+01 4.20000E-02  -1.28830E-07 4.22336E-02 
2.86667E+01 4.00000E-02  -1.48642E-07 4.02547E-02 
2.87333E+01 3.80000E-02  -1.53096E-07 3.82758E-02 
2.88000E+01 3.60000E-02  -1.60929E-07 3.61447E-02 
2.88667E+01 3.40000E-02  -1.75212E-07 3.41658E-02 
2.89333E+01 3.20000E-02  -1.79512E-07 3.21870E-02 
2.90000E+01 3.00000E-02  -1.86576E-07 3.02081E-02 
2.90667E+01 2.80000E-02  -2.02549E-07 2.82292E-02 
2.91333E+01 2.60000E-02  -2.03163E-07 2.62504E-02 
2.92000E+01 2.40000E-02  -2.10842E-07 2.41193E-02 
2.92667E+01 2.20000E-02  -2.24972E-07 2.21404E-02 
2.93333E+01 2.00000E-02  -2.25432E-07 2.01615E-02 
2.94000E+01 1.80000E-02  -2.33572E-07 1.81826E-02 
2.94667E+01 1.60000E-02  -2.45398E-07 1.62038E-02 
2.95333E+01 1.40000E-02  -2.46166E-07 1.42249E-02 
2.96000E+01 1.20000E-02  -2.54613E-07 1.22460E-02 
2.96667E+01 1.00000E-02  -2.61524E-07 1.02672E-02 
2.97333E+01 8.00000E-03  -2.65056E-07 8.28828E-03 
2.98000E+01 6.00000E-03  -2.71353E-07 6.15719E-03 
2.98667E+01 4.00000E-03  -2.79032E-07 4.17831E-03 
2.99333E+01 2.00000E-03  -2.80568E-07 2.19944E-03 
3.00000E+01 1.45825E-17  -2.87632E-07 2.20568E-04 
3.00667E+01 -2.00000E-03 -2.94236E-07 -1.91053E-03
3.01333E+01 -4.00000E-03 -2.98229E-07 -3.88940E-03
3.02000E+01 -6.00000E-03 -3.04833E-07 -5.86827E-03
3.02667E+01 -8.00000E-03 -3.09594E-07 -7.84714E-03
3.03333E+01 -1.00000E-02 -3.14663E-07 -9.82602E-03
3.04000E+01 -1.20000E-02 -3.20652E-07 -1.18049E-02
3.04667E+01 -1.40000E-02 -3.25567E-07 -1.39360E-02
3.05333E+01 -1.60000E-02 -3.28485E-07 -1.59149E-02
3.06000E+01 -1.80000E-02 -3.34167E-07 -1.75893E-02
3.06667E+01 -2.00000E-02 -3.38160E-07 -1.95682E-02
3.07333E+01 -2.20000E-02 -3.42921E-07 -2.15470E-02
3.08000E+01 -2.40000E-02 -3.48297E-07 -2.36781E-02
3.08667E+01 -2.60000E-02 -3.52136E-07 -2.56570E-02
3.09333E+01 -2.80000E-02 -3.55054E-07 -2.76359E-02
3.10000E+01 -3.00000E-02 -3.60737E-07 -2.96147E-02
3.10667E+01 -3.20000E-02 -3.63962E-07 -3.15936E-02
3.11333E+01 -3.40000E-02 -3.68723E-07 -3.35725E-02
3.12000E+01 -3.60000E-02 -3.74405E-07 -3.55514E-02
3.12667E+01 -3.80000E-02 -3.76555E-07 -3.76825E-02
3.13333E+01 -4.00000E-02 -3.80241E-07 -3.96613E-02
3.14000E+01 -4.20000E-02 -3.85463E-07 -4.16402E-02
3.14667E+01 -4.40000E-02 -3.90070E-07 -4.37713E-02
3.15333E+01 -4.60000E-02 -3.90224E-07 -4.57502E-02
3.16000E+01 -4.80000E-02 -3.99439E-07 -4.75768E-02
3.16667E+01 -5.00000E-02 -4.01896E-07 -4.95557E-02
3.17333E+01 -5.20000E-02 -4.03278E-07 -5.16868E-02
3.18000E+01 -5.40000E-02 -4.09882E-07 -5.36657E-02
3.18667E+01 -5.60000E-02 -4.12954E-07 -5.56445E-02
3.19333E+01 -5.80000E-02 -4.13415E-07 -5.76234E-02
3.20000E+01 -6.00000E-02 -4.22783E-07 -5.96023E-02
3.20667E+01 -6.20000E-02 -4.23397E-07 -6.17334E-02
3.21333E+01 -6.40000E-02 -4.25548E-07 -6.37122E-02
3.22000E+01 -6.60000E-02 -4.32305E-07 -6.56911E-02
3.22667E+01 -6.80000E-02 -4.35991E-07 -6.76700E-02
3.23333E+01 -7.00000E-02 -4.36452E-07 -6.96489E-02
3.24000E+01 -7.20000E-02 -4.43363E-07 -7.16277E-02
3.24667E+01 -7.40000E-02 -4.45206E-07 -7.37588E-02
3.25333E+01 -7.60000E-02 -4.48892E-07 -7.57377E-02
3.26000E+01 -7.80000E-02 -4.54421E-07 -7.77166E-02
3.26667E+01 -8.00000E-02 -4.56724E-07 -7.96954E-02
3.27333E+01 -8.20000E-02 -4.60564E-07 -8.18265E-02
3.28000E+01 -8.40000E-02 -4.66554E-07 -8.38054E-02
3.28667E+01 -8.60000E-02 -4.67168E-07 -8.57843E-02
3.29333E+01 -8.80000E-02 -4.73772E-07 -8.76109E-02
3.30000E+01 -9.00000E-02 -4.78072E-07 -8.97420E-02
3.30667E+01 -9.20000E-02 -4.81144E-07 -9.17209E-02
3.31333E+01 -9.40000E-02 -4.88516E-07 -9.36998E-02
3.32000E+01 -9.60000E-02 -4.92355E-07 -9.56786E-02
3.32667E+01 -9.80000E-02 -4.94044E-07 -9.76575E-02
3.33333E+01 -1.00000E-01 -5.07099E-07 -9.96364E-02
3.34000E+01 -1.02000E-01 -5.06945E-07 -1.01615E-01
3.34667E+01 -1.04000E-01 -5.10478E-07 -1.03746E-01
3.35333E+01 -1.06000E-01 -5.21996E-07 -1.05573E-01
3.36000E+01 -1.08000E-01 -5.22610E-07 -1.07552E-01
3.36667E+01 -1.10000E-01 -5.27218E-07 -1.09683E-01
3.37333E+01 -1.12000E-01 -5.42115E-07 -1.11662E-01
3.38000E+01 -1.14000E-01 -5.39043E-07 -1.13641E-01
3.38667E+01 -1.16000E-01 -5.43958E-07 -1.15772E-01
3.39333E+01 -1.18000E-01 -5.60238E-07 -1.17751E-01
3.40000E+01 -1.20000E-01 -5.56244E-07 -1.19730E-01
3.40667E+01 -1.22000E-01 -5.62388E-07 -1.21708E-01
3.41333E+01 -1.24000E-01 -5.76517E-07 -1.23840E-01
3.42000E+01 -1.26000E-01 -5.74981E-07 -1.25666E-01
3.42667E+01 -1.28000E-01 -5.80357E-07 -1.27645E-01
3.43333E+01 -1.30000E-01 -5.90954E-07 -1.29776E-01
3.44000E+01 -1.32000E-01 -5.91875E-07 -1.31755E-01
3.44667E+01 -1.34000E-01 -5.95100E-07 -1.33734E-01
3.45333E+01 -1.36000E-01 -6.07080E-07 -1.35713E-01
3.46000E+01 -1.38000E-01 -6.08001E-07 -1.37692E-01
3.46667E+01 -1.40000E-01 -6.13684E-07 -1.39823E-01
3.47333E+01 -1.42000E-01 -6.20902E-07 -1.41802E-01
3.48000E+01 -1.44000E-01 -6.23052E-07 -1.43780E-01
3.48667E+01 -1.46000E-01 -6.30885E-07 -1.45759E-01
3.49333E+01 -1.48000E-01 -6.39485E-07 -1.47738E-01
3.50000E+01 -1.50000E-01 -6.43171E-07 -1.49717E-01
3.50667E+01 -1.52000E-01 -6.47010E-07 -1.51696E-01
3.51333E+01 -1.54000E-01 -6.51925E-07 -1.53827E-01
3.52000E+01 -1.56000E-01 -6.57454E-07 -1.55806E-01
3.52667E+01 -1.58000E-01 -6.58375E-07 -1.57785E-01
3.53333E+01 -1.60000E-01 -6.66054E-07 -1.59764E-01
3.54000E+01 -1.62000E-01 -6.67129E-07 -1.61895E-01
3.54667E+01 -1.64000E-01 -6.75269E-07 -1.63721E-01
3.55333E+01 -1.66000E-01 -6.77266E-07 -1.65700E-01
3.56000E+01 -1.68000E-01 -6.80645E-07 -1.67831E-01
3.56667E+01 -1.70000E-01 -6.87249E-07 -1.69810E-01
3.57333E+01 -1.72000E-01 -6.90627E-07 -1.71789E-01
3.58000E+01 -1.74000E-01 -6.89859E-07 -1.73768E-01
3.58667E+01 -1.76000E-01 -6.94928E-07 -1.75595E-01
3.59333E+01 -1.78000E-01 -6.98306E-07 -1.77574E-01
3.60000E+01 -1.80000E-01 -7.01224E-07 -1.79552E-01
3.60667E+01 -1.82000E-01 -7.06446E-07 -1.81683E-01
3.61333E+01 -1.84000E-01 -7.12129E-07 -1.83510E-01
3.62000E+01 -1.86000E-01 -7.12589E-07 -1.85489E-01
3.62667E+01 -1.88000E-01 -7.20268E-07 -1.87468E-01
3.63333E+01 -1.90000E-01 -7.22879E-07 -1.89599E-01
3.64000E+01 -1.92000E-01 -7.25336E-07 -1.91578E-01
3.64667E+01 -1.94000E-01 -7.31173E-07 -1.93709E-01
3.65333E+01 -1.96000E-01 -7.37776E-07 -1.95536E-01
3.66000E+01 -1.98000E-01 -7.39159E-07 -1.97667E-01
3.66667E+01 -2.00000E-01 -7.47759E-07 -1.99646E-01
3.67333E+01 -2.02000E-01 -7.52520E-07 -2.01624E-01
3.68000E+01 -2.04000E-01 -7.57281E-07 -2.03603E-01
3.68667E+01 -2.06000E-01 -7.64653E-07 -2.05582E-01
3.69333E+01 -2.08000E-01 -7.70336E-07 -2.07561E-01
3.70000E+01 -2.10000E-01 -7.74482E-07 -2.09692E-01
3.70667E+01 -2.12000E-01 -7.84311E-07 -2.11671E-01
3.71333E+01 -2.14000E-01 -7.90608E-07 -2.13650E-01
3.72000E+01 -2.16000E-01 -7.97673E-07 -2.15629E-01
3.72667E+01 -2.18000E-01 -8.07348E-07 -2.17608E-01
3.73333E+01 -2.20000E-01 -8.14874E-07 -2.19586E-01
3.74000E+01 -2.22000E-01 -8.20863E-07 -2.21718E-01
3.74667E+01 -2.24000E-01 -8.31614E-07 -2.23544E-01
3.75333E+01 -2.26000E-01 -8.39600E-07 -2.25523E-01
3.76000E+01 -2.28000E-01 -8.49583E-07 -2.27654E-01
3.76667E+01 -2.30000E-01 -8.59412E-07 -2.29633E-01
3.77333E+01 -2.32000E-01 -8.67552E-07 -2.31612E-01
3.78000E+01 -2.34000E-01 -8.80913E-07 -2.33743E-01
3.78667E+01 -2.36000E-01 -8.88439E-07 -2.35722E-01
3.79333E+01 -2.38000E-01 -8.98114E-07 -2.37701E-01
3.80000E+01 -2.40000E-01 -9.13165E-07 -2.39680E-01
3.80667E+01 -2.42000E-01 -9.20230E-07 -2.41659E-01
3.81333E+01 -2.44000E-01 -9.30213E-07 -2.43637E-01
3.82000E+01 -2.46000E-01 -9.46492E-07 -2.45616E-01
3.82667E+01 -2.48000E-01 -9.51253E-07 -2.47747E-01
3.83333E+01 -2.50000E-01 -9.62157E-07 -2.49726E-01
3.84000E+01 -2.52000E-01 -9.82891E-07 -2.51705E-01
3.84667E+01 -2.54000E-01 -9.84887E-07 -2.53684E-01
3.85333E+01 -2.56000E-01 -9.95177E-07 -2.55663E-01
3.86000E+01 -2.58000E-01 -1.01468E-06 -2.57642E-01
3.86667E+01 -2.60000E-01 -1.01530E-06 -2.59621E-01
3.87333E+01 -2.62000E-01 -1.02589E-06 -2.61599E-01
3.88000E+01 -2.64000E-01 -1.04524E-06 -2.63578E-01
3.88667E+01 -2.66000E-01 -1.04617E-06 -2.65709E-01
3.89333E+01 -2.68000E-01 -1.05569E-06 -2.67688E-01
3.90000E+01 -2.70000E-01 -1.07243E-06 -2.69667E-01
3.90667E+01 -2.72000E-01 -1.07442E-06 -2.71646E-01
3.91333E+01 -2.74000E-01 -1.08287E-06 -2.73625E-01
3.92000E+01 -2.76000E-01 -1.09854E-06 -2.75756E-01
3.92667E+01 -2.78000E-01 -1.10023E-06 -2.77735E-01
3.93333E+01 -2.80000E-01 -1.10683E-06 -2.79714E-01
3.94000E+01 -2.82000E-01 -1.11850E-06 -2.81693E-01
3.94667E+01 -2.84000E-01 -1.12203E-06 -2.83672E-01
3.95333E+01 -2.86000E-01 -1.12603E-06 -2.85650E-01
3.96000E+01 -2.88000E-01 -1.13647E-06 -2.87629E-01
3.96667E+01 -2.90000E-01 -1.13709E-06 -2.89760E-01
3.97333E+01 -2.92000E-01 -1.14308E-06 -2.91739E-01
3.98000E+01 -2.94000E-01 -1.14968E-06 -2.93718E-01
3.98667E+01 -2.96000E-01 -1.15229E-06 -2.95697E-01
3.99333E+01 -2.98000E-01 -1.15613E-06 -2.97676E-01
4.00000E+01 -3.00000E-01 -1.16089E-06 -2.99655E-01
4.00667E+01 -3.02000E-01 -1.16427E-06 -3.01634E-01
4.01333E+01 -3.04000E-01 -1.16673E-06 -3.03612E-01
4.02000E+01 -3.06000E-01 -1.16964E-06 -3.05744E-01
4.02667E+01 -3.08000E-01 -1.17149E-06 -3.07722E-01
4.03333E+01 -3.10000E-01 -1.17364E-06 -3.09701E-01
4.04000E+01 -3.12000E-01 -1.17717E-06 -3.11680E-01
4.04667E+01 -3.14000E-01 -1.17625E-06 -3.13811E-01
4.05333E+01 -3.16000E-01 -1.17932E-06 -3.15790E-01
4.06000E+01 -3.18000E-01 -1.18101E-06 -3.17769E-01
4.06667E+01 -3.20000E-01 -1.17886E-06 -3.19748E-01
4.07333E+01 -3.22000E-01 -1.18040E-06 -3.21727E-01
4.08000E+01 -3.24000E-01 -1.18500E-06 -3.23706E-01
4.08667E+01 -3.26000E-01 -1.18193E-06 -3.25685E-01
4.09333E+01 -3.28000E-01 -1.18331E-06 -3.27816E-01
4.10000E+01 -3.30000E-01 -1.18531E-06 -3.29642E-01
4.10667E+01 -3.32000E-01 -1.18270E-06 -3.31621E-01
4.11333E+01 -3.34000E-01 -1.18516E-06 -3.33752E-01
4.12000E+01 -3.36000E-01 -1.18362E-06 -3.35731E-01
4.12667E+01 -3.38000E-01 -1.18162E-06 -3.37710E-01
4.13333E+01 -3.40000E-01 -1.18454E-06 -3.39689E-01
4.14000E+01 -3.42000E-01 -1.18423E-06 -3.41668E-01
4.14667E+01 -3.44000E-01 -1.18239E-06 -3.43647E-01
4.15333E+01 -3.46000E-01 -1.18377E-06 -3.45778E-01
4.16000E+01 -3.48000E-01 -1.18531E-06 -3.47757E-01
4.16667E+01 -3.50000E-01 -1.18132E-06 -3.49735E-01
4.17333E+01 -3.52000E-01 -1.18408E-06 -3.51714E-01
4.18000E+01 -3.54000E-01 -1.18393E-06 -3.53845E-01
4.18667E+01 -3.56000E-01 -1.18132E-06 -3.55824E-01
4.19333E+01 -3.58000E-01 -1.18700E-06 -3.57803E-01
4.20000E+01 -3.60000E-01 -1.17809E-06 -3.59782E-01
4.20667E+01 -3.62000E-01 -1.18777E-06 -3.61761E-01
4.21333E+01 -3.64000E-01 -1.18362E-06 -3.63740E-01
4.22000E+01 -3.66000E-01 -1.18301E-06 -3.65719E-01
4.22667E+01 -3.68000E-01 -1.18116E-06 -3.67850E-01
4.23333E+01 -3.70000E-01 -1.18316E-06 -3.69829E-01
4.24000E+01 -3.72000E-01 -1.18331E-06 -3.71807E-01
4.24667E+01 -3.74000E-01 -1.18255E-06 -3.73786E-01
4.25333E+01 -3.76000E-01 -1.18270E-06 -3.75765E-01
4.26000E+01 -3.78000E-01 -1.18116E-06 -3.77744E-01
4.26667E+01 -3.80000E-01 -1.18546E-06 -3.79723E-01
4.27333E+01 -3.82000E-01 -1.18331E-06 -3.81702E-01
4.28000E+01 -3.84000E-01 -1.18070E-06 -3.83833E-01
4.28667E+01 -3.86000E-01 -1.18777E-06 -3.85812E-01
4.29333E+01 -3.88000E-01 -1.18255E-06 -3.87791E-01
4.30000E+01 -3.90000E-01 -1.18116E-06 -3.89770E-01
4.30667E+01 -3.92000E-01 -1.19191E-06 -3.91901E-01
4.31333E+01 -3.94000E-01 -1.18285E-06 -3.93879E-01
4.32000E+01 -3.96000E-01 -1.18193E-06 -3.95858E-01
4.32667E+01 -3.98000E-01 -1.19268E-06 -3.97837E-01
4.33333E+01 -4.00000E-01 -1.18423E-06 -3.99816E-01
4.34000E+01 -4.02000E-01 -1.18270E-06 -4.01795E-01
4.34667E+01 -4.04000E-01 -1.19176E-06 -4.03926E-01
4.35333E+01 -4.06000E-01 -1.18331E-06 -4.05905E-01
4.36000E+01 -4.08000E-01 -1.18316E-06 -4.07732E-01
4.36667E+01 -4.10000E-01 -1.19452E-06 -4.09710E-01
4.37333E+01 -4.12000E-01 -1.18393E-06 -4.11842E-01
4.38000E+01 -4.14000E-01 -1.18423E-06 -4.13820E-01
4.38667E+01 -4.16000E-01 -1.19452E-06 -4.15799E-01
4.39333E+01 -4.18000E-01 -1.18500E-06 -4.17778E-01
4.40000E+01 -4.20000E-01 -1.18562E-06 -4.19757E-01
4.40667E+01 -4.22000E-01 -1.19253E-06 -4.21736E-01
4.41333E+01 -4.24000E-01 -1.18700E-06 -4.23867E-01
4.42000E+01 -4.26000E-01 -1.18807E-06 -4.25846E-01
4.42667E+01 -4.28000E-01 -1.19299E-06 -4.27825E-01
4.43333E+01 -4.30000E-01 -1.18761E-06 -4.29804E-01
4.44000E+01 -4.32000E-01 -1.18946E-06 -4.31935E-01
4.44667E+01 -4.34000E-01 -1.19314E-06 -4.33914E-01
4.45333E+01 -4.36000E-01 -1.19069E-06 -4.35892E-01
4.46000E+01 -4.38000E-01 -1.19207E-06 -4.37719E-01
4.46667E+01 -4.40000E-01 -1.19360E-06 -4.39850E-01
4.47333E+01 -4.42000E-01 -1.19237E-06 -4.41829E-01
4.48000E+01 -4.44000E-01 -1.19468E-06 -4.43808E-01
4.48667E+01 -4.46000E-01 -1.19621E-06 -4.45939E-01
4.49333E+01 -4.48000E-01 -1.19376E-06 -4.47918E-01
4.50000E+01 -4.50000E-01 -1.19468E-06 -4.49897E-01
4.50667E+01 -4.52000E-01 -1.19760E-06 -4.51876E-01
4.51333E+01 -4.54000E-01 -1.19529E-06 -4.53855E-01
4.52000E+01 -4.56000E-01 -1.19867E-06 -4.55833E-01
4.52667E+01 -4.58000E-01 -1.20036E-06 -4.57812E-01
4.53333E+01 -4.60000E-01 -1.19913E-06 -4.59791E-01
4.54000E+01 -4.62000E-01 -1.20113E-06 -4.61922E-01
4.54667E+01 -4.64000E-01 -1.20251E-06 -4.63901E-01
4.55333E+01 -4.66000E-01 -1.20236E-06 -4.65880E-01
4.56000E+01 -4.68000E-01 -1.20435E-06 -4.67859E-01
4.56667E+01 -4.70000E-01 -1.20558E-06 -4.69990E-01
4.57333E+01 -4.72000E-01 -1.20313E-06 -4.71969E-01
4.58000E+01 -4.74000E-01 -1.20804E-06 -4.73948E-01
4.58667E+01 -4.76000E-01 -1.20896E-06 -4.75927E-01
4.59333E+01 -4.78000E-01 -1.20558E-06 -4.77905E-01
4.60000E+01 -4.80000E-01 -1.21034E-06 -4.79884E-01
4.60667E+01 -4.82000E-01 -1.21203E-06 -4.81863E-01
4.61333E+01 -4.84000E-01 -1.20881E-06 -4.83994E-01
4.62000E+01 -4.86000E-01 -1.21311E-06 -4.85669E-01
4.62667E+01 -4.88000E-01 -1.21403E-06 -4.87648E-01
4.63333E+01 -4.90000E-01 -1.21096E-06 -4.89626E-01
4.64000E+01 -4.92000E-01 -1.21541E-06 -4.91605E-01
4.64667E+01 -4.94000E-01 -1.21618E-06 -4.93736E-01
4.65333E+01 -4.96000E-01 -1.21434E-06 -4.95563E-01
4.66000E+01 -4.98000E-01 -1.21894E-06 -4.97694E-01
4.66667E+01 -5.00000E-01 -1.21940E-06 -4.99673E-01
4.67333E+01 -5.02000E-01 -1.21756E-06 -5.01652E-01
4.68000E+01 -5.04000E-01 -1.22017E-06 -5.03783E-01
4.68667E+01 -5.06000E-01 -1.22478E-06 -5.05762E-01
4.69333E+01 -5.08000E-01 -1.22217E-06 -5.07741E-01
4.70000E+01 -5.10000E-01 -1.22662E-06 -5.09720E-01
4.70667E+01 -5.12000E-01 -1.22831E-06 -5.11851E-01
4.71333E+01 -5.14000E-01 -1.22493E-06 -5.13830E-01
4.72000E+01 -5.16000E-01 -1.22877E-06 -5.15656E-01
4.72667E+01 -5.18000E-01 -1.23046E-06 -5.17787E-01
4.73333E+01 -5.20000E-01 -1.23261E-06 -5.19766E-01
4.74000E+01 -5.22000E-01 -1.23246E-06 -5.21745E-01
4.74667E+01 -5.24000E-01 -1.23384E-06 -5.23876E-01
4.75333E+01 -5.26000E-01 -1.23722E-06 -5.25703E-01
4.76000E+01 -5.28000E-01 -1.23538E-06 -5.27682E-01
4.76667E+01 -5.30000E-01 -1.23768E-06 -5.29813E-01
4.77333E+01 -5.32000E-01 -1.24536E-06 -5.31792E-01
4.78000E+01 -5.34000E-01 -1.23983E-06 -5.33771E-01
4.78667E+01 -5.36000E-01 -1.24229E-06 -5.35749E-01
4.79333E+01 -5.38000E-01 -1.25166E-06 -5.37728E-01
4.80000E+01 -5.40000E-01 -1.24490E-06 -5.39859E-01
4.80667E+01 -5.42000E-01 -1.24490E-06 -5.41838E-01
4.81333E+01 -5.44000E-01 -1.25811E-06 -5.43817E-01
4.82000E+01 -5.46000E-01 -1.24981E-06 -5.45796E-01
4.82667E+01 -5.48000E-01 -1.25104E-06 -5.47775E-01
4.83333E+01 -5.50000E-01 -1.26410E-06 -5.49906E-01
4.84000E+01 -5.52000E-01 -1.25580E-06 -5.51885E-01
4.84667E+01 -5.54000E-01 -1.25780E-06 -5.53864E-01
4.85333E+01 -5.56000E-01 -1.26855E-06 -5.55843E-01
4.86000E+01 -5.58000E-01 -1.26087E-06 -5.57821E-01
4.86667E+01 -5.60000E-01 -1.26195E-06 -5.59800E-01
4.87333E+01 -5.62000E-01 -1.27316E-06 -5.61931E-01
4.88000E+01 -5.64000E-01 -1.26594E-06 -5.63758E-01
4.88667E+01 -5.66000E-01 -1.26824E-06 -5.65737E-01
4.89333E+01 -5.68000E-01 -1.27746E-06 -5.67716E-01
4.90000E+01 -5.70000E-01 -1.27208E-06 -5.69847E-01
4.90667E+01 -5.72000E-01 -1.27485E-06 -5.71826E-01
4.91333E+01 -5.74000E-01 -1.28114E-06 -5.73652E-01
4.92000E+01 -5.76000E-01 -1.27823E-06 -5.75784E-01
4.92667E+01 -5.78000E-01 -1.28068E-06 -5.77762E-01
4.93333E+01 -5.80000E-01 -1.28729E-06 -5.79741E-01
4.94000E+01 -5.82000E-01 -1.28452E-06 -5.81720E-01
4.94667E+01 -5.84000E-01 -1.28775E-06 -5.83851E-01
4.95333E+01 -5.86000E-01 -1.29297E-06 -5.85830E-01
4.96000E+01 -5.88000E-01 -1.29174E-06 -5.87809E-01
4.96667E+01 -5.90000E-01 -1.29527E-06 -5.89940E-01
4.97333E+01 -5.92000E-01 -1.30003E-06 -5.91919E-01
4.98000E+01 -5.94000E-01 -1.29834E-06 -5.93746E-01
4.98667E+01 -5.96000E-01 -1.30265E-06 -5.95724E-01
4.99333E+01 -5.98000E-01 -1.30756E-06 -5.97856E-01
5.00000E+01 -6.00000E-01 -1.30679E-06 -5.99834E-01
5.00667E+01 -6.02000E-01 -1.31032E-06 -6.01813E-01
5.01333E+01 -6.04000E-01 -1.31585E-06 -6.03792E-01
5.02000E+01 -6.06000E-01 -1.31309E-06 -6.05771E-01
5.02667E+01 -6.08000E-01 -1.32031E-06 -6.07902E-01
5.03333E+01 -6.10000E-01 -1.32461E-06 -6.09881E-01
5.04000E+01 -6.12000E-01 -1.32415E-06 -6.11860E-01
5.04667E+01 -6.14000E-01 -1.32875E-06 -6.13687E-01
5.05333E+01 -6.16000E-01 -1.33351E-06 -6.15818E-01
5.06000E+01 -6.18000E-01 -1.33244E-06 -6.17797E-01
5.06667E+01 -6.20000E-01 -1.34119E-06 -6.19775E-01
5.07333E+01 -6.22000E-01 -1.34380E-06 -6.21906E-01
5.08000E+01 -6.24000E-01 -1.34242E-06 -6.23885E-01
5.08667E+01 -6.26000E-01 -1.34979E-06 -6.25864E-01
5.09333E+01 -6.28000E-01 -1.35409E-06 -6.27995E-01
5.10000E+01 -6.30000E-01 -1.35287E-06 -6.29822E-01
5.10667E+01 -6.32000E-01 -1.35855E-06 -6.31801E-01
5.11333E+01 -6.34000E-01 -1.36438E-06 -6.33780E-01
5.12000E+01 -6.36000E-01 -1.36408E-06 -6.35911E-01
5.12667E+01 -6.38000E-01 -1.37068E-06 -6.37890E-01
5.13333E+01 -6.40000E-01 -1.37682E-06 -6.39869E-01
5.14000E+01 -6.42000E-01 -1.37498E-06 -6.41847E-01
5.14667E+01 -6.44000E-01 -1.38297E-06 -6.43674E-01
5.15333E+01 -6.46000E-01 -1.38711E-06 -6.45653E-01
5.16000E+01 -6.48000E-01 -1.38834E-06 -6.47632E-01
5.16667E+01 -6.50000E-01 -1.39571E-06 -6.49763E-01
5.17333E+01 -6.52000E-01 -1.40078E-06 -6.51590E-01
5.18000E+01 -6.54000E-01 -1.40063E-06 -6.53568E-01
5.18667E+01 -6.56000E-01 -1.40877E-06 -6.55547E-01
5.19333E+01 -6.58000E-01 -1.41384E-06 -6.57678E-01
5.20000E+01 -6.60000E-01 -1.41629E-06 -6.59657E-01
5.20667E+01 -6.62000E-01 -1.42152E-06 -6.61636E-01
5.21333E+01 -6.64000E-01 -1.42643E-06 -6.63767E-01
5.22000E+01 -6.66000E-01 -1.43104E-06 -6.65746E-01
5.22667E+01 -6.68000E-01 -1.43780E-06 -6.67725E-01
5.23333E+01 -6.70000E-01 -1.44240E-06 -6.69704E-01
5.24000E+01 -6.72000E-01 -1.44947E-06 -6.71683E-01
5.24667E+01 -6.74000E-01 -1.45162E-06 -6.73662E-01
5.25333E+01 -6.76000E-01 -1.45853E-06 -6.75640E-01
5.26000E+01 -6.78000E-01 -1.46790E-06 -6.77619E-01
5.26667E+01 -6.80000E-01 -1.46759E-06 -6.79750E-01
5.27333E+01 -6.82000E-01 -1.47389E-06 -6.81729E-01
5.28000E+01 -6.84000E-01 -1.48802E-06 -6.83708E-01
5.28667E+01 -6.86000E-01 -1.48341E-06 -6.85687E-01
5.29333E+01 -6.88000E-01 -1.49232E-06 -6.87666E-01
5.30000E+01 -6.90000E-01 -1.50721E-06 -6.89645E-01
5.30667E+01 -6.92000E-01 -1.50230E-06 -6.91624E-01
5.31333E+01 -6.94000E-01 -1.51105E-06 -6.93603E-01
5.32000E+01 -6.96000E-01 -1.52764E-06 -6.95734E-01
5.32667E+01 -6.98000E-01 -1.52165E-06 -6.97713E-01
