time/s      E/V        I/A
0.00000E+00 -7.00000E-01 -1.53117E-06 -6.99691E-01
6.66667E-02 -6.98000E-01 -1.03173E-06 -6.97865E-01
1.33333E-01 -6.96000E-01 -8.76460E-07 -6.95734E-01
2.00000E-01 -6.94000E-01 -7.90608E-07 -6.93755E-01
2.66667E-01 -6.92000E-01 -7.36087E-07 -6.91776E-01
3.33333E-01 -6.90000E-01 -6.72812E-07 -6.89797E-01
4.00000E-01 -6.88000E-01 -6.32574E-07 -6.87818E-01
4.66667E-01 -6.86000E-01 -5.98940E-07 -6.85839E-01
5.33333E-01 -6.84000E-01 -5.59930E-07 -6.83708E-01
6.00000E-01 -6.82000E-01 -5.31211E-07 -6.81729E-01
6.66667E-01 -6.80000E-01 -5.08942E-07 -6.79750E-01
7.33333E-01 -6.78000E-01 -4.75000E-07 -6.77772E-01
8.00000E-01 -6.76000E-01 -4.57032E-07 -6.75793E-01
8.66667E-01 -6.74000E-01 -4.37527E-07 -6.73814E-01
9.33333E-01 -6.72000E-01 -4.12493E-07 -6.71683E-01
1.00000E+00 -6.70000E-01 -3.98364E-07 -6.69856E-01
1.06667E+00 -6.68000E-01 -3.81624E-07 -6.67877E-01
1.13333E+00 -6.66000E-01 -3.59662E-07 -6.65746E-01
1.20000E+00 -6.64000E-01 -3.49525E-07 -6.63767E-01
1.26667E+00 -6.62000E-01 -3.34014E-07 -6.61788E-01
1.33333E+00 -6.60000E-01 -3.17120E-07 -6.59810E-01
1.40000E+00 -6.58000E-01 -3.08212E-07 -6.57678E-01
1.46667E+00 -6.56000E-01 -2.93161E-07 -6.55700E-01
1.53333E+00 -6.54000E-01 -2.76421E-07 -6.53721E-01
1.60000E+00 -6.52000E-01 -2.71660E-07 -6.51590E-01
1.66667E+00 -6.50000E-01 -2.58606E-07 -6.49763E-01
1.73333E+00 -6.48000E-01 -2.44937E-07 -6.47784E-01
1.80000E+00 -6.46000E-01 -2.39715E-07 -6.45653E-01
1.86667E+00 -6.44000E-01 -2.28504E-07 -6.43674E-01
1.93333E+00 -6.42000E-01 -2.15603E-07 -6.41847E-01
2.00000E+00 -6.40000E-01 -2.12378E-07 -6.40021E-01
2.06667E+00 -6.38000E-01 -2.01013E-07 -6.38042E-01
2.13333E+00 -6.36000E-01 -1.86884E-07 -6.35911E-01
2.20000E+00 -6.34000E-01 -1.85348E-07 -6.33932E-01
2.26667E+00 -6.32000E-01 -1.75212E-07 -6.31953E-01
2.33333E+00 -6.30000E-01 -1.61389E-07 -6.29974E-01
2.40000E+00 -6.28000E-01 -1.63539E-07 -6.27995E-01
2.46667E+00 -6.26000E-01 -1.53557E-07 -6.26016E-01
2.53333E+00 -6.24000E-01 -1.40656E-07 -6.23885E-01
2.60000E+00 -6.22000E-01 -1.40810E-07 -6.21906E-01
2.66667E+00 -6.20000E-01 -1.33898E-07 -6.19928E-01
2.73333E+00 -6.18000E-01 -1.20844E-07 -6.17949E-01
2.80000E+00 -6.16000E-01 -1.20690E-07 -6.15818E-01
2.86667E+00 -6.14000E-01 -1.12704E-07 -6.13839E-01
2.93333E+00 -6.12000E-01 -1.02568E-07 -6.11860E-01
3.00000E+00 -6.10000E-01 -1.03336E-07 -6.09881E-01
3.06667E+00 -6.08000E-01 -9.36603E-08 -6.07902E-01
3.13333E+00 -6.06000E-01 -8.36776E-08 -6.05923E-01
3.20000E+00 -6.04000E-01 -8.56742E-08 -6.03944E-01
3.26667E+00 -6.02000E-01 -7.96845E-08 -6.01966E-01
3.33333E+00 -6.00000E-01 -6.98554E-08 -5.99987E-01
3.40000E+00 -5.98000E-01 -7.01625E-08 -5.98008E-01
3.46667E+00 -5.96000E-01 -6.43265E-08 -5.95877E-01
3.53333E+00 -5.94000E-01 -5.46509E-08 -5.93898E-01
3.60000E+00 -5.92000E-01 -5.54188E-08 -5.91919E-01
3.66667E+00 -5.90000E-01 -4.92756E-08 -5.89940E-01
3.73333E+00 -5.88000E-01 -4.45146E-08 -5.87961E-01
3.80000E+00 -5.86000E-01 -3.91393E-08 -5.85982E-01
3.86667E+00 -5.84000E-01 -3.43783E-08 -5.83851E-01
3.93333E+00 -5.82000E-01 -3.23818E-08 -5.81872E-01
4.00000E+00 -5.80000E-01 -2.57778E-08 -5.79894E-01
4.06667E+00 -5.78000E-01 -2.13240E-08 -5.77915E-01
4.13333E+00 -5.76000E-01 -2.17847E-08 -5.75784E-01
4.20000E+00 -5.74000E-01 -1.42593E-08 -5.73805E-01
4.26667E+00 -5.72000E-01 -9.34472E-09 -5.71826E-01
4.33333E+00 -5.70000E-01 -1.07269E-08 -5.69847E-01
4.40000E+00 -5.68000E-01 -1.29894E-10 -5.67868E-01
4.46667E+00 -5.66000E-01 5.24542E-09  -5.65889E-01
4.53333E+00 -5.64000E-01 -8.97796E-10 -5.63910E-01
4.60000E+00 -5.62000E-01 1.39995E-08  -5.61931E-01
4.66667E+00 -5.60000E-01 1.53817E-08  -5.59953E-01
4.73333E+00 -5.58000E-01 1.09279E-08  -5.57821E-01
4.80000E+00 -5.56000E-01 2.42894E-08  -5.55843E-01
4.86667E+00 -5.54000E-01 2.87432E-08  -5.53864E-01
4.93333E+00 -5.52000E-01 2.24464E-08  -5.51885E-01
5.00000E+00 -5.50000E-01 3.67294E-08  -5.49906E-01
5.06667E+00 -5.48000E-01 3.84188E-08  -5.47927E-01
5.13333E+00 -5.46000E-01 3.71901E-08  -5.45948E-01
5.20000E+00 -5.44000E-01 4.77872E-08  -5.43817E-01
5.26667E+00 -5.42000E-01 5.10124E-08  -5.41838E-01
5.33333E+00 -5.40000E-01 4.93230E-08  -5.39859E-01
5.40000E+00 -5.38000E-01 6.22237E-08  -5.37881E-01
5.46667E+00 -5.36000E-01 6.19166E-08  -5.35749E-01
5.53333E+00 -5.34000E-01 6.19166E-08  -5.33923E-01
5.60000E+00 -5.32000E-01 7.02099E-08  -5.31792E-01
5.66667E+00 -5.30000E-01 7.31279E-08  -5.29813E-01
5.73333E+00 -5.28000E-01 7.48173E-08  -5.27834E-01
5.80000E+00 -5.26000E-01 8.24964E-08  -5.25855E-01
5.86667E+00 -5.24000E-01 8.21892E-08  -5.23876E-01
5.93333E+00 -5.22000E-01 8.67966E-08  -5.21897E-01
6.00000E+00 -5.20000E-01 9.50899E-08  -5.19918E-01
6.06667E+00 -5.18000E-01 9.46292E-08  -5.17787E-01
6.13333E+00 -5.16000E-01 9.78544E-08  -5.15808E-01
6.20000E+00 -5.14000E-01 1.05841E-07  -5.13982E-01
6.26667E+00 -5.12000E-01 1.03537E-07  -5.11851E-01
6.33333E+00 -5.10000E-01 1.09834E-07  -5.09872E-01
6.40000E+00 -5.08000E-01 1.17359E-07  -5.07893E-01
6.46667E+00 -5.06000E-01 1.15516E-07  -5.05762E-01
6.53333E+00 -5.04000E-01 1.19816E-07  -5.03783E-01
6.60000E+00 -5.02000E-01 1.28263E-07  -5.01804E-01
6.66667E+00 -5.00000E-01 1.24270E-07  -4.99673E-01
6.73333E+00 -4.98000E-01 1.31028E-07  -4.97694E-01
6.80000E+00 -4.96000E-01 1.39321E-07  -4.95715E-01
6.86667E+00 -4.94000E-01 1.35635E-07  -4.93889E-01
6.93333E+00 -4.92000E-01 1.40550E-07  -4.91758E-01
7.00000E+00 -4.90000E-01 1.50225E-07  -4.89779E-01
7.06667E+00 -4.88000E-01 1.44696E-07  -4.87800E-01
7.13333E+00 -4.86000E-01 1.51608E-07  -4.85821E-01
7.20000E+00 -4.84000E-01 1.58979E-07  -4.83994E-01
7.26667E+00 -4.82000E-01 1.55908E-07  -4.82015E-01
7.33333E+00 -4.80000E-01 1.59901E-07  -4.80037E-01
7.40000E+00 -4.78000E-01 1.71112E-07  -4.77905E-01
7.46667E+00 -4.76000E-01 1.65123E-07  -4.75927E-01
7.53333E+00 -4.74000E-01 1.73109E-07  -4.74100E-01
7.60000E+00 -4.72000E-01 1.82631E-07  -4.72121E-01
7.66667E+00 -4.70000E-01 1.76027E-07  -4.69990E-01
7.73333E+00 -4.68000E-01 1.81863E-07  -4.68011E-01
7.80000E+00 -4.66000E-01 1.93381E-07  -4.66032E-01
7.86667E+00 -4.64000E-01 1.86163E-07  -4.63901E-01
7.93333E+00 -4.62000E-01 1.91692E-07  -4.61922E-01
8.00000E+00 -4.60000E-01 1.99985E-07  -4.59943E-01
8.06667E+00 -4.58000E-01 1.98450E-07  -4.57812E-01
8.13333E+00 -4.56000E-01 2.02289E-07  -4.55986E-01
8.20000E+00 -4.54000E-01 2.10890E-07  -4.54007E-01
8.26667E+00 -4.52000E-01 2.06589E-07  -4.52028E-01
8.33333E+00 -4.50000E-01 2.13040E-07  -4.49897E-01
8.40000E+00 -4.48000E-01 2.17186E-07  -4.47918E-01
8.46667E+00 -4.46000E-01 2.17494E-07  -4.45939E-01
8.53333E+00 -4.44000E-01 2.21333E-07  -4.43960E-01
8.60000E+00 -4.42000E-01 2.26248E-07  -4.41981E-01
8.66667E+00 -4.40000E-01 2.27937E-07  -4.39850E-01
8.73333E+00 -4.38000E-01 2.32698E-07  -4.37871E-01
8.80000E+00 -4.36000E-01 2.33927E-07  -4.36045E-01
8.86667E+00 -4.34000E-01 2.38380E-07  -4.33914E-01
8.93333E+00 -4.32000E-01 2.42834E-07  -4.31935E-01
9.00000E+00 -4.30000E-01 2.41913E-07  -4.29956E-01
9.06667E+00 -4.28000E-01 2.48670E-07  -4.27977E-01
9.13333E+00 -4.26000E-01 2.53431E-07  -4.25998E-01
9.20000E+00 -4.24000E-01 2.47902E-07  -4.23867E-01
9.26667E+00 -4.22000E-01 2.60650E-07  -4.21888E-01
9.33333E+00 -4.20000E-01 2.60957E-07  -4.19757E-01
9.40000E+00 -4.18000E-01 2.57578E-07  -4.17778E-01
9.46667E+00 -4.16000E-01 2.71093E-07  -4.15952E-01
9.53333E+00 -4.14000E-01 2.74318E-07  -4.13973E-01
9.60000E+00 -4.12000E-01 2.67407E-07  -4.11842E-01
9.66667E+00 -4.10000E-01 2.82151E-07  -4.09863E-01
9.73333E+00 -4.08000E-01 2.84608E-07  -4.07884E-01
9.80000E+00 -4.06000E-01 2.79847E-07  -4.05905E-01
9.86667E+00 -4.04000E-01 2.94284E-07  -4.03926E-01
9.93333E+00 -4.02000E-01 2.97048E-07  -4.01947E-01
1.00000E+01 -4.00000E-01 2.92134E-07  -3.99816E-01
1.00667E+01 -3.98000E-01 3.04727E-07  -3.97837E-01
1.01333E+01 -3.96000E-01 3.05341E-07  -3.96011E-01
1.02000E+01 -3.94000E-01 3.06109E-07  -3.94032E-01
1.02667E+01 -3.92000E-01 3.16246E-07  -3.91901E-01
1.03333E+01 -3.90000E-01 3.18089E-07  -3.89922E-01
1.04000E+01 -3.88000E-01 3.19471E-07  -3.87943E-01
1.04667E+01 -3.86000E-01 3.29607E-07  -3.85812E-01
1.05333E+01 -3.84000E-01 3.28532E-07  -3.83833E-01
1.06000E+01 -3.82000E-01 3.32986E-07  -3.81854E-01
1.06667E+01 -3.80000E-01 3.40819E-07  -3.79875E-01
1.07333E+01 -3.78000E-01 3.42201E-07  -3.77896E-01
1.08000E+01 -3.76000E-01 3.47423E-07  -3.75917E-01
1.08667E+01 -3.74000E-01 3.53412E-07  -3.73939E-01
1.09333E+01 -3.72000E-01 3.52030E-07  -3.71807E-01
1.10000E+01 -3.70000E-01 3.59248E-07  -3.69829E-01
1.10667E+01 -3.68000E-01 3.64777E-07  -3.67850E-01
1.11333E+01 -3.66000E-01 3.64470E-07  -3.65871E-01
1.12000E+01 -3.64000E-01 3.70306E-07  -3.63892E-01
1.12667E+01 -3.62000E-01 3.77524E-07  -3.61913E-01
1.13333E+01 -3.60000E-01 3.77064E-07  -3.59782E-01
1.14000E+01 -3.58000E-01 3.82746E-07  -3.57955E-01
1.14667E+01 -3.56000E-01 3.88428E-07  -3.55976E-01
1.15333E+01 -3.54000E-01 3.89964E-07  -3.53845E-01
1.16000E+01 -3.52000E-01 3.94265E-07  -3.51867E-01
1.16667E+01 -3.50000E-01 4.04247E-07  -3.49888E-01
1.17333E+01 -3.48000E-01 4.01790E-07  -3.47909E-01
1.18000E+01 -3.46000E-01 4.07626E-07  -3.45778E-01
1.18667E+01 -3.44000E-01 4.16687E-07  -3.43799E-01
1.19333E+01 -3.42000E-01 4.16534E-07  -3.41820E-01
1.20000E+01 -3.40000E-01 4.21141E-07  -3.39689E-01
1.20667E+01 -3.38000E-01 4.31892E-07  -3.37862E-01
1.21333E+01 -3.36000E-01 4.27899E-07  -3.35883E-01
1.22000E+01 -3.34000E-01 4.34810E-07  -3.33752E-01
1.22667E+01 -3.32000E-01 4.44639E-07  -3.31773E-01
1.23333E+01 -3.30000E-01 4.42950E-07  -3.29794E-01
1.24000E+01 -3.28000E-01 4.48939E-07  -3.27816E-01
1.24667E+01 -3.26000E-01 4.58461E-07  -3.25837E-01
1.25333E+01 -3.24000E-01 4.56618E-07  -3.23858E-01
1.26000E+01 -3.22000E-01 4.62608E-07  -3.21879E-01
1.26667E+01 -3.20000E-01 4.71362E-07  -3.19748E-01
1.27333E+01 -3.18000E-01 4.72130E-07  -3.17921E-01
1.28000E+01 -3.16000E-01 4.75969E-07  -3.15942E-01
1.28667E+01 -3.14000E-01 4.87795E-07  -3.13811E-01
1.29333E+01 -3.12000E-01 4.85798E-07  -3.11832E-01
1.30000E+01 -3.10000E-01 4.92402E-07  -3.09854E-01
1.30667E+01 -3.08000E-01 5.01464E-07  -3.07722E-01
1.31333E+01 -3.06000E-01 5.00696E-07  -3.05744E-01
1.32000E+01 -3.04000E-01 5.07146E-07  -3.03765E-01
1.32667E+01 -3.02000E-01 5.15439E-07  -3.01786E-01
1.33333E+01 -3.00000E-01 5.14825E-07  -2.99807E-01
1.34000E+01 -2.98000E-01 5.22658E-07  -2.97828E-01
1.34667E+01 -2.96000E-01 5.28647E-07  -2.95849E-01
1.35333E+01 -2.94000E-01 5.33101E-07  -2.93870E-01
1.36000E+01 -2.92000E-01 5.38784E-07  -2.91739E-01
1.36667E+01 -2.90000E-01 5.42623E-07  -2.89760E-01
1.37333E+01 -2.88000E-01 5.49688E-07  -2.87781E-01
1.38000E+01 -2.86000E-01 5.57213E-07  -2.85803E-01
1.38667E+01 -2.84000E-01 5.53527E-07  -2.83824E-01
1.39333E+01 -2.82000E-01 5.67503E-07  -2.81693E-01
1.40000E+01 -2.80000E-01 5.73032E-07  -2.79866E-01
1.40667E+01 -2.78000E-01 5.70268E-07  -2.77887E-01
1.41333E+01 -2.76000E-01 5.84397E-07  -2.75756E-01
1.42000E+01 -2.74000E-01 5.91922E-07  -2.73777E-01
1.42667E+01 -2.72000E-01 5.87776E-07  -2.71798E-01
1.43333E+01 -2.70000E-01 6.02212E-07  -2.69667E-01
1.44000E+01 -2.68000E-01 6.07741E-07  -2.67688E-01
1.44667E+01 -2.66000E-01 6.04977E-07  -2.65709E-01
1.45333E+01 -2.64000E-01 6.20796E-07  -2.63731E-01
1.46000E+01 -2.62000E-01 6.26478E-07  -2.61599E-01
1.46667E+01 -2.60000E-01 6.22331E-07  -2.59773E-01
1.47333E+01 -2.58000E-01 6.38764E-07  -2.57794E-01
1.48000E+01 -2.56000E-01 6.43065E-07  -2.55663E-01
1.48667E+01 -2.54000E-01 6.42604E-07  -2.53684E-01
1.49333E+01 -2.52000E-01 6.56119E-07  -2.51705E-01
1.50000E+01 -2.50000E-01 6.60726E-07  -2.49878E-01
1.50667E+01 -2.48000E-01 6.62416E-07  -2.47747E-01
1.51333E+01 -2.46000E-01 6.75624E-07  -2.45769E-01
1.52000E+01 -2.44000E-01 6.78081E-07  -2.43790E-01
1.52667E+01 -2.42000E-01 6.82996E-07  -2.41811E-01
1.53333E+01 -2.40000E-01 6.93439E-07  -2.39832E-01
1.54000E+01 -2.38000E-01 6.96971E-07  -2.37853E-01
1.54667E+01 -2.36000E-01 7.00811E-07  -2.35722E-01
1.55333E+01 -2.34000E-01 7.12329E-07  -2.33743E-01
1.56000E+01 -2.32000E-01 7.13558E-07  -2.31764E-01
1.56667E+01 -2.30000E-01 7.20623E-07  -2.29785E-01
1.57333E+01 -2.28000E-01 7.27841E-07  -2.27654E-01
1.58000E+01 -2.26000E-01 7.32602E-07  -2.25675E-01
1.58667E+01 -2.24000E-01 7.39360E-07  -2.23696E-01
1.59333E+01 -2.22000E-01 7.47960E-07  -2.21718E-01
1.60000E+01 -2.20000E-01 7.48114E-07  -2.19739E-01
1.60667E+01 -2.18000E-01 7.58404E-07  -2.17760E-01
1.61333E+01 -2.16000E-01 7.65775E-07  -2.15629E-01
1.62000E+01 -2.14000E-01 7.67004E-07  -2.13650E-01
1.62667E+01 -2.12000E-01 7.73762E-07  -2.11823E-01
1.63333E+01 -2.10000E-01 7.83591E-07  -2.09692E-01
1.64000E+01 -2.08000E-01 7.83437E-07  -2.07713E-01
1.64667E+01 -2.06000E-01 7.91731E-07  -2.05734E-01
1.65333E+01 -2.04000E-01 8.01099E-07  -2.03603E-01
1.66000E+01 -2.02000E-01 8.02174E-07  -2.01777E-01
1.66667E+01 -2.00000E-01 8.08471E-07  -1.99798E-01
1.67333E+01 -1.98000E-01 8.20143E-07  -1.97667E-01
1.68000E+01 -1.96000E-01 8.19989E-07  -1.95688E-01
1.68667E+01 -1.94000E-01 8.26440E-07  -1.93709E-01
1.69333E+01 -1.92000E-01 8.35808E-07  -1.91730E-01
1.70000E+01 -1.90000E-01 8.36730E-07  -1.89599E-01
1.70667E+01 -1.88000E-01 8.43794E-07  -1.87620E-01
1.71333E+01 -1.86000E-01 8.55006E-07  -1.85641E-01
1.72000E+01 -1.84000E-01 8.54084E-07  -1.83662E-01
1.72667E+01 -1.82000E-01 8.62224E-07  -1.81683E-01
1.73333E+01 -1.80000E-01 8.72207E-07  -1.79705E-01
1.74000E+01 -1.78000E-01 8.72053E-07  -1.77726E-01
1.74667E+01 -1.76000E-01 8.80346E-07  -1.75595E-01
1.75333E+01 -1.74000E-01 8.91865E-07  -1.73768E-01
1.76000E+01 -1.72000E-01 8.89868E-07  -1.71941E-01
1.76667E+01 -1.70000E-01 8.98469E-07  -1.69810E-01
1.77333E+01 -1.68000E-01 9.07377E-07  -1.67831E-01
1.78000E+01 -1.66000E-01 9.08144E-07  -1.65853E-01
1.78667E+01 -1.64000E-01 9.15056E-07  -1.63874E-01
1.79333E+01 -1.62000E-01 9.24885E-07  -1.61895E-01
1.80000E+01 -1.60000E-01 9.26574E-07  -1.59916E-01
1.80667E+01 -1.58000E-01 9.33485E-07  -1.57937E-01
1.81333E+01 -1.56000E-01 9.39014E-07  -1.55806E-01
1.82000E+01 -1.54000E-01 9.45618E-07  -1.53827E-01
1.82667E+01 -1.52000E-01 9.50993E-07  -1.51848E-01
1.83333E+01 -1.50000E-01 9.54219E-07  -1.49869E-01
1.84000E+01 -1.48000E-01 9.61744E-07  -1.47738E-01
1.84667E+01 -1.46000E-01 9.67734E-07  -1.45759E-01
1.85333E+01 -1.44000E-01 9.66659E-07  -1.43933E-01
1.86000E+01 -1.42000E-01 9.76948E-07  -1.41802E-01
1.86667E+01 -1.40000E-01 9.81709E-07  -1.39823E-01
1.87333E+01 -1.38000E-01 9.82477E-07  -1.37844E-01
1.88000E+01 -1.36000E-01 9.92614E-07  -1.35865E-01
1.88667E+01 -1.34000E-01 9.96914E-07  -1.33886E-01
1.89333E+01 -1.32000E-01 9.91999E-07  -1.31755E-01
1.90000E+01 -1.30000E-01 1.00613E-06  -1.29776E-01
1.90667E+01 -1.28000E-01 1.00997E-06  -1.27797E-01
1.91333E+01 -1.26000E-01 1.00260E-06  -1.25818E-01
1.92000E+01 -1.24000E-01 1.01719E-06  -1.23840E-01
1.92667E+01 -1.22000E-01 1.02087E-06  -1.21861E-01
1.93333E+01 -1.20000E-01 1.01442E-06  -1.19882E-01
1.94000E+01 -1.18000E-01 1.02671E-06  -1.17751E-01
1.94667E+01 -1.16000E-01 1.02917E-06  -1.15772E-01
1.95333E+01 -1.14000E-01 1.02425E-06  -1.13793E-01
1.96000E+01 -1.12000E-01 1.03700E-06  -1.11814E-01
1.96667E+01 -1.10000E-01 1.03761E-06  -1.09683E-01
1.97333E+01 -1.08000E-01 1.03270E-06  -1.07704E-01
1.98000E+01 -1.06000E-01 1.04606E-06  -1.05725E-01
1.98667E+01 -1.04000E-01 1.04376E-06  -1.03746E-01
1.99333E+01 -1.02000E-01 1.04099E-06  -1.01767E-01
2.00000E+01 -1.00000E-01 1.04821E-06  -9.97886E-02
2.00667E+01 -9.80000E-02 1.05082E-06  -9.76575E-02
2.01333E+01 -9.60000E-02 1.04821E-06  -9.56786E-02
2.02000E+01 -9.40000E-02 1.05481E-06  -9.38520E-02
2.02667E+01 -9.20000E-02 1.05359E-06  -9.18731E-02
2.03333E+01 -9.00000E-02 1.05666E-06  -8.97420E-02
2.04000E+01 -8.80000E-02 1.05973E-06  -8.77631E-02
2.04667E+01 -8.60000E-02 1.05988E-06  -8.57843E-02
2.05333E+01 -8.40000E-02 1.06142E-06  -8.38054E-02
2.06000E+01 -8.20000E-02 1.06649E-06  -8.18265E-02
2.06667E+01 -8.00000E-02 1.06403E-06  -7.98477E-02
2.07333E+01 -7.80000E-02 1.06603E-06  -7.78688E-02
2.08000E+01 -7.60000E-02 1.07048E-06  -7.57377E-02
2.08667E+01 -7.40000E-02 1.07017E-06  -7.37588E-02
2.09333E+01 -7.20000E-02 1.07125E-06  -7.17799E-02
2.10000E+01 -7.00000E-02 1.07724E-06  -6.96489E-02
2.10667E+01 -6.80000E-02 1.07278E-06  -6.76700E-02
2.11333E+01 -6.60000E-02 1.07816E-06  -6.58433E-02
2.12000E+01 -6.40000E-02 1.08307E-06  -6.38645E-02
2.12667E+01 -6.20000E-02 1.08123E-06  -6.17334E-02
2.13333E+01 -6.00000E-02 1.08430E-06  -5.97545E-02
2.14000E+01 -5.80000E-02 1.09044E-06  -5.77756E-02
2.14667E+01 -5.60000E-02 1.08630E-06  -5.57967E-02
2.15333E+01 -5.40000E-02 1.09044E-06  -5.38179E-02
2.16000E+01 -5.20000E-02 1.09490E-06  -5.18390E-02
2.16667E+01 -5.00000E-02 1.09352E-06  -4.97079E-02
2.17333E+01 -4.80000E-02 1.09797E-06  -4.77290E-02
2.18000E+01 -4.60000E-02 1.10642E-06  -4.57502E-02
2.18667E+01 -4.40000E-02 1.09981E-06  -4.37713E-02
2.19333E+01 -4.20000E-02 1.10718E-06  -4.17924E-02
2.20000E+01 -4.00000E-02 1.11271E-06  -3.98135E-02
2.20667E+01 -3.80000E-02 1.11118E-06  -3.76825E-02
2.21333E+01 -3.60000E-02 1.11548E-06  -3.57036E-02
2.22000E+01 -3.40000E-02 1.12377E-06  -3.37247E-02
2.22667E+01 -3.20000E-02 1.11855E-06  -3.17458E-02
2.23333E+01 -3.00000E-02 1.12439E-06  -2.96147E-02
2.24000E+01 -2.80000E-02 1.13114E-06  -2.76359E-02
2.24667E+01 -2.60000E-02 1.12961E-06  -2.58092E-02
2.25333E+01 -2.40000E-02 1.13590E-06  -2.36781E-02
2.26000E+01 -2.20000E-02 1.14113E-06  -2.16993E-02
2.26667E+01 -2.00000E-02 1.13959E-06  -1.97204E-02
2.27333E+01 -1.80000E-02 1.14712E-06  -1.77415E-02
2.28000E+01 -1.60000E-02 1.14957E-06  -1.60671E-02
2.28667E+01 -1.40000E-02 1.15080E-06  -1.39360E-02
2.29333E+01 -1.20000E-02 1.15648E-06  -1.19571E-02
2.30000E+01 -1.00000E-02 1.15986E-06  -9.82602E-03
2.30667E+01 -8.00000E-03 1.16201E-06  -7.99936E-03
2.31333E+01 -6.00000E-03 1.16785E-06  -6.02049E-03
2.32000E+01 -4.00000E-03 1.16539E-06  -4.04162E-03
2.32667E+01 -2.00000E-03 1.17415E-06  -1.91053E-03
2.33333E+01 1.45825E-17  1.18044E-06  6.83472E-05 
2.34000E+01 2.00000E-03  1.17768E-06  2.04722E-03 
2.34667E+01 4.00000E-03  1.18520E-06  4.17831E-03 
2.35333E+01 6.00000E-03  1.19396E-06  6.15719E-03 
2.36000E+01 8.00000E-03  1.18843E-06  8.13606E-03 
2.36667E+01 1.00000E-02  1.20148E-06  1.01149E-02 
2.37333E+01 1.20000E-02  1.20532E-06  1.20938E-02 
2.38000E+01 1.40000E-02  1.20010E-06  1.40727E-02 
2.38667E+01 1.60000E-02  1.21546E-06  1.60515E-02 
2.39333E+01 1.80000E-02  1.22037E-06  1.80304E-02 
2.40000E+01 2.00000E-02  1.21331E-06  2.01615E-02 
2.40667E+01 2.20000E-02  1.22974E-06  2.21404E-02 
2.41333E+01 2.40000E-02  1.23389E-06  2.41193E-02 
2.42000E+01 2.60000E-02  1.22974E-06  2.60981E-02 
2.42667E+01 2.80000E-02  1.24372E-06  2.80770E-02 
2.43333E+01 3.00000E-02  1.24940E-06  3.00559E-02 
2.44000E+01 3.20000E-02  1.24464E-06  3.20347E-02 
2.44667E+01 3.40000E-02  1.26061E-06  3.40136E-02 
2.45333E+01 3.60000E-02  1.26245E-06  3.59925E-02 
2.46000E+01 3.80000E-02  1.26353E-06  3.81236E-02 
2.46667E+01 4.00000E-02  1.27674E-06  4.01025E-02 
2.47333E+01 4.20000E-02  1.28119E-06  4.20813E-02 
2.48000E+01 4.40000E-02  1.28134E-06  4.40602E-02 
2.48667E+01 4.60000E-02  1.29440E-06  4.61913E-02 
2.49333E+01 4.80000E-02  1.29793E-06  4.81702E-02 
2.50000E+01 5.00000E-02  1.30146E-06  5.01490E-02 
2.50667E+01 5.20000E-02  1.31252E-06  5.21279E-02 
2.51333E+01 5.40000E-02  1.31698E-06  5.41068E-02 
2.52000E+01 5.60000E-02  1.32143E-06  5.60857E-02 
2.52667E+01 5.80000E-02  1.33172E-06  5.80645E-02 
2.53333E+01 6.00000E-02  1.33556E-06  6.00434E-02 
2.54000E+01 6.20000E-02  1.34201E-06  6.20223E-02 
2.54667E+01 6.40000E-02  1.35122E-06  6.40012E-02 
2.55333E+01 6.60000E-02  1.35522E-06  6.59800E-02 
2.56000E+01 6.80000E-02  1.36244E-06  6.81111E-02 
2.56667E+01 7.00000E-02  1.37349E-06  7.00900E-02 
2.57333E+01 7.20000E-02  1.37672E-06  7.19166E-02 
2.58000E+01 7.40000E-02  1.38532E-06  7.40477E-02 
2.58667E+01 7.60000E-02  1.39561E-06  7.60266E-02 
2.59333E+01 7.80000E-02  1.40022E-06  7.80055E-02 
2.60000E+01 8.00000E-02  1.41127E-06  7.99844E-02 
2.60667E+01 8.20000E-02  1.42417E-06  8.21154E-02 
2.61333E+01 8.40000E-02  1.42924E-06  8.40943E-02 
2.62000E+01 8.60000E-02  1.44168E-06  8.60732E-02 
2.62667E+01 8.80000E-02  1.45520E-06  8.82043E-02 
2.63333E+01 9.00000E-02  1.46349E-06  9.00309E-02 
2.64000E+01 9.20000E-02  1.46887E-06  9.20098E-02 
2.64667E+01 9.40000E-02  1.49559E-06  9.41409E-02 
2.65333E+01 9.60000E-02  1.49958E-06  9.61198E-02 
2.66000E+01 9.80000E-02  1.51064E-06  9.80986E-02 
2.66667E+01 1.00000E-01  1.52400E-06  1.00078E-01 
2.67333E+01 9.80000E-02  9.17052E-07  9.82509E-02 
2.68000E+01 9.60000E-02  7.08029E-07  9.62720E-02 
2.68667E+01 9.40000E-02  5.95916E-07  9.42931E-02 
2.69333E+01 9.20000E-02  4.98392E-07  9.23142E-02 
2.70000E+01 9.00000E-02  4.28974E-07  9.03354E-02 
2.70667E+01 8.80000E-02  3.76756E-07  8.83565E-02 
2.71333E+01 8.60000E-02  3.18396E-07  8.62254E-02 
2.72000E+01 8.40000E-02  2.78618E-07  8.42465E-02 
2.72667E+01 8.20000E-02  2.42527E-07  8.22677E-02 
2.73333E+01 8.00000E-02  2.02289E-07  8.02888E-02 
2.74000E+01 7.80000E-02  1.72648E-07  7.81577E-02 
2.74667E+01 7.60000E-02  1.47461E-07  7.61788E-02 
2.75333E+01 7.40000E-02  1.15516E-07  7.42000E-02 
2.76000E+01 7.20000E-02  9.27862E-08  7.22211E-02 
2.76667E+01 7.00000E-02  7.06707E-08  7.02422E-02 
2.77333E+01 6.80000E-02  4.41013E-08  6.82633E-02 
2.78000E+01 6.60000E-02  2.93575E-08  6.62845E-02 
2.78667E+01 6.40000E-02  7.70271E-09  6.41534E-02 
2.79333E+01 6.20000E-02  -9.65188E-09 6.21745E-02 
2.80000E+01 6.00000E-02  -2.42420E-08 6.01956E-02 
2.80667E+01 5.80000E-02  -4.45146E-08 5.83690E-02 
2.81333E+01 5.60000E-02  -5.61867E-08 5.62379E-02 
2.82000E+01 5.40000E-02  -6.80124E-08 5.42590E-02 
2.82667E+01 5.20000E-02  -8.99744E-08 5.22801E-02 
2.83333E+01 5.00000E-02  -9.68855E-08 5.03013E-02 
2.84000E+01 4.80000E-02  -1.06715E-07 4.83224E-02 
2.84667E+01 4.60000E-02  -1.26834E-07 4.63435E-02 
2.85333E+01 4.40000E-02  -1.31902E-07 4.42124E-02 
2.86000E+01 4.20000E-02  -1.41270E-07 4.22336E-02 
2.86667E+01 4.00000E-02  -1.60468E-07 4.02547E-02 
2.87333E+01 3.80000E-02  -1.61236E-07 3.82758E-02 
2.88000E+01 3.60000E-02  -1.69836E-07 3.61447E-02 
2.88667E+01 3.40000E-02  -1.89341E-07 3.41658E-02 
2.89333E+01 3.20000E-02  -1.87037E-07 3.21870E-02 
2.90000E+01 3.00000E-02  -1.94716E-07 3.02081E-02 
2.90667E+01 2.80000E-02  -2.15910E-07 2.82292E-02 
2.91333E+01 2.60000E-02  -2.11610E-07 2.62504E-02 
2.92000E+01 2.40000E-02  -2.19289E-07 2.42715E-02 
2.92667E+01 2.20000E-02  -2.35569E-07 2.21404E-02 
2.93333E+01 2.00000E-02  -2.35108E-07 2.01615E-02 
2.94000E+01 1.80000E-02  -2.40483E-07 1.81826E-02 
2.94667E+01 1.60000E-02  -2.55073E-07 1.62038E-02 
2.95333E+01 1.40000E-02  -2.52770E-07 1.42249E-02 
2.96000E+01 1.20000E-02  -2.59988E-07 1.20938E-02 
2.96667E+01 1.00000E-02  -2.71353E-07 1.02672E-02 
2.97333E+01 8.00000E-03  -2.70892E-07 8.28828E-03 
2.98000E+01 6.00000E-03  -2.78264E-07 6.15719E-03 
2.98667E+01 4.00000E-03  -2.87940E-07 4.17831E-03 
2.99333E+01 2.00000E-03  -2.86250E-07 2.19944E-03 
3.00000E+01 1.45825E-17  -2.94697E-07 2.20568E-04 
3.00667E+01 -2.00000E-03 -3.01915E-07 -1.75830E-03
3.01333E+01 -4.00000E-03 -3.03758E-07 -3.88940E-03
3.02000E+01 -6.00000E-03 -3.09748E-07 -5.86827E-03
3.02667E+01 -8.00000E-03 -3.14202E-07 -7.84714E-03
3.03333E+01 -1.00000E-02 -3.17273E-07 -9.82602E-03
3.04000E+01 -1.20000E-02 -3.26027E-07 -1.18049E-02
3.04667E+01 -1.40000E-02 -3.29560E-07 -1.37838E-02
3.05333E+01 -1.60000E-02 -3.31864E-07 -1.59149E-02
3.06000E+01 -1.80000E-02 -3.40618E-07 -1.75893E-02
3.06667E+01 -2.00000E-02 -3.44457E-07 -1.95682E-02
3.07333E+01 -2.20000E-02 -3.44457E-07 -2.15470E-02
3.08000E+01 -2.40000E-02 -3.52443E-07 -2.35259E-02
3.08667E+01 -2.60000E-02 -3.57358E-07 -2.56570E-02
3.09333E+01 -2.80000E-02 -3.59354E-07 -2.74836E-02
3.10000E+01 -3.00000E-02 -3.64576E-07 -2.94625E-02
3.10667E+01 -3.20000E-02 -3.69337E-07 -3.15936E-02
3.11333E+01 -3.40000E-02 -3.68262E-07 -3.35725E-02
3.12000E+01 -3.60000E-02 -3.78398E-07 -3.55514E-02
3.12667E+01 -3.80000E-02 -3.80548E-07 -3.76825E-02
3.13333E+01 -4.00000E-02 -3.81316E-07 -3.96613E-02
3.14000E+01 -4.20000E-02 -3.90378E-07 -4.16402E-02
3.14667E+01 -4.40000E-02 -3.93910E-07 -4.36191E-02
3.15333E+01 -4.60000E-02 -3.93449E-07 -4.57502E-02
3.16000E+01 -4.80000E-02 -4.03739E-07 -4.75768E-02
3.16667E+01 -5.00000E-02 -4.04968E-07 -4.95557E-02
3.17333E+01 -5.20000E-02 -4.06350E-07 -5.16868E-02
3.18000E+01 -5.40000E-02 -4.14183E-07 -5.36657E-02
3.18667E+01 -5.60000E-02 -4.14797E-07 -5.56445E-02
3.19333E+01 -5.80000E-02 -4.14797E-07 -5.76234E-02
3.20000E+01 -6.00000E-02 -4.25701E-07 -5.96023E-02
3.20667E+01 -6.20000E-02 -4.26469E-07 -6.15811E-02
3.21333E+01 -6.40000E-02 -4.27544E-07 -6.37122E-02
3.22000E+01 -6.60000E-02 -4.36912E-07 -6.56911E-02
3.22667E+01 -6.80000E-02 -4.39370E-07 -6.76700E-02
3.23333E+01 -7.00000E-02 -4.38448E-07 -6.96489E-02
3.24000E+01 -7.20000E-02 -4.47510E-07 -7.16277E-02
3.24667E+01 -7.40000E-02 -4.49506E-07 -7.36066E-02
3.25333E+01 -7.60000E-02 -4.51810E-07 -7.55855E-02
3.26000E+01 -7.80000E-02 -4.56417E-07 -7.77166E-02
3.26667E+01 -8.00000E-02 -4.60564E-07 -7.96954E-02
3.27333E+01 -8.20000E-02 -4.64557E-07 -8.16743E-02
3.28000E+01 -8.40000E-02 -4.68243E-07 -8.38054E-02
3.28667E+01 -8.60000E-02 -4.71315E-07 -8.56321E-02
3.29333E+01 -8.80000E-02 -4.78840E-07 -8.77631E-02
3.30000E+01 -9.00000E-02 -4.80836E-07 -8.97420E-02
3.30667E+01 -9.20000E-02 -4.83755E-07 -9.17209E-02
3.31333E+01 -9.40000E-02 -4.93584E-07 -9.36998E-02
3.32000E+01 -9.60000E-02 -4.92509E-07 -9.56786E-02
3.32667E+01 -9.80000E-02 -4.97270E-07 -9.76575E-02
3.33333E+01 -1.00000E-01 -5.10938E-07 -9.96364E-02
3.34000E+01 -1.02000E-01 -5.07559E-07 -1.01615E-01
3.34667E+01 -1.04000E-01 -5.12935E-07 -1.03746E-01
3.35333E+01 -1.06000E-01 -5.27218E-07 -1.05573E-01
3.36000E+01 -1.08000E-01 -5.23685E-07 -1.07552E-01
3.36667E+01 -1.10000E-01 -5.27525E-07 -1.09683E-01
3.37333E+01 -1.12000E-01 -5.43651E-07 -1.11662E-01
3.38000E+01 -1.14000E-01 -5.39965E-07 -1.13641E-01
3.38667E+01 -1.16000E-01 -5.45033E-07 -1.15772E-01
3.39333E+01 -1.18000E-01 -5.59009E-07 -1.17751E-01
3.40000E+01 -1.20000E-01 -5.55630E-07 -1.19730E-01
3.40667E+01 -1.22000E-01 -5.62234E-07 -1.21708E-01
3.41333E+01 -1.24000E-01 -5.75596E-07 -1.23840E-01
3.42000E+01 -1.26000E-01 -5.71142E-07 -1.25666E-01
3.42667E+01 -1.28000E-01 -5.78974E-07 -1.27645E-01
3.43333E+01 -1.30000E-01 -5.91414E-07 -1.29624E-01
3.44000E+01 -1.32000E-01 -5.89264E-07 -1.31755E-01
3.44667E+01 -1.34000E-01 -5.95561E-07 -1.33734E-01
3.45333E+01 -1.36000E-01 -6.06772E-07 -1.35713E-01
3.46000E+01 -1.38000E-01 -6.06005E-07 -1.37692E-01
3.46667E+01 -1.40000E-01 -6.11687E-07 -1.39823E-01
3.47333E+01 -1.42000E-01 -6.19366E-07 -1.41802E-01
3.48000E+01 -1.44000E-01 -6.21055E-07 -1.43780E-01
3.48667E+01 -1.46000E-01 -6.26431E-07 -1.45759E-01
3.49333E+01 -1.48000E-01 -6.33188E-07 -1.47738E-01
3.50000E+01 -1.50000E-01 -6.33495E-07 -1.49717E-01
3.50667E+01 -1.52000E-01 -6.40867E-07 -1.51696E-01
3.51333E+01 -1.54000E-01 -6.46857E-07 -1.53827E-01
3.52000E+01 -1.56000E-01 -6.46857E-07 -1.55806E-01
3.52667E+01 -1.58000E-01 -6.54075E-07 -1.57785E-01
3.53333E+01 -1.60000E-01 -6.59911E-07 -1.59764E-01
3.54000E+01 -1.62000E-01 -6.58375E-07 -1.61895E-01
3.54667E+01 -1.64000E-01 -6.67590E-07 -1.63721E-01
3.55333E+01 -1.66000E-01 -6.69126E-07 -1.65700E-01
3.56000E+01 -1.68000E-01 -6.71890E-07 -1.67831E-01
3.56667E+01 -1.70000E-01 -6.78341E-07 -1.69810E-01
3.57333E+01 -1.72000E-01 -6.81566E-07 -1.71789E-01
3.58000E+01 -1.74000E-01 -6.81566E-07 -1.73768E-01
3.58667E+01 -1.76000E-01 -6.90627E-07 -1.75595E-01
3.59333E+01 -1.78000E-01 -6.94774E-07 -1.77574E-01
3.60000E+01 -1.80000E-01 -6.94160E-07 -1.79552E-01
3.60667E+01 -1.82000E-01 -7.02914E-07 -1.81531E-01
3.61333E+01 -1.84000E-01 -7.06446E-07 -1.83510E-01
3.62000E+01 -1.86000E-01 -7.06753E-07 -1.85489E-01
3.62667E+01 -1.88000E-01 -7.17504E-07 -1.87468E-01
3.63333E+01 -1.90000E-01 -7.18733E-07 -1.89599E-01
3.64000E+01 -1.92000E-01 -7.20268E-07 -1.91578E-01
3.64667E+01 -1.94000E-01 -7.32094E-07 -1.93557E-01
3.65333E+01 -1.96000E-01 -7.34398E-07 -1.95688E-01
3.66000E+01 -1.98000E-01 -7.34551E-07 -1.97667E-01
3.66667E+01 -2.00000E-01 -7.48374E-07 -1.99646E-01
3.67333E+01 -2.02000E-01 -7.51138E-07 -2.01624E-01
3.68000E+01 -2.04000E-01 -7.55438E-07 -2.03603E-01
3.68667E+01 -2.06000E-01 -7.66650E-07 -2.05582E-01
3.69333E+01 -2.08000E-01 -7.70796E-07 -2.07561E-01
3.70000E+01 -2.10000E-01 -7.73714E-07 -2.09692E-01
3.70667E+01 -2.12000E-01 -7.85694E-07 -2.11671E-01
3.71333E+01 -2.14000E-01 -7.90915E-07 -2.13650E-01
3.72000E+01 -2.16000E-01 -7.97673E-07 -2.15629E-01
3.72667E+01 -2.18000E-01 -8.08884E-07 -2.17608E-01
3.73333E+01 -2.20000E-01 -8.16563E-07 -2.19739E-01
3.74000E+01 -2.22000E-01 -8.24089E-07 -2.21565E-01
3.74667E+01 -2.24000E-01 -8.35914E-07 -2.23544E-01
3.75333E+01 -2.26000E-01 -8.42365E-07 -2.25523E-01
3.76000E+01 -2.28000E-01 -8.53730E-07 -2.27654E-01
3.76667E+01 -2.30000E-01 -8.63252E-07 -2.29633E-01
3.77333E+01 -2.32000E-01 -8.71852E-07 -2.31612E-01
3.78000E+01 -2.34000E-01 -8.86903E-07 -2.33591E-01
3.78667E+01 -2.36000E-01 -8.93661E-07 -2.35722E-01
3.79333E+01 -2.38000E-01 -9.03336E-07 -2.37701E-01
3.80000E+01 -2.40000E-01 -9.19769E-07 -2.39680E-01
3.80667E+01 -2.42000E-01 -9.25145E-07 -2.41659E-01
3.81333E+01 -2.44000E-01 -9.34513E-07 -2.43637E-01
3.82000E+01 -2.46000E-01 -9.54325E-07 -2.45616E-01
3.82667E+01 -2.48000E-01 -9.58318E-07 -2.47747E-01
3.83333E+01 -2.50000E-01 -9.67993E-07 -2.49726E-01
3.84000E+01 -2.52000E-01 -9.89648E-07 -2.51705E-01
3.84667E+01 -2.54000E-01 -9.92259E-07 -2.53684E-01
3.85333E+01 -2.56000E-01 -1.00132E-06 -2.55663E-01
3.86000E+01 -2.58000E-01 -1.02205E-06 -2.57642E-01
3.86667E+01 -2.60000E-01 -1.02267E-06 -2.59621E-01
3.87333E+01 -2.62000E-01 -1.03234E-06 -2.61599E-01
3.88000E+01 -2.64000E-01 -1.05231E-06 -2.63578E-01
3.88667E+01 -2.66000E-01 -1.04985E-06 -2.65557E-01
3.89333E+01 -2.68000E-01 -1.06321E-06 -2.67688E-01
3.90000E+01 -2.70000E-01 -1.08041E-06 -2.69667E-01
3.90667E+01 -2.72000E-01 -1.07965E-06 -2.71646E-01
3.91333E+01 -2.74000E-01 -1.09132E-06 -2.73625E-01
3.92000E+01 -2.76000E-01 -1.10468E-06 -2.75756E-01
3.92667E+01 -2.78000E-01 -1.10422E-06 -2.77735E-01
3.93333E+01 -2.80000E-01 -1.11328E-06 -2.79714E-01
3.94000E+01 -2.82000E-01 -1.12465E-06 -2.81693E-01
3.94667E+01 -2.84000E-01 -1.12603E-06 -2.83672E-01
3.95333E+01 -2.86000E-01 -1.13186E-06 -2.85650E-01
3.96000E+01 -2.88000E-01 -1.14154E-06 -2.87629E-01
3.96667E+01 -2.90000E-01 -1.14108E-06 -2.89760E-01
3.97333E+01 -2.92000E-01 -1.14953E-06 -2.91739E-01
3.98000E+01 -2.94000E-01 -1.15521E-06 -2.93718E-01
3.98667E+01 -2.96000E-01 -1.15490E-06 -2.95697E-01
3.99333E+01 -2.98000E-01 -1.16258E-06 -2.97676E-01
4.00000E+01 -3.00000E-01 -1.16519E-06 -2.99655E-01
4.00667E+01 -3.02000E-01 -1.16519E-06 -3.01634E-01
4.01333E+01 -3.04000E-01 -1.17195E-06 -3.03612E-01
4.02000E+01 -3.06000E-01 -1.17179E-06 -3.05744E-01
4.02667E+01 -3.08000E-01 -1.17241E-06 -3.07722E-01
4.03333E+01 -3.10000E-01 -1.17794E-06 -3.09701E-01
4.04000E+01 -3.12000E-01 -1.17871E-06 -3.11680E-01
4.04667E+01 -3.14000E-01 -1.17702E-06 -3.13811E-01
4.05333E+01 -3.16000E-01 -1.18377E-06 -3.15790E-01
4.06000E+01 -3.18000E-01 -1.18208E-06 -3.17769E-01
4.06667E+01 -3.20000E-01 -1.18024E-06 -3.19748E-01
4.07333E+01 -3.22000E-01 -1.18638E-06 -3.21727E-01
4.08000E+01 -3.24000E-01 -1.18301E-06 -3.23706E-01
4.08667E+01 -3.26000E-01 -1.18040E-06 -3.25837E-01
4.09333E+01 -3.28000E-01 -1.18838E-06 -3.27816E-01
4.10000E+01 -3.30000E-01 -1.18393E-06 -3.29642E-01
4.10667E+01 -3.32000E-01 -1.18086E-06 -3.31773E-01
4.11333E+01 -3.34000E-01 -1.18746E-06 -3.33752E-01
4.12000E+01 -3.36000E-01 -1.18700E-06 -3.35731E-01
4.12667E+01 -3.38000E-01 -1.18024E-06 -3.37710E-01
4.13333E+01 -3.40000E-01 -1.18761E-06 -3.39689E-01
4.14000E+01 -3.42000E-01 -1.18669E-06 -3.41668E-01
4.14667E+01 -3.44000E-01 -1.18116E-06 -3.43647E-01
4.15333E+01 -3.46000E-01 -1.18746E-06 -3.45778E-01
4.16000E+01 -3.48000E-01 -1.18423E-06 -3.47757E-01
4.16667E+01 -3.50000E-01 -1.18024E-06 -3.49735E-01
4.17333E+01 -3.52000E-01 -1.18700E-06 -3.51714E-01
4.18000E+01 -3.54000E-01 -1.18454E-06 -3.53845E-01
4.18667E+01 -3.56000E-01 -1.17871E-06 -3.55824E-01
4.19333E+01 -3.58000E-01 -1.18577E-06 -3.57803E-01
4.20000E+01 -3.60000E-01 -1.18423E-06 -3.59782E-01
4.20667E+01 -3.62000E-01 -1.18009E-06 -3.61761E-01
4.21333E+01 -3.64000E-01 -1.18592E-06 -3.63740E-01
4.22000E+01 -3.66000E-01 -1.18316E-06 -3.65719E-01
4.22667E+01 -3.68000E-01 -1.18162E-06 -3.67850E-01
4.23333E+01 -3.70000E-01 -1.18470E-06 -3.69676E-01
4.24000E+01 -3.72000E-01 -1.18224E-06 -3.71807E-01
4.24667E+01 -3.74000E-01 -1.18393E-06 -3.73786E-01
4.25333E+01 -3.76000E-01 -1.18347E-06 -3.75765E-01
4.26000E+01 -3.78000E-01 -1.18132E-06 -3.77896E-01
4.26667E+01 -3.80000E-01 -1.18638E-06 -3.79723E-01
4.27333E+01 -3.82000E-01 -1.18470E-06 -3.81702E-01
4.28000E+01 -3.84000E-01 -1.18070E-06 -3.83833E-01
4.28667E+01 -3.86000E-01 -1.18915E-06 -3.85812E-01
4.29333E+01 -3.88000E-01 -1.18546E-06 -3.87791E-01
4.30000E+01 -3.90000E-01 -1.18162E-06 -3.89770E-01
4.30667E+01 -3.92000E-01 -1.19176E-06 -3.91901E-01
4.31333E+01 -3.94000E-01 -1.18208E-06 -3.93879E-01
4.32000E+01 -3.96000E-01 -1.18178E-06 -3.95858E-01
4.32667E+01 -3.98000E-01 -1.19391E-06 -3.97837E-01
4.33333E+01 -4.00000E-01 -1.18285E-06 -3.99816E-01
4.34000E+01 -4.02000E-01 -1.18239E-06 -4.01795E-01
4.34667E+01 -4.04000E-01 -1.19667E-06 -4.03774E-01
4.35333E+01 -4.06000E-01 -1.18239E-06 -4.05905E-01
4.36000E+01 -4.08000E-01 -1.18331E-06 -4.07732E-01
4.36667E+01 -4.10000E-01 -1.19545E-06 -4.09710E-01
4.37333E+01 -4.12000E-01 -1.18531E-06 -4.11842E-01
4.38000E+01 -4.14000E-01 -1.18408E-06 -4.13820E-01
4.38667E+01 -4.16000E-01 -1.19575E-06 -4.15799E-01
4.39333E+01 -4.18000E-01 -1.18408E-06 -4.17778E-01
4.40000E+01 -4.20000E-01 -1.18562E-06 -4.19757E-01
4.40667E+01 -4.22000E-01 -1.19376E-06 -4.21736E-01
4.41333E+01 -4.24000E-01 -1.18500E-06 -4.23715E-01
4.42000E+01 -4.26000E-01 -1.18485E-06 -4.25846E-01
4.42667E+01 -4.28000E-01 -1.19452E-06 -4.27825E-01
4.43333E+01 -4.30000E-01 -1.18608E-06 -4.29804E-01
4.44000E+01 -4.32000E-01 -1.18853E-06 -4.31783E-01
4.44667E+01 -4.34000E-01 -1.19268E-06 -4.33914E-01
4.45333E+01 -4.36000E-01 -1.18807E-06 -4.35892E-01
4.46000E+01 -4.38000E-01 -1.19115E-06 -4.37871E-01
4.46667E+01 -4.40000E-01 -1.19253E-06 -4.39850E-01
4.47333E+01 -4.42000E-01 -1.18838E-06 -4.41829E-01
4.48000E+01 -4.44000E-01 -1.19299E-06 -4.43808E-01
4.48667E+01 -4.46000E-01 -1.19191E-06 -4.45939E-01
4.49333E+01 -4.48000E-01 -1.18869E-06 -4.47766E-01
4.50000E+01 -4.50000E-01 -1.19437E-06 -4.49745E-01
4.50667E+01 -4.52000E-01 -1.19391E-06 -4.51876E-01
4.51333E+01 -4.54000E-01 -1.19084E-06 -4.53855E-01
4.52000E+01 -4.56000E-01 -1.19744E-06 -4.55833E-01
4.52667E+01 -4.58000E-01 -1.19667E-06 -4.57812E-01
4.53333E+01 -4.60000E-01 -1.19360E-06 -4.59791E-01
4.54000E+01 -4.62000E-01 -1.19775E-06 -4.61922E-01
4.54667E+01 -4.64000E-01 -1.19882E-06 -4.63901E-01
4.55333E+01 -4.66000E-01 -1.19468E-06 -4.65880E-01
4.56000E+01 -4.68000E-01 -1.20067E-06 -4.67859E-01
4.56667E+01 -4.70000E-01 -1.20021E-06 -4.69990E-01
4.57333E+01 -4.72000E-01 -1.19698E-06 -4.71969E-01
4.58000E+01 -4.74000E-01 -1.20359E-06 -4.73948E-01
4.58667E+01 -4.76000E-01 -1.20389E-06 -4.75927E-01
4.59333E+01 -4.78000E-01 -1.19882E-06 -4.77905E-01
4.60000E+01 -4.80000E-01 -1.20589E-06 -4.79884E-01
4.60667E+01 -4.82000E-01 -1.20574E-06 -4.81863E-01
4.61333E+01 -4.84000E-01 -1.20082E-06 -4.83994E-01
4.62000E+01 -4.86000E-01 -1.20789E-06 -4.85669E-01
4.62667E+01 -4.88000E-01 -1.20958E-06 -4.87648E-01
4.63333E+01 -4.90000E-01 -1.20359E-06 -4.89626E-01
4.64000E+01 -4.92000E-01 -1.21188E-06 -4.91758E-01
4.64667E+01 -4.94000E-01 -1.21142E-06 -4.93736E-01
4.65333E+01 -4.96000E-01 -1.20773E-06 -4.95715E-01
4.66000E+01 -4.98000E-01 -1.21587E-06 -4.97542E-01
4.66667E+01 -5.00000E-01 -1.21434E-06 -4.99673E-01
4.67333E+01 -5.02000E-01 -1.21111E-06 -5.01652E-01
4.68000E+01 -5.04000E-01 -1.21879E-06 -5.03631E-01
4.68667E+01 -5.06000E-01 -1.21756E-06 -5.05762E-01
4.69333E+01 -5.08000E-01 -1.21464E-06 -5.07741E-01
4.70000E+01 -5.10000E-01 -1.22294E-06 -5.09720E-01
4.70667E+01 -5.12000E-01 -1.22063E-06 -5.11851E-01
4.71333E+01 -5.14000E-01 -1.22171E-06 -5.13830E-01
4.72000E+01 -5.16000E-01 -1.22463E-06 -5.15656E-01
4.72667E+01 -5.18000E-01 -1.22370E-06 -5.17787E-01
4.73333E+01 -5.20000E-01 -1.22770E-06 -5.19766E-01
4.74000E+01 -5.22000E-01 -1.22923E-06 -5.21745E-01
4.74667E+01 -5.24000E-01 -1.22847E-06 -5.23876E-01
4.75333E+01 -5.26000E-01 -1.23384E-06 -5.25703E-01
4.76000E+01 -5.28000E-01 -1.23323E-06 -5.27834E-01
4.76667E+01 -5.30000E-01 -1.23154E-06 -5.29813E-01
4.77333E+01 -5.32000E-01 -1.24060E-06 -5.31792E-01
4.78000E+01 -5.34000E-01 -1.23538E-06 -5.33771E-01
4.78667E+01 -5.36000E-01 -1.23614E-06 -5.35749E-01
4.79333E+01 -5.38000E-01 -1.24797E-06 -5.37728E-01
4.80000E+01 -5.40000E-01 -1.23998E-06 -5.39707E-01
4.80667E+01 -5.42000E-01 -1.24091E-06 -5.41838E-01
4.81333E+01 -5.44000E-01 -1.25442E-06 -5.43817E-01
4.82000E+01 -5.46000E-01 -1.24413E-06 -5.45796E-01
4.82667E+01 -5.48000E-01 -1.24521E-06 -5.47775E-01
4.83333E+01 -5.50000E-01 -1.25841E-06 -5.49906E-01
4.84000E+01 -5.52000E-01 -1.24828E-06 -5.51885E-01
4.84667E+01 -5.54000E-01 -1.25104E-06 -5.53712E-01
4.85333E+01 -5.56000E-01 -1.26579E-06 -5.55843E-01
4.86000E+01 -5.58000E-01 -1.25365E-06 -5.57821E-01
4.86667E+01 -5.60000E-01 -1.25565E-06 -5.59800E-01
4.87333E+01 -5.62000E-01 -1.26947E-06 -5.61779E-01
4.88000E+01 -5.64000E-01 -1.26118E-06 -5.63758E-01
4.88667E+01 -5.66000E-01 -1.26179E-06 -5.65737E-01
4.89333E+01 -5.68000E-01 -1.27408E-06 -5.67716E-01
4.90000E+01 -5.70000E-01 -1.26778E-06 -5.69847E-01
4.90667E+01 -5.72000E-01 -1.26916E-06 -5.71826E-01
4.91333E+01 -5.74000E-01 -1.27684E-06 -5.73652E-01
4.92000E+01 -5.76000E-01 -1.27131E-06 -5.75631E-01
4.92667E+01 -5.78000E-01 -1.27439E-06 -5.77762E-01
4.93333E+01 -5.80000E-01 -1.28130E-06 -5.79741E-01
4.94000E+01 -5.82000E-01 -1.27746E-06 -5.81720E-01
4.94667E+01 -5.84000E-01 -1.28053E-06 -5.83851E-01
4.95333E+01 -5.86000E-01 -1.28590E-06 -5.85830E-01
4.96000E+01 -5.88000E-01 -1.28606E-06 -5.87809E-01
4.96667E+01 -5.90000E-01 -1.28775E-06 -5.89788E-01
4.97333E+01 -5.92000E-01 -1.29435E-06 -5.91919E-01
4.98000E+01 -5.94000E-01 -1.29328E-06 -5.93746E-01
4.98667E+01 -5.96000E-01 -1.29650E-06 -5.95877E-01
4.99333E+01 -5.98000E-01 -1.29865E-06 -5.97856E-01
5.00000E+01 -6.00000E-01 -1.29911E-06 -5.99834E-01
5.00667E+01 -6.02000E-01 -1.30418E-06 -6.01813E-01
5.01333E+01 -6.04000E-01 -1.30833E-06 -6.03792E-01
5.02000E+01 -6.06000E-01 -1.30526E-06 -6.05771E-01
5.02667E+01 -6.08000E-01 -1.31140E-06 -6.07902E-01
5.03333E+01 -6.10000E-01 -1.31708E-06 -6.09881E-01
5.04000E+01 -6.12000E-01 -1.31570E-06 -6.11860E-01
5.04667E+01 -6.14000E-01 -1.32107E-06 -6.13839E-01
5.05333E+01 -6.16000E-01 -1.32584E-06 -6.15818E-01
5.06000E+01 -6.18000E-01 -1.32507E-06 -6.17797E-01
5.06667E+01 -6.20000E-01 -1.33229E-06 -6.19775E-01
5.07333E+01 -6.22000E-01 -1.33505E-06 -6.21906E-01
5.08000E+01 -6.24000E-01 -1.33167E-06 -6.23885E-01
5.08667E+01 -6.26000E-01 -1.34119E-06 -6.25864E-01
5.09333E+01 -6.28000E-01 -1.34642E-06 -6.27995E-01
5.10000E+01 -6.30000E-01 -1.34258E-06 -6.29974E-01
5.10667E+01 -6.32000E-01 -1.35287E-06 -6.31801E-01
5.11333E+01 -6.34000E-01 -1.35671E-06 -6.33780E-01
5.12000E+01 -6.36000E-01 -1.35394E-06 -6.35911E-01
5.12667E+01 -6.38000E-01 -1.36592E-06 -6.37890E-01
5.13333E+01 -6.40000E-01 -1.36715E-06 -6.40021E-01
5.14000E+01 -6.42000E-01 -1.36577E-06 -6.41847E-01
5.14667E+01 -6.44000E-01 -1.37452E-06 -6.43674E-01
5.15333E+01 -6.46000E-01 -1.37928E-06 -6.45653E-01
5.16000E+01 -6.48000E-01 -1.37913E-06 -6.47632E-01
5.16667E+01 -6.50000E-01 -1.38758E-06 -6.49611E-01
5.17333E+01 -6.52000E-01 -1.39019E-06 -6.51590E-01
5.18000E+01 -6.54000E-01 -1.39249E-06 -6.53568E-01
5.18667E+01 -6.56000E-01 -1.40032E-06 -6.55547E-01
5.19333E+01 -6.58000E-01 -1.40570E-06 -6.57678E-01
5.20000E+01 -6.60000E-01 -1.40585E-06 -6.59657E-01
5.20667E+01 -6.62000E-01 -1.41476E-06 -6.61636E-01
5.21333E+01 -6.64000E-01 -1.41998E-06 -6.63615E-01
5.22000E+01 -6.66000E-01 -1.42566E-06 -6.65746E-01
5.22667E+01 -6.68000E-01 -1.43058E-06 -6.67725E-01
5.23333E+01 -6.70000E-01 -1.43365E-06 -6.69704E-01
5.24000E+01 -6.72000E-01 -1.44547E-06 -6.71683E-01
5.24667E+01 -6.74000E-01 -1.44394E-06 -6.73662E-01
5.25333E+01 -6.76000E-01 -1.44839E-06 -6.75640E-01
5.26000E+01 -6.78000E-01 -1.46652E-06 -6.77772E-01
5.26667E+01 -6.80000E-01 -1.46037E-06 -6.79750E-01
5.27333E+01 -6.82000E-01 -1.46529E-06 -6.81729E-01
5.28000E+01 -6.84000E-01 -1.48249E-06 -6.83708E-01
5.28667E+01 -6.86000E-01 -1.47665E-06 -6.85687E-01
5.29333E+01 -6.88000E-01 -1.48464E-06 -6.87666E-01
5.30000E+01 -6.90000E-01 -1.50291E-06 -6.89645E-01
5.30667E+01 -6.92000E-01 -1.49646E-06 -6.91624E-01
5.31333E+01 -6.94000E-01 -1.50215E-06 -6.93603E-01
5.32000E+01 -6.96000E-01 -1.52319E-06 -6.95734E-01
5.32667E+01 -6.98000E-01 -1.51535E-06 -6.97713E-01
