time/s      E/V        I/A
0.00000E+00 -7.00000E-01 -1.42981E-06 -6.99691E-01
6.66667E-02 -6.98000E-01 -9.13012E-07 -6.97865E-01
1.33333E-01 -6.96000E-01 -7.54517E-07 -6.95734E-01
2.00000E-01 -6.94000E-01 -6.80952E-07 -6.93755E-01
2.66667E-01 -6.92000E-01 -6.19827E-07 -6.91776E-01
3.33333E-01 -6.90000E-01 -5.65766E-07 -6.89797E-01
4.00000E-01 -6.88000E-01 -5.27832E-07 -6.87818E-01
4.66667E-01 -6.86000E-01 -4.92509E-07 -6.85839E-01
5.33333E-01 -6.84000E-01 -4.57799E-07 -6.83708E-01
6.00000E-01 -6.82000E-01 -4.35377E-07 -6.81729E-01
6.66667E-01 -6.80000E-01 -4.11265E-07 -6.79750E-01
7.33333E-01 -6.78000E-01 -3.81624E-07 -6.77772E-01
8.00000E-01 -6.76000E-01 -3.68876E-07 -6.75793E-01
8.66667E-01 -6.74000E-01 -3.52136E-07 -6.73814E-01
9.33333E-01 -6.72000E-01 -3.28024E-07 -6.71683E-01
1.00000E+00 -6.70000E-01 -3.15738E-07 -6.69856E-01
1.06667E+00 -6.68000E-01 -3.03298E-07 -6.67877E-01
1.13333E+00 -6.66000E-01 -2.80721E-07 -6.65746E-01
1.20000E+00 -6.64000E-01 -2.70892E-07 -6.63767E-01
1.26667E+00 -6.62000E-01 -2.59066E-07 -6.61636E-01
1.33333E+00 -6.60000E-01 -2.42787E-07 -6.59810E-01
1.40000E+00 -6.58000E-01 -2.35722E-07 -6.57678E-01
1.46667E+00 -6.56000E-01 -2.26047E-07 -6.55700E-01
1.53333E+00 -6.54000E-01 -2.15450E-07 -6.53721E-01
1.60000E+00 -6.52000E-01 -2.08078E-07 -6.51590E-01
1.66667E+00 -6.50000E-01 -1.99016E-07 -6.49763E-01
1.73333E+00 -6.48000E-01 -1.90416E-07 -6.47632E-01
1.80000E+00 -6.46000E-01 -1.81201E-07 -6.45653E-01
1.86667E+00 -6.44000E-01 -1.73522E-07 -6.43674E-01
1.93333E+00 -6.42000E-01 -1.64614E-07 -6.41847E-01
2.00000E+00 -6.40000E-01 -1.59700E-07 -6.40021E-01
2.06667E+00 -6.38000E-01 -1.49103E-07 -6.37890E-01
2.13333E+00 -6.36000E-01 -1.45417E-07 -6.35911E-01
2.20000E+00 -6.34000E-01 -1.37891E-07 -6.33932E-01
2.26667E+00 -6.32000E-01 -1.31288E-07 -6.31953E-01
2.33333E+00 -6.30000E-01 -1.30520E-07 -6.29974E-01
2.40000E+00 -6.28000E-01 -1.20230E-07 -6.27995E-01
2.46667E+00 -6.26000E-01 -1.13319E-07 -6.26016E-01
2.53333E+00 -6.24000E-01 -1.17465E-07 -6.23885E-01
2.60000E+00 -6.22000E-01 -1.02722E-07 -6.21906E-01
2.66667E+00 -6.20000E-01 -9.65784E-08 -6.19928E-01
2.73333E+00 -6.18000E-01 -1.06408E-07 -6.17949E-01
2.80000E+00 -6.16000E-01 -8.70564E-08 -6.15818E-01
2.86667E+00 -6.14000E-01 -8.21418E-08 -6.13839E-01
2.93333E+00 -6.12000E-01 -9.33532E-08 -6.11860E-01
3.00000E+00 -6.10000E-01 -7.24663E-08 -6.09881E-01
3.06667E+00 -6.08000E-01 -7.21591E-08 -6.07902E-01
3.13333E+00 -6.06000E-01 -7.79951E-08 -6.05923E-01
3.20000E+00 -6.04000E-01 -6.32514E-08 -6.03792E-01
3.26667E+00 -6.02000E-01 -5.80297E-08 -6.01966E-01
3.33333E+00 -6.00000E-01 -6.41729E-08 -5.99834E-01
3.40000E+00 -5.98000E-01 -4.91220E-08 -5.97856E-01
3.46667E+00 -5.96000E-01 -4.29788E-08 -5.95877E-01
3.53333E+00 -5.94000E-01 -4.80470E-08 -5.93898E-01
3.60000E+00 -5.92000E-01 -3.69892E-08 -5.91919E-01
3.66667E+00 -5.90000E-01 -3.22282E-08 -5.89940E-01
3.73333E+00 -5.88000E-01 -3.39176E-08 -5.87961E-01
3.80000E+00 -5.86000E-01 -2.56242E-08 -5.85830E-01
3.86667E+00 -5.84000E-01 -2.30134E-08 -5.83851E-01
3.93333E+00 -5.82000E-01 -2.10168E-08 -5.81872E-01
4.00000E+00 -5.80000E-01 -1.65630E-08 -5.79741E-01
4.06667E+00 -5.78000E-01 -1.45664E-08 -5.77762E-01
4.13333E+00 -5.76000E-01 -7.04101E-09 -5.75784E-01
4.20000E+00 -5.74000E-01 -8.88398E-09 -5.73805E-01
4.26667E+00 -5.72000E-01 -1.81928E-09 -5.71826E-01
4.33333E+00 -5.70000E-01 -2.58718E-09 -5.69847E-01
4.40000E+00 -5.68000E-01 4.47752E-09  -5.67868E-01
4.46667E+00 -5.66000E-01 7.24196E-09  -5.65737E-01
4.53333E+00 -5.64000E-01 7.39554E-09  -5.63758E-01
4.60000E+00 -5.62000E-01 1.01600E-08  -5.61931E-01
4.66667E+00 -5.60000E-01 1.30780E-08  -5.59953E-01
4.73333E+00 -5.58000E-01 1.75318E-08  -5.57821E-01
4.80000E+00 -5.56000E-01 1.92212E-08  -5.55843E-01
4.86667E+00 -5.54000E-01 2.27536E-08  -5.53864E-01
4.93333E+00 -5.52000E-01 2.39822E-08  -5.51885E-01
5.00000E+00 -5.50000E-01 2.98183E-08  -5.49906E-01
5.06667E+00 -5.48000E-01 3.15077E-08  -5.47927E-01
5.13333E+00 -5.46000E-01 3.19684E-08  -5.45948E-01
5.20000E+00 -5.44000E-01 4.04153E-08  -5.43817E-01
5.26667E+00 -5.42000E-01 3.81116E-08  -5.41838E-01
5.33333E+00 -5.40000E-01 3.88795E-08  -5.39859E-01
5.40000E+00 -5.38000E-01 4.76336E-08  -5.37728E-01
5.46667E+00 -5.36000E-01 4.44084E-08  -5.35749E-01
5.53333E+00 -5.34000E-01 4.53299E-08  -5.33771E-01
5.60000E+00 -5.32000E-01 5.50055E-08  -5.31792E-01
5.66667E+00 -5.30000E-01 5.25482E-08  -5.29813E-01
5.73333E+00 -5.28000E-01 5.57734E-08  -5.27834E-01
5.80000E+00 -5.26000E-01 6.39131E-08  -5.25855E-01
5.86667E+00 -5.24000E-01 6.08415E-08  -5.23876E-01
5.93333E+00 -5.22000E-01 6.36060E-08  -5.21745E-01
6.00000E+00 -5.20000E-01 7.06707E-08  -5.19766E-01
6.06667E+00 -5.18000E-01 6.88277E-08  -5.17787E-01
6.13333E+00 -5.16000E-01 7.00563E-08  -5.15808E-01
6.20000E+00 -5.14000E-01 7.75818E-08  -5.13830E-01
6.26667E+00 -5.12000E-01 7.28208E-08  -5.11851E-01
6.33333E+00 -5.10000E-01 7.43566E-08  -5.09872E-01
6.40000E+00 -5.08000E-01 8.37250E-08  -5.07741E-01
6.46667E+00 -5.06000E-01 8.14213E-08  -5.05762E-01
6.53333E+00 -5.04000E-01 8.72573E-08  -5.03783E-01
6.60000E+00 -5.02000E-01 9.10969E-08  -5.01804E-01
6.66667E+00 -5.00000E-01 8.81788E-08  -4.99673E-01
6.73333E+00 -4.98000E-01 9.38613E-08  -4.97694E-01
6.80000E+00 -4.96000E-01 9.58578E-08  -4.95715E-01
6.86667E+00 -4.94000E-01 9.37077E-08  -4.93736E-01
6.93333E+00 -4.92000E-01 1.01847E-07  -4.91758E-01
7.00000E+00 -4.90000E-01 9.86223E-08  -4.89779E-01
7.06667E+00 -4.88000E-01 9.98509E-08  -4.87648E-01
7.13333E+00 -4.86000E-01 1.08605E-07  -4.85669E-01
7.20000E+00 -4.84000E-01 1.04305E-07  -4.83994E-01
7.26667E+00 -4.82000E-01 1.09066E-07  -4.82015E-01
7.33333E+00 -4.80000E-01 1.15209E-07  -4.79884E-01
7.40000E+00 -4.78000E-01 1.06608E-07  -4.77905E-01
7.46667E+00 -4.76000E-01 1.16591E-07  -4.75927E-01
7.53333E+00 -4.74000E-01 1.24270E-07  -4.74100E-01
7.60000E+00 -4.72000E-01 1.09066E-07  -4.71969E-01
7.66667E+00 -4.70000E-01 1.26267E-07  -4.69990E-01
7.73333E+00 -4.68000E-01 1.29185E-07  -4.68011E-01
7.80000E+00 -4.66000E-01 1.17973E-07  -4.65880E-01
7.86667E+00 -4.64000E-01 1.36403E-07  -4.63901E-01
7.93333E+00 -4.62000E-01 1.37017E-07  -4.61922E-01
8.00000E+00 -4.60000E-01 1.28724E-07  -4.59791E-01
8.06667E+00 -4.58000E-01 1.41318E-07  -4.57812E-01
8.13333E+00 -4.56000E-01 1.49765E-07  -4.55986E-01
8.20000E+00 -4.54000E-01 1.38092E-07  -4.53855E-01
8.26667E+00 -4.52000E-01 1.47922E-07  -4.51876E-01
8.33333E+00 -4.50000E-01 1.54526E-07  -4.49897E-01
8.40000E+00 -4.48000E-01 1.45311E-07  -4.47918E-01
8.46667E+00 -4.46000E-01 1.56369E-07  -4.45939E-01
8.53333E+00 -4.44000E-01 1.59287E-07  -4.43960E-01
8.60000E+00 -4.42000E-01 1.59594E-07  -4.41829E-01
8.66667E+00 -4.40000E-01 1.66505E-07  -4.39850E-01
8.73333E+00 -4.38000E-01 1.70959E-07  -4.37871E-01
8.80000E+00 -4.36000E-01 1.72034E-07  -4.35892E-01
8.86667E+00 -4.34000E-01 1.73570E-07  -4.33914E-01
8.93333E+00 -4.32000E-01 1.78484E-07  -4.31935E-01
9.00000E+00 -4.30000E-01 1.79713E-07  -4.29956E-01
9.06667E+00 -4.28000E-01 1.83859E-07  -4.27977E-01
9.13333E+00 -4.26000E-01 1.84934E-07  -4.25846E-01
9.20000E+00 -4.24000E-01 1.85856E-07  -4.23867E-01
9.26667E+00 -4.22000E-01 1.91078E-07  -4.21888E-01
9.33333E+00 -4.20000E-01 1.91538E-07  -4.19757E-01
9.40000E+00 -4.18000E-01 1.95224E-07  -4.17778E-01
9.46667E+00 -4.16000E-01 1.99217E-07  -4.15952E-01
9.53333E+00 -4.14000E-01 2.02289E-07  -4.13820E-01
9.60000E+00 -4.12000E-01 2.03978E-07  -4.11842E-01
9.66667E+00 -4.10000E-01 2.10275E-07  -4.09863E-01
9.73333E+00 -4.08000E-01 2.11811E-07  -4.07884E-01
9.80000E+00 -4.06000E-01 2.13961E-07  -4.05905E-01
9.86667E+00 -4.04000E-01 2.22869E-07  -4.03926E-01
9.93333E+00 -4.02000E-01 2.20104E-07  -4.01947E-01
1.00000E+01 -4.00000E-01 2.22254E-07  -3.99968E-01
1.00667E+01 -3.98000E-01 2.29626E-07  -3.97837E-01
1.01333E+01 -3.96000E-01 2.25326E-07  -3.96011E-01
1.02000E+01 -3.94000E-01 2.32237E-07  -3.93879E-01
1.02667E+01 -3.92000E-01 2.38841E-07  -3.91901E-01
1.03333E+01 -3.90000E-01 2.38841E-07  -3.89922E-01
1.04000E+01 -3.88000E-01 2.41145E-07  -3.87943E-01
1.04667E+01 -3.86000E-01 2.50206E-07  -3.85812E-01
1.05333E+01 -3.84000E-01 2.46367E-07  -3.83833E-01
1.06000E+01 -3.82000E-01 2.54660E-07  -3.81854E-01
1.06667E+01 -3.80000E-01 2.60342E-07  -3.79875E-01
1.07333E+01 -3.78000E-01 2.56196E-07  -3.77896E-01
1.08000E+01 -3.76000E-01 2.60957E-07  -3.75917E-01
1.08667E+01 -3.74000E-01 2.67100E-07  -3.73786E-01
1.09333E+01 -3.72000E-01 2.63107E-07  -3.71807E-01
1.10000E+01 -3.70000E-01 2.70786E-07  -3.69829E-01
1.10667E+01 -3.68000E-01 2.79079E-07  -3.67850E-01
1.11333E+01 -3.66000E-01 2.75086E-07  -3.65871E-01
1.12000E+01 -3.64000E-01 2.81229E-07  -3.63892E-01
1.12667E+01 -3.62000E-01 2.88755E-07  -3.61761E-01
1.13333E+01 -3.60000E-01 2.82765E-07  -3.59782E-01
1.14000E+01 -3.58000E-01 2.93669E-07  -3.57955E-01
1.14667E+01 -3.56000E-01 2.96587E-07  -3.55824E-01
1.15333E+01 -3.54000E-01 2.95820E-07  -3.53845E-01
1.16000E+01 -3.52000E-01 3.03191E-07  -3.51867E-01
1.16667E+01 -3.50000E-01 3.05034E-07  -3.49888E-01
1.17333E+01 -3.48000E-01 3.04727E-07  -3.47757E-01
1.18000E+01 -3.46000E-01 3.14403E-07  -3.45778E-01
1.18667E+01 -3.44000E-01 3.15017E-07  -3.43799E-01
1.19333E+01 -3.42000E-01 3.17781E-07  -3.41668E-01
1.20000E+01 -3.40000E-01 3.23157E-07  -3.39689E-01
1.20667E+01 -3.38000E-01 3.19164E-07  -3.37862E-01
1.21333E+01 -3.36000E-01 3.27611E-07  -3.35731E-01
1.22000E+01 -3.34000E-01 3.33907E-07  -3.33752E-01
1.22667E+01 -3.32000E-01 3.24846E-07  -3.31773E-01
1.23333E+01 -3.30000E-01 3.40972E-07  -3.29642E-01
1.24000E+01 -3.28000E-01 3.45733E-07  -3.27816E-01
1.24667E+01 -3.26000E-01 3.38054E-07  -3.25837E-01
1.25333E+01 -3.24000E-01 3.50955E-07  -3.23858E-01
1.26000E+01 -3.22000E-01 3.59863E-07  -3.21727E-01
1.26667E+01 -3.20000E-01 3.48651E-07  -3.19748E-01
1.27333E+01 -3.18000E-01 3.65238E-07  -3.17921E-01
1.28000E+01 -3.16000E-01 3.70306E-07  -3.15942E-01
1.28667E+01 -3.14000E-01 3.63088E-07  -3.13811E-01
1.29333E+01 -3.12000E-01 3.75528E-07  -3.11832E-01
1.30000E+01 -3.10000E-01 3.82900E-07  -3.09854E-01
1.30667E+01 -3.08000E-01 3.78139E-07  -3.07722E-01
1.31333E+01 -3.06000E-01 3.87968E-07  -3.05744E-01
1.32000E+01 -3.04000E-01 3.93650E-07  -3.03765E-01
1.32667E+01 -3.02000E-01 3.95493E-07  -3.01634E-01
1.33333E+01 -3.00000E-01 4.05169E-07  -2.99807E-01
1.34000E+01 -2.98000E-01 4.11158E-07  -2.97828E-01
1.34667E+01 -2.96000E-01 4.14691E-07  -2.95697E-01
1.35333E+01 -2.94000E-01 4.18377E-07  -2.93718E-01
1.36000E+01 -2.92000E-01 4.24366E-07  -2.91739E-01
1.36667E+01 -2.90000E-01 4.29895E-07  -2.89760E-01
1.37333E+01 -2.88000E-01 4.30817E-07  -2.87781E-01
1.38000E+01 -2.86000E-01 4.37881E-07  -2.85803E-01
1.38667E+01 -2.84000E-01 4.43410E-07  -2.83672E-01
1.39333E+01 -2.82000E-01 4.47250E-07  -2.81693E-01
1.40000E+01 -2.80000E-01 4.51704E-07  -2.79866E-01
1.40667E+01 -2.78000E-01 4.60151E-07  -2.77735E-01
1.41333E+01 -2.76000E-01 4.64297E-07  -2.75756E-01
1.42000E+01 -2.74000E-01 4.68751E-07  -2.73777E-01
1.42667E+01 -2.72000E-01 4.76430E-07  -2.71798E-01
1.43333E+01 -2.70000E-01 4.81037E-07  -2.69667E-01
1.44000E+01 -2.68000E-01 4.84723E-07  -2.67688E-01
1.44667E+01 -2.66000E-01 4.91020E-07  -2.65709E-01
1.45333E+01 -2.64000E-01 4.98853E-07  -2.63731E-01
1.46000E+01 -2.62000E-01 4.99314E-07  -2.61599E-01
1.46667E+01 -2.60000E-01 5.06225E-07  -2.59773E-01
1.47333E+01 -2.58000E-01 5.16207E-07  -2.57642E-01
1.48000E+01 -2.56000E-01 5.16668E-07  -2.55663E-01
1.48667E+01 -2.54000E-01 5.25883E-07  -2.53684E-01
1.49333E+01 -2.52000E-01 5.36941E-07  -2.51705E-01
1.50000E+01 -2.50000E-01 5.38169E-07  -2.49726E-01
1.50667E+01 -2.48000E-01 5.42470E-07  -2.47747E-01
1.51333E+01 -2.46000E-01 5.54910E-07  -2.45769E-01
1.52000E+01 -2.44000E-01 5.52452E-07  -2.43637E-01
1.52667E+01 -2.42000E-01 5.60131E-07  -2.41659E-01
1.53333E+01 -2.40000E-01 5.73032E-07  -2.39832E-01
1.54000E+01 -2.38000E-01 5.69653E-07  -2.37701E-01
1.54667E+01 -2.36000E-01 5.78868E-07  -2.35722E-01
1.55333E+01 -2.34000E-01 5.91155E-07  -2.33743E-01
1.56000E+01 -2.32000E-01 5.87929E-07  -2.31764E-01
1.56667E+01 -2.30000E-01 5.99755E-07  -2.29633E-01
1.57333E+01 -2.28000E-01 6.08970E-07  -2.27654E-01
1.58000E+01 -2.26000E-01 6.08663E-07  -2.25675E-01
1.58667E+01 -2.24000E-01 6.17724E-07  -2.23696E-01
1.59333E+01 -2.22000E-01 6.30010E-07  -2.21718E-01
1.60000E+01 -2.20000E-01 6.22946E-07  -2.19739E-01
1.60667E+01 -2.18000E-01 6.36768E-07  -2.17760E-01
1.61333E+01 -2.16000E-01 6.48901E-07  -2.15629E-01
1.62000E+01 -2.14000E-01 6.44754E-07  -2.13650E-01
1.62667E+01 -2.12000E-01 6.57501E-07  -2.11671E-01
1.63333E+01 -2.10000E-01 6.67484E-07  -2.09692E-01
1.64000E+01 -2.08000E-01 6.69173E-07  -2.07713E-01
1.64667E+01 -2.06000E-01 6.78695E-07  -2.05582E-01
1.65333E+01 -2.04000E-01 6.86528E-07  -2.03603E-01
1.66000E+01 -2.02000E-01 6.89139E-07  -2.01777E-01
1.66667E+01 -2.00000E-01 6.99889E-07  -1.99798E-01
1.67333E+01 -1.98000E-01 7.04190E-07  -1.97667E-01
1.68000E+01 -1.96000E-01 7.10487E-07  -1.95688E-01
1.68667E+01 -1.94000E-01 7.22159E-07  -1.93709E-01
1.69333E+01 -1.92000E-01 7.20162E-07  -1.91578E-01
1.70000E+01 -1.90000E-01 7.34752E-07  -1.89599E-01
1.70667E+01 -1.88000E-01 7.43199E-07  -1.87620E-01
1.71333E+01 -1.86000E-01 7.44735E-07  -1.85641E-01
1.72000E+01 -1.84000E-01 7.62090E-07  -1.83662E-01
1.72667E+01 -1.82000E-01 7.73301E-07  -1.81683E-01
1.73333E+01 -1.80000E-01 7.66390E-07  -1.79705E-01
1.74000E+01 -1.78000E-01 7.89888E-07  -1.77574E-01
1.74667E+01 -1.76000E-01 7.99870E-07  -1.75595E-01
1.75333E+01 -1.74000E-01 7.95570E-07  -1.73768E-01
1.76000E+01 -1.72000E-01 8.15536E-07  -1.71941E-01
1.76667E+01 -1.70000E-01 8.28743E-07  -1.69810E-01
1.77333E+01 -1.68000E-01 8.26747E-07  -1.67831E-01
1.78000E+01 -1.66000E-01 8.48095E-07  -1.65853E-01
1.78667E+01 -1.64000E-01 8.57924E-07  -1.63874E-01
1.79333E+01 -1.62000E-01 8.60842E-07  -1.61895E-01
1.80000E+01 -1.60000E-01 8.83111E-07  -1.59916E-01
1.80667E+01 -1.58000E-01 8.88333E-07  -1.57785E-01
1.81333E+01 -1.56000E-01 8.97701E-07  -1.55806E-01
1.82000E+01 -1.54000E-01 9.13213E-07  -1.53827E-01
1.82667E+01 -1.52000E-01 9.16899E-07  -1.51696E-01
1.83333E+01 -1.50000E-01 9.29953E-07  -1.49869E-01
1.84000E+01 -1.48000E-01 9.41779E-07  -1.47738E-01
1.84667E+01 -1.46000E-01 9.46386E-07  -1.45759E-01
1.85333E+01 -1.44000E-01 9.59594E-07  -1.43780E-01
1.86000E+01 -1.42000E-01 9.70652E-07  -1.41802E-01
1.86667E+01 -1.40000E-01 9.72341E-07  -1.39823E-01
1.87333E+01 -1.38000E-01 9.90310E-07  -1.37844E-01
1.88000E+01 -1.36000E-01 9.97068E-07  -1.35713E-01
1.88667E+01 -1.34000E-01 9.96760E-07  -1.33886E-01
1.89333E+01 -1.32000E-01 1.00843E-06  -1.31755E-01
1.90000E+01 -1.30000E-01 1.01795E-06  -1.29776E-01
1.90667E+01 -1.28000E-01 1.00813E-06  -1.27797E-01
1.91333E+01 -1.26000E-01 1.02533E-06  -1.25666E-01
1.92000E+01 -1.24000E-01 1.03423E-06  -1.23840E-01
1.92667E+01 -1.22000E-01 1.02855E-06  -1.21861E-01
1.93333E+01 -1.20000E-01 1.03347E-06  -1.19730E-01
1.94000E+01 -1.18000E-01 1.04498E-06  -1.17751E-01
1.94667E+01 -1.16000E-01 1.03408E-06  -1.15772E-01
1.95333E+01 -1.14000E-01 1.04161E-06  -1.13793E-01
1.96000E+01 -1.12000E-01 1.04867E-06  -1.11662E-01
1.96667E+01 -1.10000E-01 1.03546E-06  -1.09683E-01
1.97333E+01 -1.08000E-01 1.04115E-06  -1.07704E-01
1.98000E+01 -1.06000E-01 1.04483E-06  -1.05725E-01
1.98667E+01 -1.04000E-01 1.03224E-06  -1.03746E-01
1.99333E+01 -1.02000E-01 1.03423E-06  -1.01767E-01
2.00000E+01 -1.00000E-01 1.03731E-06  -9.96364E-02
2.00667E+01 -9.80000E-02 1.02748E-06  -9.76575E-02
2.01333E+01 -9.60000E-02 1.02686E-06  -9.56786E-02
2.02000E+01 -9.40000E-02 1.03393E-06  -9.36998E-02
2.02667E+01 -9.20000E-02 1.01335E-06  -9.18731E-02
2.03333E+01 -9.00000E-02 1.02026E-06  -8.97420E-02
2.04000E+01 -8.80000E-02 1.02225E-06  -8.77631E-02
2.04667E+01 -8.60000E-02 1.00644E-06  -8.57843E-02
2.05333E+01 -8.40000E-02 1.00490E-06  -8.38054E-02
2.06000E+01 -8.20000E-02 1.00951E-06  -8.18265E-02
2.06667E+01 -8.00000E-02 9.96453E-07  -7.98477E-02
2.07333E+01 -7.80000E-02 9.95071E-07  -7.77166E-02
2.08000E+01 -7.60000E-02 9.99986E-07  -7.57377E-02
2.08667E+01 -7.40000E-02 9.85856E-07  -7.37588E-02
2.09333E+01 -7.20000E-02 9.88160E-07  -7.17799E-02
2.10000E+01 -7.00000E-02 9.91231E-07  -6.96489E-02
2.10667E+01 -6.80000E-02 9.77716E-07  -6.76700E-02
2.11333E+01 -6.60000E-02 9.81402E-07  -6.56911E-02
2.12000E+01 -6.40000E-02 9.83092E-07  -6.37122E-02
2.12667E+01 -6.20000E-02 9.73877E-07  -6.17334E-02
2.13333E+01 -6.00000E-02 9.72648E-07  -5.97545E-02
2.14000E+01 -5.80000E-02 9.75106E-07  -5.77756E-02
2.14667E+01 -5.60000E-02 9.67887E-07  -5.57967E-02
2.15333E+01 -5.40000E-02 9.66044E-07  -5.38179E-02
2.16000E+01 -5.20000E-02 9.66812E-07  -5.16868E-02
2.16667E+01 -5.00000E-02 9.68041E-07  -4.97079E-02
2.17333E+01 -4.80000E-02 9.67580E-07  -4.77290E-02
2.18000E+01 -4.60000E-02 9.62973E-07  -4.57502E-02
2.18667E+01 -4.40000E-02 9.67427E-07  -4.37713E-02
2.19333E+01 -4.20000E-02 9.67734E-07  -4.17924E-02
2.20000E+01 -4.00000E-02 9.57597E-07  -3.96613E-02
2.20667E+01 -3.80000E-02 9.69423E-07  -3.76825E-02
2.21333E+01 -3.60000E-02 9.65891E-07  -3.57036E-02
2.22000E+01 -3.40000E-02 9.57597E-07  -3.37247E-02
2.22667E+01 -3.20000E-02 9.71266E-07  -3.15936E-02
2.23333E+01 -3.00000E-02 9.70959E-07  -2.96147E-02
2.24000E+01 -2.80000E-02 9.60669E-07  -2.76359E-02
2.24667E+01 -2.60000E-02 9.74798E-07  -2.58092E-02
2.25333E+01 -2.40000E-02 9.75720E-07  -2.36781E-02
2.26000E+01 -2.20000E-02 9.66966E-07  -2.16993E-02
2.26667E+01 -2.00000E-02 9.82631E-07  -1.97204E-02
2.27333E+01 -1.80000E-02 9.80174E-07  -1.77415E-02
2.28000E+01 -1.60000E-02 9.75106E-07  -1.59149E-02
2.28667E+01 -1.40000E-02 9.87546E-07  -1.39360E-02
2.29333E+01 -1.20000E-02 9.84013E-07  -1.19571E-02
2.30000E+01 -1.00000E-02 9.86317E-07  -9.82602E-03
2.30667E+01 -8.00000E-03 9.93689E-07  -7.84714E-03
2.31333E+01 -6.00000E-03 9.92767E-07  -6.02049E-03
2.32000E+01 -4.00000E-03 9.94303E-07  -3.88940E-03
2.32667E+01 -2.00000E-03 1.00413E-06  -1.91053E-03
2.33333E+01 1.45825E-17  9.99525E-07  6.83472E-05 
2.34000E+01 2.00000E-03  1.00567E-06  2.04722E-03 
2.34667E+01 4.00000E-03  1.01196E-06  4.17831E-03 
2.35333E+01 6.00000E-03  1.00889E-06  6.15719E-03 
2.36000E+01 8.00000E-03  1.01381E-06  8.13606E-03 
2.36667E+01 1.00000E-02  1.02225E-06  1.01149E-02 
2.37333E+01 1.20000E-02  1.01795E-06  1.20938E-02 
2.38000E+01 1.40000E-02  1.02149E-06  1.40727E-02 
2.38667E+01 1.60000E-02  1.03408E-06  1.60515E-02 
2.39333E+01 1.80000E-02  1.02824E-06  1.81826E-02 
2.40000E+01 2.00000E-02  1.03239E-06  2.01615E-02 
2.40667E+01 2.20000E-02  1.04867E-06  2.21404E-02 
2.41333E+01 2.40000E-02  1.04068E-06  2.41193E-02 
2.42000E+01 2.60000E-02  1.04406E-06  2.60981E-02 
2.42667E+01 2.80000E-02  1.05881E-06  2.82292E-02 
2.43333E+01 3.00000E-02  1.05343E-06  3.02081E-02 
2.44000E+01 3.20000E-02  1.05405E-06  3.20347E-02 
2.44667E+01 3.40000E-02  1.06864E-06  3.41658E-02 
2.45333E+01 3.60000E-02  1.06449E-06  3.61447E-02 
2.46000E+01 3.80000E-02  1.06695E-06  3.81236E-02 
2.46667E+01 4.00000E-02  1.08461E-06  4.01025E-02 
2.47333E+01 4.20000E-02  1.08000E-06  4.22336E-02 
2.48000E+01 4.40000E-02  1.08230E-06  4.42124E-02 
2.48667E+01 4.60000E-02  1.09997E-06  4.61913E-02 
2.49333E+01 4.80000E-02  1.09275E-06  4.83224E-02 
2.50000E+01 5.00000E-02  1.09812E-06  5.01490E-02 
2.50667E+01 5.20000E-02  1.11241E-06  5.21279E-02 
2.51333E+01 5.40000E-02  1.10918E-06  5.41068E-02 
2.52000E+01 5.60000E-02  1.11210E-06  5.62379E-02 
2.52667E+01 5.80000E-02  1.12853E-06  5.82168E-02 
2.53333E+01 6.00000E-02  1.12070E-06  6.01956E-02 
2.54000E+01 6.20000E-02  1.12761E-06  6.21745E-02 
2.54667E+01 6.40000E-02  1.14481E-06  6.41534E-02 
2.55333E+01 6.60000E-02  1.14159E-06  6.61322E-02 
2.56000E+01 6.80000E-02  1.14573E-06  6.82633E-02 
2.56667E+01 7.00000E-02  1.16263E-06  7.00900E-02 
2.57333E+01 7.20000E-02  1.15879E-06  7.20689E-02 
2.58000E+01 7.40000E-02  1.16478E-06  7.40477E-02 
2.58667E+01 7.60000E-02  1.18152E-06  7.61788E-02 
2.59333E+01 7.80000E-02  1.18136E-06  7.81577E-02 
2.60000E+01 8.00000E-02  1.19089E-06  8.01366E-02 
2.60667E+01 8.20000E-02  1.21285E-06  8.22677E-02 
2.61333E+01 8.40000E-02  1.22191E-06  8.42465E-02 
2.62000E+01 8.60000E-02  1.23650E-06  8.62254E-02 
2.62667E+01 8.80000E-02  1.25032E-06  8.82043E-02 
2.63333E+01 9.00000E-02  1.26077E-06  9.01832E-02 
2.64000E+01 9.20000E-02  1.26921E-06  9.21620E-02 
2.64667E+01 9.40000E-02  1.27597E-06  9.41409E-02 
2.65333E+01 9.60000E-02  1.29102E-06  9.61198E-02 
2.66000E+01 9.80000E-02  1.29486E-06  9.80986E-02 
2.66667E+01 1.00000E-01  1.29071E-06  1.00078E-01 
2.67333E+01 9.80000E-02  6.92518E-07  9.84031E-02 
2.68000E+01 9.60000E-02  4.91788E-07  9.62720E-02 
2.68667E+01 9.40000E-02  3.57559E-07  9.42931E-02 
2.69333E+01 9.20000E-02  2.86298E-07  9.23142E-02 
2.70000E+01 9.00000E-02  2.19183E-07  9.03354E-02 
2.70667E+01 8.80000E-02  1.48075E-07  8.83565E-02 
2.71333E+01 8.60000E-02  1.16745E-07  8.63776E-02 
2.72000E+01 8.40000E-02  7.42030E-08  8.43988E-02 
2.72667E+01 8.20000E-02  1.87605E-08  8.22677E-02 
2.73333E+01 8.00000E-02  9.23851E-09  8.02888E-02 
2.74000E+01 7.80000E-02  -2.48563E-08 7.83099E-02 
2.74667E+01 7.60000E-02  -6.80124E-08 7.61788E-02 
2.75333E+01 7.40000E-02  -7.43092E-08 7.42000E-02 
2.76000E+01 7.20000E-02  -1.00264E-07 7.22211E-02 
2.76667E+01 7.00000E-02  -1.32823E-07 7.02422E-02 
2.77333E+01 6.80000E-02  -1.39427E-07 6.82633E-02 
2.78000E+01 6.60000E-02  -1.58164E-07 6.62845E-02 
2.78667E+01 6.40000E-02  -1.82737E-07 6.41534E-02 
2.79333E+01 6.20000E-02  -1.88880E-07 6.21745E-02 
2.80000E+01 6.00000E-02  -2.07924E-07 6.01956E-02 
2.80667E+01 5.80000E-02  -2.25432E-07 5.83690E-02 
2.81333E+01 5.60000E-02  -2.27582E-07 5.62379E-02 
2.82000E+01 5.40000E-02  -2.49698E-07 5.42590E-02 
2.82667E+01 5.20000E-02  -2.62752E-07 5.22801E-02 
2.83333E+01 5.00000E-02  -2.66131E-07 5.03013E-02 
2.84000E+01 4.80000E-02  -2.83946E-07 4.83224E-02 
2.84667E+01 4.60000E-02  -2.93468E-07 4.63435E-02 
2.85333E+01 4.40000E-02  -2.97001E-07 4.42124E-02 
2.86000E+01 4.20000E-02  -3.06676E-07 4.22336E-02 
2.86667E+01 4.00000E-02  -3.20806E-07 4.02547E-02 
2.87333E+01 3.80000E-02  -3.22342E-07 3.82758E-02 
2.88000E+01 3.60000E-02  -3.33553E-07 3.62969E-02 
2.88667E+01 3.40000E-02  -3.44150E-07 3.41658E-02 
2.89333E+01 3.20000E-02  -3.44150E-07 3.21870E-02 
2.90000E+01 3.00000E-02  -3.57665E-07 3.02081E-02 
2.90667E+01 2.80000E-02  -3.66726E-07 2.82292E-02 
2.91333E+01 2.60000E-02  -3.66266E-07 2.62504E-02 
2.92000E+01 2.40000E-02  -3.75941E-07 2.42715E-02 
2.92667E+01 2.20000E-02  -3.86845E-07 2.21404E-02 
2.93333E+01 2.00000E-02  -3.85770E-07 2.01615E-02 
2.94000E+01 1.80000E-02  -3.92221E-07 1.81826E-02 
2.94667E+01 1.60000E-02  -4.03432E-07 1.62038E-02 
2.95333E+01 1.40000E-02  -3.99746E-07 1.42249E-02 
2.96000E+01 1.20000E-02  -4.10957E-07 1.22460E-02 
2.96667E+01 1.00000E-02  -4.22937E-07 1.02672E-02 
2.97333E+01 8.00000E-03  -4.18022E-07 8.28828E-03 
2.98000E+01 6.00000E-03  -4.27083E-07 6.15719E-03 
2.98667E+01 4.00000E-03  -4.35070E-07 4.17831E-03 
2.99333E+01 2.00000E-03  -4.31076E-07 2.19944E-03 
3.00000E+01 1.45825E-17  -4.42134E-07 6.83472E-05 
3.00667E+01 -2.00000E-03 -4.48431E-07 -1.75830E-03
3.01333E+01 -4.00000E-03 -4.44745E-07 -3.88940E-03
3.02000E+01 -6.00000E-03 -4.55342E-07 -5.86827E-03
3.02667E+01 -8.00000E-03 -4.61793E-07 -7.84714E-03
3.03333E+01 -1.00000E-02 -4.58260E-07 -9.82602E-03
3.04000E+01 -1.20000E-02 -4.71468E-07 -1.18049E-02
3.04667E+01 -1.40000E-02 -4.76997E-07 -1.37838E-02
3.05333E+01 -1.60000E-02 -4.76843E-07 -1.59149E-02
3.06000E+01 -1.80000E-02 -4.83601E-07 -1.75893E-02
3.06667E+01 -2.00000E-02 -4.92355E-07 -1.95682E-02
3.07333E+01 -2.20000E-02 -4.90051E-07 -2.15470E-02
3.08000E+01 -2.40000E-02 -4.97423E-07 -2.36781E-02
3.08667E+01 -2.60000E-02 -5.02798E-07 -2.56570E-02
3.09333E+01 -2.80000E-02 -5.03720E-07 -2.74836E-02
3.10000E+01 -3.00000E-02 -5.09249E-07 -2.96147E-02
3.10667E+01 -3.20000E-02 -5.14317E-07 -3.15936E-02
3.11333E+01 -3.40000E-02 -5.19692E-07 -3.35725E-02
3.12000E+01 -3.60000E-02 -5.21535E-07 -3.55514E-02
3.12667E+01 -3.80000E-02 -5.26603E-07 -3.76825E-02
3.13333E+01 -4.00000E-02 -5.39658E-07 -3.96613E-02
3.14000E+01 -4.20000E-02 -5.36740E-07 -4.16402E-02
3.14667E+01 -4.40000E-02 -5.42883E-07 -4.36191E-02
3.15333E+01 -4.60000E-02 -5.58855E-07 -4.57502E-02
3.16000E+01 -4.80000E-02 -5.53480E-07 -4.75768E-02
3.16667E+01 -5.00000E-02 -5.59623E-07 -4.95557E-02
3.17333E+01 -5.20000E-02 -5.78821E-07 -5.16868E-02
3.18000E+01 -5.40000E-02 -5.69606E-07 -5.36657E-02
3.18667E+01 -5.60000E-02 -5.75749E-07 -5.56445E-02
3.19333E+01 -5.80000E-02 -6.03394E-07 -5.76234E-02
3.20000E+01 -6.00000E-02 -5.90032E-07 -5.96023E-02
3.20667E+01 -6.20000E-02 -5.94947E-07 -6.15811E-02
3.21333E+01 -6.40000E-02 -6.20441E-07 -6.37122E-02
3.22000E+01 -6.60000E-02 -6.07540E-07 -6.56911E-02
3.22667E+01 -6.80000E-02 -6.13991E-07 -6.75178E-02
3.23333E+01 -7.00000E-02 -6.33649E-07 -6.96489E-02
3.24000E+01 -7.20000E-02 -6.23820E-07 -7.16277E-02
3.24667E+01 -7.40000E-02 -6.31038E-07 -7.37588E-02
3.25333E+01 -7.60000E-02 -6.49928E-07 -7.57377E-02
3.26000E+01 -7.80000E-02 -6.42096E-07 -7.77166E-02
3.26667E+01 -8.00000E-02 -6.49007E-07 -7.96954E-02
3.27333E+01 -8.20000E-02 -6.64058E-07 -8.16743E-02
3.28000E+01 -8.40000E-02 -6.63444E-07 -8.38054E-02
3.28667E+01 -8.60000E-02 -6.68512E-07 -8.57843E-02
3.29333E+01 -8.80000E-02 -6.81566E-07 -8.76109E-02
3.30000E+01 -9.00000E-02 -6.85098E-07 -8.97420E-02
3.30667E+01 -9.20000E-02 -6.94467E-07 -9.17209E-02
3.31333E+01 -9.40000E-02 -7.03835E-07 -9.36998E-02
3.32000E+01 -9.60000E-02 -7.09211E-07 -9.56786E-02
3.32667E+01 -9.80000E-02 -7.19500E-07 -9.76575E-02
3.33333E+01 -1.00000E-01 -7.31787E-07 -9.96364E-02
3.34000E+01 -1.02000E-01 -7.34858E-07 -1.01615E-01
3.34667E+01 -1.04000E-01 -7.48066E-07 -1.03746E-01
3.35333E+01 -1.06000E-01 -7.61735E-07 -1.05573E-01
3.36000E+01 -1.08000E-01 -7.65575E-07 -1.07552E-01
3.36667E+01 -1.10000E-01 -7.77247E-07 -1.09683E-01
3.37333E+01 -1.12000E-01 -7.87690E-07 -1.11662E-01
3.38000E+01 -1.14000E-01 -7.92298E-07 -1.13641E-01
3.38667E+01 -1.16000E-01 -8.01512E-07 -1.15772E-01
3.39333E+01 -1.18000E-01 -8.07502E-07 -1.17751E-01
3.40000E+01 -1.20000E-01 -8.13492E-07 -1.19730E-01
3.40667E+01 -1.22000E-01 -8.22553E-07 -1.21708E-01
3.41333E+01 -1.24000E-01 -8.31307E-07 -1.23840E-01
3.42000E+01 -1.26000E-01 -8.31000E-07 -1.25666E-01
3.42667E+01 -1.28000E-01 -8.41136E-07 -1.27645E-01
3.43333E+01 -1.30000E-01 -8.47126E-07 -1.29776E-01
3.44000E+01 -1.32000E-01 -8.45743E-07 -1.31755E-01
3.44667E+01 -1.34000E-01 -8.55573E-07 -1.33734E-01
3.45333E+01 -1.36000E-01 -8.57569E-07 -1.35713E-01
3.46000E+01 -1.38000E-01 -8.55112E-07 -1.37692E-01
3.46667E+01 -1.40000E-01 -8.64020E-07 -1.39670E-01
3.47333E+01 -1.42000E-01 -8.63252E-07 -1.41802E-01
3.48000E+01 -1.44000E-01 -8.58798E-07 -1.43780E-01
3.48667E+01 -1.46000E-01 -8.68934E-07 -1.45759E-01
3.49333E+01 -1.48000E-01 -8.65709E-07 -1.47738E-01
3.50000E+01 -1.50000E-01 -8.59873E-07 -1.49717E-01
3.50667E+01 -1.52000E-01 -8.70623E-07 -1.51696E-01
3.51333E+01 -1.54000E-01 -8.64787E-07 -1.53675E-01
3.52000E+01 -1.56000E-01 -8.60794E-07 -1.55806E-01
3.52667E+01 -1.58000E-01 -8.69241E-07 -1.57785E-01
3.53333E+01 -1.60000E-01 -8.62944E-07 -1.59764E-01
3.54000E+01 -1.62000E-01 -8.57416E-07 -1.61895E-01
3.54667E+01 -1.64000E-01 -8.66477E-07 -1.63721E-01
3.55333E+01 -1.66000E-01 -8.61255E-07 -1.65700E-01
3.56000E+01 -1.68000E-01 -8.59719E-07 -1.67831E-01
3.56667E+01 -1.70000E-01 -8.65402E-07 -1.69810E-01
3.57333E+01 -1.72000E-01 -8.61102E-07 -1.71789E-01
3.58000E+01 -1.74000E-01 -8.65095E-07 -1.73768E-01
3.58667E+01 -1.76000E-01 -8.67552E-07 -1.75595E-01
3.59333E+01 -1.78000E-01 -8.63866E-07 -1.77574E-01
3.60000E+01 -1.80000E-01 -8.73695E-07 -1.79552E-01
3.60667E+01 -1.82000E-01 -8.70009E-07 -1.81531E-01
3.61333E+01 -1.84000E-01 -8.71238E-07 -1.83510E-01
3.62000E+01 -1.86000E-01 -8.80299E-07 -1.85489E-01
3.62667E+01 -1.88000E-01 -8.78917E-07 -1.87468E-01
3.63333E+01 -1.90000E-01 -8.77535E-07 -1.89447E-01
3.64000E+01 -1.92000E-01 -8.97039E-07 -1.91578E-01
3.64667E+01 -1.94000E-01 -8.91357E-07 -1.93557E-01
3.65333E+01 -1.96000E-01 -8.91203E-07 -1.95536E-01
3.66000E+01 -1.98000E-01 -9.15776E-07 -1.97667E-01
3.66667E+01 -2.00000E-01 -9.08097E-07 -1.99646E-01
3.67333E+01 -2.02000E-01 -9.13012E-07 -2.01624E-01
3.68000E+01 -2.04000E-01 -9.36356E-07 -2.03603E-01
3.68667E+01 -2.06000E-01 -9.28370E-07 -2.05582E-01
3.69333E+01 -2.08000E-01 -9.37277E-07 -2.07561E-01
3.70000E+01 -2.10000E-01 -9.57550E-07 -2.09540E-01
3.70667E+01 -2.12000E-01 -9.52328E-07 -2.11671E-01
3.71333E+01 -2.14000E-01 -9.61697E-07 -2.13650E-01
3.72000E+01 -2.16000E-01 -9.84887E-07 -2.15629E-01
3.72667E+01 -2.18000E-01 -9.83659E-07 -2.17608E-01
3.73333E+01 -2.20000E-01 -9.96713E-07 -2.19586E-01
3.74000E+01 -2.22000E-01 -1.01299E-06 -2.21718E-01
3.74667E+01 -2.24000E-01 -1.01652E-06 -2.23544E-01
3.75333E+01 -2.26000E-01 -1.03296E-06 -2.25523E-01
3.76000E+01 -2.28000E-01 -1.04555E-06 -2.27654E-01
3.76667E+01 -2.30000E-01 -1.05139E-06 -2.29633E-01
3.77333E+01 -2.32000E-01 -1.06475E-06 -2.31612E-01
3.78000E+01 -2.34000E-01 -1.07627E-06 -2.33591E-01
3.78667E+01 -2.36000E-01 -1.08763E-06 -2.35722E-01
3.79333E+01 -2.38000E-01 -1.10145E-06 -2.37701E-01
3.80000E+01 -2.40000E-01 -1.11221E-06 -2.39680E-01
3.80667E+01 -2.42000E-01 -1.12342E-06 -2.41659E-01
3.81333E+01 -2.44000E-01 -1.14016E-06 -2.43637E-01
3.82000E+01 -2.46000E-01 -1.14830E-06 -2.45616E-01
3.82667E+01 -2.48000E-01 -1.15982E-06 -2.47747E-01
3.83333E+01 -2.50000E-01 -1.17609E-06 -2.49726E-01
3.84000E+01 -2.52000E-01 -1.18408E-06 -2.51705E-01
3.84667E+01 -2.54000E-01 -1.19376E-06 -2.53684E-01
3.85333E+01 -2.56000E-01 -1.20512E-06 -2.55663E-01
3.86000E+01 -2.58000E-01 -1.20927E-06 -2.57642E-01
3.86667E+01 -2.60000E-01 -1.22324E-06 -2.59621E-01
3.87333E+01 -2.62000E-01 -1.23553E-06 -2.61599E-01
3.88000E+01 -2.64000E-01 -1.24060E-06 -2.63578E-01
3.88667E+01 -2.66000E-01 -1.24782E-06 -2.65557E-01
3.89333E+01 -2.68000E-01 -1.26102E-06 -2.67688E-01
3.90000E+01 -2.70000E-01 -1.26317E-06 -2.69667E-01
3.90667E+01 -2.72000E-01 -1.26579E-06 -2.71646E-01
3.91333E+01 -2.74000E-01 -1.28176E-06 -2.73625E-01
3.92000E+01 -2.76000E-01 -1.27976E-06 -2.75756E-01
3.92667E+01 -2.78000E-01 -1.28145E-06 -2.77735E-01
3.93333E+01 -2.80000E-01 -1.29512E-06 -2.79714E-01
3.94000E+01 -2.82000E-01 -1.29435E-06 -2.81693E-01
3.94667E+01 -2.84000E-01 -1.29266E-06 -2.83672E-01
3.95333E+01 -2.86000E-01 -1.30495E-06 -2.85650E-01
3.96000E+01 -2.88000E-01 -1.30510E-06 -2.87629E-01
3.96667E+01 -2.90000E-01 -1.30003E-06 -2.89760E-01
3.97333E+01 -2.92000E-01 -1.31432E-06 -2.91739E-01
3.98000E+01 -2.94000E-01 -1.31078E-06 -2.93718E-01
3.98667E+01 -2.96000E-01 -1.30541E-06 -2.95697E-01
3.99333E+01 -2.98000E-01 -1.31862E-06 -2.97676E-01
4.00000E+01 -3.00000E-01 -1.31278E-06 -2.99655E-01
4.00667E+01 -3.02000E-01 -1.30572E-06 -3.01634E-01
4.01333E+01 -3.04000E-01 -1.31785E-06 -3.03612E-01
4.02000E+01 -3.06000E-01 -1.31601E-06 -3.05744E-01
4.02667E+01 -3.08000E-01 -1.31032E-06 -3.07722E-01
4.03333E+01 -3.10000E-01 -1.31754E-06 -3.09701E-01
4.04000E+01 -3.12000E-01 -1.31677E-06 -3.11680E-01
4.04667E+01 -3.14000E-01 -1.30848E-06 -3.13811E-01
4.05333E+01 -3.16000E-01 -1.31939E-06 -3.15790E-01
4.06000E+01 -3.18000E-01 -1.31278E-06 -3.17769E-01
4.06667E+01 -3.20000E-01 -1.30756E-06 -3.19748E-01
4.07333E+01 -3.22000E-01 -1.31647E-06 -3.21727E-01
4.08000E+01 -3.24000E-01 -1.30910E-06 -3.23706E-01
4.08667E+01 -3.26000E-01 -1.30894E-06 -3.25685E-01
4.09333E+01 -3.28000E-01 -1.31293E-06 -3.27816E-01
4.10000E+01 -3.30000E-01 -1.30833E-06 -3.29642E-01
4.10667E+01 -3.32000E-01 -1.31278E-06 -3.31621E-01
4.11333E+01 -3.34000E-01 -1.31078E-06 -3.33752E-01
4.12000E+01 -3.36000E-01 -1.30510E-06 -3.35731E-01
4.12667E+01 -3.38000E-01 -1.31708E-06 -3.37862E-01
4.13333E+01 -3.40000E-01 -1.30971E-06 -3.39689E-01
4.14000E+01 -3.42000E-01 -1.30157E-06 -3.41668E-01
4.14667E+01 -3.44000E-01 -1.31693E-06 -3.43647E-01
4.15333E+01 -3.46000E-01 -1.27393E-06 -3.45778E-01
4.16000E+01 -3.48000E-01 -1.29850E-06 -3.47757E-01
4.16667E+01 -3.50000E-01 -1.31263E-06 -3.49735E-01
4.17333E+01 -3.52000E-01 -1.29619E-06 -3.51714E-01
4.18000E+01 -3.54000E-01 -1.31263E-06 -3.53845E-01
4.18667E+01 -3.56000E-01 -1.26149E-06 -3.55824E-01
4.19333E+01 -3.58000E-01 -1.29451E-06 -3.57803E-01
4.20000E+01 -3.60000E-01 -1.29282E-06 -3.59782E-01
4.20667E+01 -3.62000E-01 -1.30218E-06 -3.61761E-01
4.21333E+01 -3.64000E-01 -1.29266E-06 -3.63740E-01
4.22000E+01 -3.66000E-01 -1.29005E-06 -3.65871E-01
4.22667E+01 -3.68000E-01 -1.29543E-06 -3.67850E-01
4.23333E+01 -3.70000E-01 -1.28744E-06 -3.69829E-01
4.24000E+01 -3.72000E-01 -1.29005E-06 -3.71807E-01
4.24667E+01 -3.74000E-01 -1.28805E-06 -3.73786E-01
4.25333E+01 -3.76000E-01 -1.28237E-06 -3.75917E-01
4.26000E+01 -3.78000E-01 -1.28007E-06 -3.77744E-01
4.26667E+01 -3.80000E-01 -1.28836E-06 -3.79723E-01
4.27333E+01 -3.82000E-01 -1.26041E-06 -3.81702E-01
4.28000E+01 -3.84000E-01 -1.28099E-06 -3.83833E-01
4.28667E+01 -3.86000E-01 -1.28053E-06 -3.85812E-01
4.29333E+01 -3.88000E-01 -1.27561E-06 -3.87791E-01
4.30000E+01 -3.90000E-01 -1.27807E-06 -3.89770E-01
4.30667E+01 -3.92000E-01 -1.27531E-06 -3.91901E-01
4.31333E+01 -3.94000E-01 -1.27224E-06 -3.93879E-01
4.32000E+01 -3.96000E-01 -1.27577E-06 -3.95858E-01
4.32667E+01 -3.98000E-01 -1.27285E-06 -3.97837E-01
4.33333E+01 -4.00000E-01 -1.26671E-06 -3.99816E-01
4.34000E+01 -4.02000E-01 -1.27285E-06 -4.01795E-01
4.34667E+01 -4.04000E-01 -1.27193E-06 -4.03926E-01
4.35333E+01 -4.06000E-01 -1.26548E-06 -4.05905E-01
4.36000E+01 -4.08000E-01 -1.27362E-06 -4.07732E-01
4.36667E+01 -4.10000E-01 -1.27024E-06 -4.09710E-01
4.37333E+01 -4.12000E-01 -1.26133E-06 -4.11842E-01
4.38000E+01 -4.14000E-01 -1.27055E-06 -4.13820E-01
4.38667E+01 -4.16000E-01 -1.26717E-06 -4.15799E-01
4.39333E+01 -4.18000E-01 -1.25749E-06 -4.17778E-01
4.40000E+01 -4.20000E-01 -1.26947E-06 -4.19757E-01
4.40667E+01 -4.22000E-01 -1.26317E-06 -4.21736E-01
4.41333E+01 -4.24000E-01 -1.25396E-06 -4.23715E-01
4.42000E+01 -4.26000E-01 -1.26916E-06 -4.25846E-01
4.42667E+01 -4.28000E-01 -1.26563E-06 -4.27825E-01
4.43333E+01 -4.30000E-01 -1.25258E-06 -4.29804E-01
4.44000E+01 -4.32000E-01 -1.26579E-06 -4.31935E-01
4.44667E+01 -4.34000E-01 -1.26149E-06 -4.33914E-01
4.45333E+01 -4.36000E-01 -1.24905E-06 -4.35892E-01
4.46000E+01 -4.38000E-01 -1.26333E-06 -4.37871E-01
4.46667E+01 -4.40000E-01 -1.25857E-06 -4.39850E-01
4.47333E+01 -4.42000E-01 -1.24597E-06 -4.41829E-01
4.48000E+01 -4.44000E-01 -1.25995E-06 -4.43808E-01
4.48667E+01 -4.46000E-01 -1.25657E-06 -4.45787E-01
4.49333E+01 -4.48000E-01 -1.24597E-06 -4.47766E-01
4.50000E+01 -4.50000E-01 -1.26072E-06 -4.49897E-01
4.50667E+01 -4.52000E-01 -1.25719E-06 -4.51876E-01
4.51333E+01 -4.54000E-01 -1.24628E-06 -4.53855E-01
4.52000E+01 -4.56000E-01 -1.26041E-06 -4.55833E-01
4.52667E+01 -4.58000E-01 -1.25534E-06 -4.57812E-01
4.53333E+01 -4.60000E-01 -1.24490E-06 -4.59791E-01
4.54000E+01 -4.62000E-01 -1.25657E-06 -4.61770E-01
4.54667E+01 -4.64000E-01 -1.25335E-06 -4.63901E-01
4.55333E+01 -4.66000E-01 -1.24812E-06 -4.65880E-01
4.56000E+01 -4.68000E-01 -1.25565E-06 -4.67859E-01
4.56667E+01 -4.70000E-01 -1.25089E-06 -4.69838E-01
4.57333E+01 -4.72000E-01 -1.25181E-06 -4.71969E-01
4.58000E+01 -4.74000E-01 -1.25381E-06 -4.73948E-01
4.58667E+01 -4.76000E-01 -1.25258E-06 -4.75927E-01
4.59333E+01 -4.78000E-01 -1.25427E-06 -4.77905E-01
4.60000E+01 -4.80000E-01 -1.25488E-06 -4.79884E-01
4.60667E+01 -4.82000E-01 -1.25058E-06 -4.81863E-01
4.61333E+01 -4.84000E-01 -1.26056E-06 -4.83842E-01
4.62000E+01 -4.86000E-01 -1.24905E-06 -4.85669E-01
4.62667E+01 -4.88000E-01 -1.25150E-06 -4.87648E-01
4.63333E+01 -4.90000E-01 -1.26456E-06 -4.89626E-01
4.64000E+01 -4.92000E-01 -1.25872E-06 -4.91758E-01
4.64667E+01 -4.94000E-01 -1.25135E-06 -4.93736E-01
4.65333E+01 -4.96000E-01 -1.26486E-06 -4.95563E-01
4.66000E+01 -4.98000E-01 -1.24889E-06 -4.97694E-01
4.66667E+01 -5.00000E-01 -1.25043E-06 -4.99673E-01
4.67333E+01 -5.02000E-01 -1.26210E-06 -5.01652E-01
4.68000E+01 -5.04000E-01 -1.24935E-06 -5.03631E-01
4.68667E+01 -5.06000E-01 -1.24874E-06 -5.05762E-01
4.69333E+01 -5.08000E-01 -1.25995E-06 -5.07741E-01
4.70000E+01 -5.10000E-01 -1.24966E-06 -5.09720E-01
4.70667E+01 -5.12000E-01 -1.25012E-06 -5.11851E-01
4.71333E+01 -5.14000E-01 -1.25841E-06 -5.13830E-01
4.72000E+01 -5.16000E-01 -1.24889E-06 -5.15656E-01
4.72667E+01 -5.18000E-01 -1.25227E-06 -5.17787E-01
4.73333E+01 -5.20000E-01 -1.25442E-06 -5.19766E-01
4.74000E+01 -5.22000E-01 -1.24766E-06 -5.21745E-01
4.74667E+01 -5.24000E-01 -1.25335E-06 -5.23724E-01
4.75333E+01 -5.26000E-01 -1.25058E-06 -5.25703E-01
4.76000E+01 -5.28000E-01 -1.24782E-06 -5.27682E-01
4.76667E+01 -5.30000E-01 -1.25135E-06 -5.29813E-01
4.77333E+01 -5.32000E-01 -1.24966E-06 -5.31792E-01
4.78000E+01 -5.34000E-01 -1.24782E-06 -5.33771E-01
4.78667E+01 -5.36000E-01 -1.25457E-06 -5.35749E-01
4.79333E+01 -5.38000E-01 -1.25196E-06 -5.37728E-01
4.80000E+01 -5.40000E-01 -1.25242E-06 -5.39707E-01
4.80667E+01 -5.42000E-01 -1.25519E-06 -5.41838E-01
4.81333E+01 -5.44000E-01 -1.25365E-06 -5.43817E-01
4.82000E+01 -5.46000E-01 -1.25304E-06 -5.45796E-01
4.82667E+01 -5.48000E-01 -1.25872E-06 -5.47775E-01
4.83333E+01 -5.50000E-01 -1.25642E-06 -5.49754E-01
4.84000E+01 -5.52000E-01 -1.24951E-06 -5.51885E-01
4.84667E+01 -5.54000E-01 -1.25980E-06 -5.53712E-01
4.85333E+01 -5.56000E-01 -1.25949E-06 -5.55843E-01
4.86000E+01 -5.58000E-01 -1.25089E-06 -5.57821E-01
4.86667E+01 -5.60000E-01 -1.26394E-06 -5.59800E-01
4.87333E+01 -5.62000E-01 -1.26271E-06 -5.61779E-01
4.88000E+01 -5.64000E-01 -1.25534E-06 -5.63758E-01
4.88667E+01 -5.66000E-01 -1.26563E-06 -5.65737E-01
4.89333E+01 -5.68000E-01 -1.26824E-06 -5.67716E-01
4.90000E+01 -5.70000E-01 -1.25795E-06 -5.69695E-01
4.90667E+01 -5.72000E-01 -1.26993E-06 -5.71826E-01
4.91333E+01 -5.74000E-01 -1.26517E-06 -5.73652E-01
4.92000E+01 -5.76000E-01 -1.25765E-06 -5.75631E-01
4.92667E+01 -5.78000E-01 -1.27270E-06 -5.77762E-01
4.93333E+01 -5.80000E-01 -1.27454E-06 -5.79741E-01
4.94000E+01 -5.82000E-01 -1.26041E-06 -5.81720E-01
4.94667E+01 -5.84000E-01 -1.27669E-06 -5.83851E-01
4.95333E+01 -5.86000E-01 -1.28068E-06 -5.85830E-01
4.96000E+01 -5.88000E-01 -1.26932E-06 -5.87809E-01
4.96667E+01 -5.90000E-01 -1.28237E-06 -5.89788E-01
4.97333E+01 -5.92000E-01 -1.28391E-06 -5.91767E-01
4.98000E+01 -5.94000E-01 -1.27393E-06 -5.93746E-01
4.98667E+01 -5.96000E-01 -1.28683E-06 -5.95724E-01
4.99333E+01 -5.98000E-01 -1.28821E-06 -5.97856E-01
5.00000E+01 -6.00000E-01 -1.27746E-06 -5.99834E-01
5.00667E+01 -6.02000E-01 -1.29205E-06 -6.01813E-01
5.01333E+01 -6.04000E-01 -1.29481E-06 -6.03792E-01
5.02000E+01 -6.06000E-01 -1.28360E-06 -6.05771E-01
5.02667E+01 -6.08000E-01 -1.29804E-06 -6.07750E-01
5.03333E+01 -6.10000E-01 -1.30142E-06 -6.09881E-01
5.04000E+01 -6.12000E-01 -1.29220E-06 -6.11860E-01
5.04667E+01 -6.14000E-01 -1.30556E-06 -6.13839E-01
5.05333E+01 -6.16000E-01 -1.30633E-06 -6.15818E-01
5.06000E+01 -6.18000E-01 -1.30280E-06 -6.17797E-01
5.06667E+01 -6.20000E-01 -1.30910E-06 -6.19775E-01
5.07333E+01 -6.22000E-01 -1.31017E-06 -6.21906E-01
5.08000E+01 -6.24000E-01 -1.31923E-06 -6.23885E-01
5.08667E+01 -6.26000E-01 -1.31493E-06 -6.25864E-01
5.09333E+01 -6.28000E-01 -1.31800E-06 -6.27843E-01
5.10000E+01 -6.30000E-01 -1.33167E-06 -6.29974E-01
5.10667E+01 -6.32000E-01 -1.32369E-06 -6.31801E-01
5.11333E+01 -6.34000E-01 -1.32799E-06 -6.33932E-01
5.12000E+01 -6.36000E-01 -1.34565E-06 -6.35911E-01
5.12667E+01 -6.38000E-01 -1.32983E-06 -6.37890E-01
5.13333E+01 -6.40000E-01 -1.33582E-06 -6.39869E-01
5.14000E+01 -6.42000E-01 -1.35072E-06 -6.41695E-01
5.14667E+01 -6.44000E-01 -1.33536E-06 -6.43522E-01
5.15333E+01 -6.46000E-01 -1.34058E-06 -6.45653E-01
5.16000E+01 -6.48000E-01 -1.36116E-06 -6.47632E-01
5.16667E+01 -6.50000E-01 -1.34304E-06 -6.49611E-01
5.17333E+01 -6.52000E-01 -1.35010E-06 -6.51590E-01
5.18000E+01 -6.54000E-01 -1.36868E-06 -6.53568E-01
5.18667E+01 -6.56000E-01 -1.35379E-06 -6.55547E-01
5.19333E+01 -6.58000E-01 -1.36208E-06 -6.57678E-01
5.20000E+01 -6.60000E-01 -1.37345E-06 -6.59657E-01
5.20667E+01 -6.62000E-01 -1.36039E-06 -6.61636E-01
5.21333E+01 -6.64000E-01 -1.37191E-06 -6.63615E-01
5.22000E+01 -6.66000E-01 -1.37759E-06 -6.65746E-01
5.22667E+01 -6.68000E-01 -1.37053E-06 -6.67725E-01
5.23333E+01 -6.70000E-01 -1.38051E-06 -6.69704E-01
5.24000E+01 -6.72000E-01 -1.38481E-06 -6.71683E-01
5.24667E+01 -6.74000E-01 -1.37913E-06 -6.73662E-01
5.25333E+01 -6.76000E-01 -1.39188E-06 -6.75640E-01
5.26000E+01 -6.78000E-01 -1.39633E-06 -6.77619E-01
5.26667E+01 -6.80000E-01 -1.39587E-06 -6.79750E-01
5.27333E+01 -6.82000E-01 -1.40662E-06 -6.81729E-01
5.28000E+01 -6.84000E-01 -1.40984E-06 -6.83708E-01
5.28667E+01 -6.86000E-01 -1.40723E-06 -6.85687E-01
5.29333E+01 -6.88000E-01 -1.41814E-06 -6.87818E-01
5.30000E+01 -6.90000E-01 -1.42520E-06 -6.89645E-01
5.30667E+01 -6.92000E-01 -1.41676E-06 -6.91624E-01
5.31333E+01 -6.94000E-01 -1.43288E-06 -6.93603E-01
5.32000E+01 -6.96000E-01 -1.43764E-06 -6.95734E-01
5.32667E+01 -6.98000E-01 -1.42981E-06 -6.97713E-01
