time/s      E/V        I/A
0.00000E+00 -7.00000E-01 -1.44041E-06 -6.99691E-01
6.66667E-02 -6.98000E-01 -9.18387E-07 -6.97865E-01
1.33333E-01 -6.96000E-01 -7.53288E-07 -6.95886E-01
2.00000E-01 -6.94000E-01 -6.90781E-07 -6.93755E-01
2.66667E-01 -6.92000E-01 -6.33649E-07 -6.91776E-01
3.33333E-01 -6.90000E-01 -5.64845E-07 -6.89797E-01
4.00000E-01 -6.88000E-01 -5.44880E-07 -6.87818E-01
4.66667E-01 -6.86000E-01 -5.08635E-07 -6.85839E-01
5.33333E-01 -6.84000E-01 -4.59182E-07 -6.83708E-01
6.00000E-01 -6.82000E-01 -4.49045E-07 -6.81729E-01
6.66667E-01 -6.80000E-01 -4.27391E-07 -6.79750E-01
7.33333E-01 -6.78000E-01 -3.83774E-07 -6.77772E-01
8.00000E-01 -6.76000E-01 -3.80088E-07 -6.75793E-01
8.66667E-01 -6.74000E-01 -3.63347E-07 -6.73814E-01
9.33333E-01 -6.72000E-01 -3.28178E-07 -6.71835E-01
1.00000E+00 -6.70000E-01 -3.26335E-07 -6.69856E-01
1.06667E+00 -6.68000E-01 -3.14816E-07 -6.67877E-01
1.13333E+00 -6.66000E-01 -2.83179E-07 -6.65746E-01
1.20000E+00 -6.64000E-01 -2.85636E-07 -6.63767E-01
1.26667E+00 -6.62000E-01 -2.73503E-07 -6.61788E-01
1.33333E+00 -6.60000E-01 -2.48930E-07 -6.59810E-01
1.40000E+00 -6.58000E-01 -2.50466E-07 -6.57678E-01
1.46667E+00 -6.56000E-01 -2.40176E-07 -6.55700E-01
1.53333E+00 -6.54000E-01 -2.22207E-07 -6.53721E-01
1.60000E+00 -6.52000E-01 -2.19903E-07 -6.51742E-01
1.66667E+00 -6.50000E-01 -2.10689E-07 -6.49763E-01
1.73333E+00 -6.48000E-01 -2.01474E-07 -6.47784E-01
1.80000E+00 -6.46000E-01 -1.93488E-07 -6.45653E-01
1.86667E+00 -6.44000E-01 -1.84580E-07 -6.43674E-01
1.93333E+00 -6.42000E-01 -1.86269E-07 -6.41847E-01
2.00000E+00 -6.40000E-01 -1.72294E-07 -6.40021E-01
2.06667E+00 -6.38000E-01 -1.62925E-07 -6.38042E-01
2.13333E+00 -6.36000E-01 -1.71833E-07 -6.35911E-01
2.20000E+00 -6.34000E-01 -1.49256E-07 -6.33932E-01
2.26667E+00 -6.32000E-01 -1.43574E-07 -6.31953E-01
2.33333E+00 -6.30000E-01 -1.56628E-07 -6.29974E-01
2.40000E+00 -6.28000E-01 -1.31902E-07 -6.27995E-01
2.46667E+00 -6.26000E-01 -1.25759E-07 -6.26016E-01
2.53333E+00 -6.24000E-01 -1.49256E-07 -6.23885E-01
2.60000E+00 -6.22000E-01 -1.13011E-07 -6.21906E-01
2.66667E+00 -6.20000E-01 -1.11169E-07 -6.19928E-01
2.73333E+00 -6.18000E-01 -1.37584E-07 -6.17949E-01
2.80000E+00 -6.16000E-01 -9.62712E-08 -6.15818E-01
2.86667E+00 -6.14000E-01 -9.51962E-08 -6.13839E-01
2.93333E+00 -6.12000E-01 -1.20383E-07 -6.11860E-01
3.00000E+00 -6.10000E-01 -8.07596E-08 -6.09881E-01
3.06667E+00 -6.08000E-01 -7.99917E-08 -6.07902E-01
3.13333E+00 -6.06000E-01 -1.03950E-07 -6.05923E-01
3.20000E+00 -6.04000E-01 -7.12376E-08 -6.03944E-01
3.26667E+00 -6.02000E-01 -6.60159E-08 -6.01966E-01
3.33333E+00 -6.00000E-01 -9.16638E-08 -5.99834E-01
3.40000E+00 -5.98000E-01 -5.66475E-08 -5.97856E-01
3.46667E+00 -5.96000E-01 -5.66475E-08 -5.95877E-01
3.53333E+00 -5.94000E-01 -7.36949E-08 -5.93898E-01
3.60000E+00 -5.92000E-01 -4.29788E-08 -5.91919E-01
3.66667E+00 -5.90000E-01 -4.42075E-08 -5.89940E-01
3.73333E+00 -5.88000E-01 -5.63403E-08 -5.87961E-01
3.80000E+00 -5.86000E-01 -3.22282E-08 -5.85830E-01
3.86667E+00 -5.84000E-01 -3.46855E-08 -5.83851E-01
3.93333E+00 -5.82000E-01 -3.97536E-08 -5.81872E-01
4.00000E+00 -5.80000E-01 -2.19383E-08 -5.79894E-01
4.06667E+00 -5.78000E-01 -2.37813E-08 -5.77762E-01
4.13333E+00 -5.76000E-01 -2.63921E-08 -5.75784E-01
4.20000E+00 -5.74000E-01 -1.07269E-08 -5.73805E-01
4.26667E+00 -5.72000E-01 -1.56415E-08 -5.71978E-01
4.33333E+00 -5.70000E-01 -1.34914E-08 -5.69847E-01
4.40000E+00 -5.68000E-01 -1.29894E-10 -5.67868E-01
4.46667E+00 -5.66000E-01 -7.34817E-09 -5.65889E-01
4.53333E+00 -5.64000E-01 -8.97796E-10 -5.63910E-01
4.60000E+00 -5.62000E-01 8.93135E-09  -5.61931E-01
4.66667E+00 -5.60000E-01 2.36865E-11  -5.59953E-01
4.73333E+00 -5.58000E-01 6.16690E-09  -5.57821E-01
4.80000E+00 -5.56000E-01 2.12178E-08  -5.55843E-01
4.86667E+00 -5.54000E-01 1.12351E-08  -5.53864E-01
4.93333E+00 -5.52000E-01 1.15422E-08  -5.52037E-01
5.00000E+00 -5.50000E-01 3.02790E-08  -5.49906E-01
5.06667E+00 -5.48000E-01 1.75318E-08  -5.47927E-01
5.13333E+00 -5.46000E-01 1.86069E-08  -5.45796E-01
5.20000E+00 -5.44000E-01 3.73437E-08  -5.43817E-01
5.26667E+00 -5.42000E-01 2.58252E-08  -5.41838E-01
5.33333E+00 -5.40000E-01 3.04326E-08  -5.39859E-01
5.40000E+00 -5.38000E-01 4.80943E-08  -5.37881E-01
5.46667E+00 -5.36000E-01 3.19684E-08  -5.35749E-01
5.53333E+00 -5.34000E-01 3.96474E-08  -5.33771E-01
5.60000E+00 -5.32000E-01 5.80771E-08  -5.31944E-01
5.66667E+00 -5.30000E-01 4.21047E-08  -5.29813E-01
5.73333E+00 -5.28000E-01 4.42548E-08  -5.27834E-01
5.80000E+00 -5.26000E-01 6.57561E-08  -5.25855E-01
5.86667E+00 -5.24000E-01 4.79408E-08  -5.23876E-01
5.93333E+00 -5.22000E-01 5.46983E-08  -5.21897E-01
6.00000E+00 -5.20000E-01 6.97492E-08  -5.19766E-01
6.06667E+00 -5.18000E-01 5.62341E-08  -5.17787E-01
6.13333E+00 -5.16000E-01 6.06879E-08  -5.15808E-01
6.20000E+00 -5.14000E-01 7.54317E-08  -5.13982E-01
6.26667E+00 -5.12000E-01 6.29916E-08  -5.11851E-01
6.33333E+00 -5.10000E-01 6.89813E-08  -5.09872E-01
6.40000E+00 -5.08000E-01 8.75645E-08  -5.07893E-01
6.46667E+00 -5.06000E-01 6.68312E-08  -5.05762E-01
6.53333E+00 -5.04000E-01 7.55852E-08  -5.03783E-01
6.60000E+00 -5.02000E-01 7.88104E-08  -5.01804E-01
6.66667E+00 -5.00000E-01 7.45102E-08  -4.99825E-01
6.73333E+00 -4.98000E-01 8.49536E-08  -4.97694E-01
6.80000E+00 -4.96000E-01 7.81961E-08  -4.95715E-01
6.86667E+00 -4.94000E-01 8.55680E-08  -4.93736E-01
6.93333E+00 -4.92000E-01 9.10969E-08  -4.91758E-01
7.00000E+00 -4.90000E-01 7.95783E-08  -4.89779E-01
7.06667E+00 -4.88000E-01 9.24791E-08  -4.87800E-01
7.13333E+00 -4.86000E-01 9.84687E-08  -4.85821E-01
7.20000E+00 -4.84000E-01 7.60460E-08  -4.83994E-01
7.26667E+00 -4.82000E-01 1.01387E-07  -4.82015E-01
7.33333E+00 -4.80000E-01 1.04305E-07  -4.80037E-01
7.40000E+00 -4.78000E-01 8.20356E-08  -4.77905E-01
7.46667E+00 -4.76000E-01 1.09834E-07  -4.75927E-01
7.53333E+00 -4.74000E-01 1.12137E-07  -4.74100E-01
7.60000E+00 -4.72000E-01 8.83324E-08  -4.71969E-01
7.66667E+00 -4.70000E-01 1.17820E-07  -4.69990E-01
7.73333E+00 -4.68000E-01 1.18741E-07  -4.68011E-01
7.80000E+00 -4.66000E-01 9.20183E-08  -4.65880E-01
7.86667E+00 -4.64000E-01 1.27035E-07  -4.63901E-01
7.93333E+00 -4.62000E-01 1.26420E-07  -4.61922E-01
8.00000E+00 -4.60000E-01 9.87759E-08  -4.59943E-01
8.06667E+00 -4.58000E-01 1.35942E-07  -4.57812E-01
8.13333E+00 -4.56000E-01 1.32256E-07  -4.55986E-01
8.20000E+00 -4.54000E-01 1.13980E-07  -4.54007E-01
8.26667E+00 -4.52000E-01 1.42853E-07  -4.52028E-01
8.33333E+00 -4.50000E-01 1.40703E-07  -4.49897E-01
8.40000E+00 -4.48000E-01 1.27188E-07  -4.47918E-01
8.46667E+00 -4.46000E-01 1.53297E-07  -4.45939E-01
8.53333E+00 -4.44000E-01 1.47154E-07  -4.43960E-01
8.60000E+00 -4.42000E-01 1.37785E-07  -4.41981E-01
8.66667E+00 -4.40000E-01 1.63894E-07  -4.39850E-01
8.73333E+00 -4.38000E-01 1.53604E-07  -4.37871E-01
8.80000E+00 -4.36000E-01 1.51915E-07  -4.36045E-01
8.86667E+00 -4.34000E-01 1.71573E-07  -4.33914E-01
8.93333E+00 -4.32000E-01 1.60054E-07  -4.31935E-01
9.00000E+00 -4.30000E-01 1.65276E-07  -4.29956E-01
9.06667E+00 -4.28000E-01 1.81249E-07  -4.27977E-01
9.13333E+00 -4.26000E-01 1.49611E-07  -4.25846E-01
9.20000E+00 -4.24000E-01 1.87085E-07  -4.23867E-01
9.26667E+00 -4.22000E-01 1.92306E-07  -4.21888E-01
9.33333E+00 -4.20000E-01 1.79559E-07  -4.19757E-01
9.40000E+00 -4.18000E-01 1.88160E-07  -4.17778E-01
9.46667E+00 -4.16000E-01 2.28551E-07  -4.15952E-01
9.53333E+00 -4.14000E-01 1.84781E-07  -4.13973E-01
9.60000E+00 -4.12000E-01 1.93381E-07  -4.11842E-01
9.66667E+00 -4.10000E-01 2.11043E-07  -4.09863E-01
9.73333E+00 -4.08000E-01 1.93535E-07  -4.07884E-01
9.80000E+00 -4.06000E-01 2.03978E-07  -4.05905E-01
9.86667E+00 -4.04000E-01 2.26094E-07  -4.03926E-01
9.93333E+00 -4.02000E-01 2.03518E-07  -4.01947E-01
1.00000E+01 -4.00000E-01 2.11350E-07  -3.99968E-01
1.00667E+01 -3.98000E-01 2.36537E-07  -3.97837E-01
1.01333E+01 -3.96000E-01 2.13040E-07  -3.96011E-01
1.02000E+01 -3.94000E-01 2.19797E-07  -3.94032E-01
1.02667E+01 -3.92000E-01 2.41606E-07  -3.91901E-01
1.03333E+01 -3.90000E-01 2.22715E-07  -3.89922E-01
1.04000E+01 -3.88000E-01 2.28858E-07  -3.87943E-01
1.04667E+01 -3.86000E-01 2.51435E-07  -3.85964E-01
1.05333E+01 -3.84000E-01 2.30855E-07  -3.83833E-01
1.06000E+01 -3.82000E-01 2.39609E-07  -3.81854E-01
1.06667E+01 -3.80000E-01 2.64643E-07  -3.79875E-01
1.07333E+01 -3.78000E-01 2.41452E-07  -3.77896E-01
1.08000E+01 -3.76000E-01 2.47902E-07  -3.75917E-01
1.08667E+01 -3.74000E-01 2.71247E-07  -3.73939E-01
1.09333E+01 -3.72000E-01 2.50974E-07  -3.71807E-01
1.10000E+01 -3.70000E-01 2.57578E-07  -3.69829E-01
1.10667E+01 -3.68000E-01 2.75393E-07  -3.67850E-01
1.11333E+01 -3.66000E-01 2.60189E-07  -3.65871E-01
1.12000E+01 -3.64000E-01 2.63414E-07  -3.63892E-01
1.12667E+01 -3.62000E-01 2.81076E-07  -3.61913E-01
1.13333E+01 -3.60000E-01 2.70172E-07  -3.59782E-01
1.14000E+01 -3.58000E-01 2.77543E-07  -3.57955E-01
1.14667E+01 -3.56000E-01 2.97202E-07  -3.55976E-01
1.15333E+01 -3.54000E-01 2.83226E-07  -3.53845E-01
1.16000E+01 -3.52000E-01 2.86298E-07  -3.51867E-01
1.16667E+01 -3.50000E-01 2.84301E-07  -3.49888E-01
1.17333E+01 -3.48000E-01 2.91826E-07  -3.47909E-01
1.18000E+01 -3.46000E-01 2.96127E-07  -3.45778E-01
1.18667E+01 -3.44000E-01 2.87065E-07  -3.43799E-01
1.19333E+01 -3.42000E-01 3.06570E-07  -3.41820E-01
1.20000E+01 -3.40000E-01 3.07799E-07  -3.39689E-01
1.20667E+01 -3.38000E-01 2.91366E-07  -3.37862E-01
1.21333E+01 -3.36000E-01 3.18857E-07  -3.35731E-01
1.22000E+01 -3.34000E-01 3.19010E-07  -3.33752E-01
1.22667E+01 -3.32000E-01 2.95512E-07  -3.31773E-01
1.23333E+01 -3.30000E-01 3.32525E-07  -3.29794E-01
1.24000E+01 -3.28000E-01 3.30068E-07  -3.27968E-01
1.24667E+01 -3.26000E-01 3.06109E-07  -3.25837E-01
1.25333E+01 -3.24000E-01 3.40051E-07  -3.23858E-01
1.26000E+01 -3.22000E-01 3.40511E-07  -3.21727E-01
1.26667E+01 -3.20000E-01 3.17935E-07  -3.19748E-01
1.27333E+01 -3.18000E-01 3.66159E-07  -3.17921E-01
1.28000E+01 -3.16000E-01 3.49726E-07  -3.15790E-01
1.28667E+01 -3.14000E-01 3.36672E-07  -3.13811E-01
1.29333E+01 -3.12000E-01 3.65391E-07  -3.11832E-01
1.30000E+01 -3.10000E-01 3.67081E-07  -3.09854E-01
1.30667E+01 -3.08000E-01 3.46347E-07  -3.07722E-01
1.31333E+01 -3.06000E-01 3.87507E-07  -3.05744E-01
1.32000E+01 -3.04000E-01 3.78599E-07  -3.03765E-01
1.32667E+01 -3.02000E-01 3.64931E-07  -3.01634E-01
1.33333E+01 -3.00000E-01 3.97490E-07  -2.99807E-01
1.34000E+01 -2.98000E-01 3.91193E-07  -2.97828E-01
1.34667E+01 -2.96000E-01 3.83514E-07  -2.95849E-01
1.35333E+01 -2.94000E-01 4.09930E-07  -2.93718E-01
1.36000E+01 -2.92000E-01 4.05783E-07  -2.91739E-01
1.36667E+01 -2.90000E-01 4.04247E-07  -2.89760E-01
1.37333E+01 -2.88000E-01 4.29281E-07  -2.87781E-01
1.38000E+01 -2.86000E-01 4.21755E-07  -2.85803E-01
1.38667E+01 -2.84000E-01 4.20680E-07  -2.83824E-01
1.39333E+01 -2.82000E-01 4.46635E-07  -2.81693E-01
1.40000E+01 -2.80000E-01 4.37267E-07  -2.79866E-01
1.40667E+01 -2.78000E-01 4.35424E-07  -2.77735E-01
1.41333E+01 -2.76000E-01 4.63222E-07  -2.75756E-01
1.42000E+01 -2.74000E-01 4.53393E-07  -2.73777E-01
1.42667E+01 -2.72000E-01 4.54314E-07  -2.71798E-01
1.43333E+01 -2.70000E-01 4.80423E-07  -2.69819E-01
1.44000E+01 -2.68000E-01 4.65833E-07  -2.67688E-01
1.44667E+01 -2.66000E-01 4.73666E-07  -2.65709E-01
1.45333E+01 -2.64000E-01 4.97317E-07  -2.63731E-01
1.46000E+01 -2.62000E-01 4.84877E-07  -2.61752E-01
1.46667E+01 -2.60000E-01 4.89792E-07  -2.59773E-01
1.47333E+01 -2.58000E-01 5.17436E-07  -2.57794E-01
1.48000E+01 -2.56000E-01 4.98085E-07  -2.55663E-01
1.48667E+01 -2.54000E-01 5.04996E-07  -2.53684E-01
1.49333E+01 -2.52000E-01 5.35712E-07  -2.51705E-01
1.50000E+01 -2.50000E-01 5.18357E-07  -2.49878E-01
1.50667E+01 -2.48000E-01 5.22197E-07  -2.47747E-01
1.51333E+01 -2.46000E-01 5.53067E-07  -2.45769E-01
1.52000E+01 -2.44000E-01 5.37555E-07  -2.43790E-01
1.52667E+01 -2.42000E-01 5.43084E-07  -2.41811E-01
1.53333E+01 -2.40000E-01 5.69346E-07  -2.39832E-01
1.54000E+01 -2.38000E-01 5.56445E-07  -2.37853E-01
1.54667E+01 -2.36000E-01 5.60899E-07  -2.35722E-01
1.55333E+01 -2.34000E-01 5.88697E-07  -2.33743E-01
1.56000E+01 -2.32000E-01 5.73646E-07  -2.31764E-01
1.56667E+01 -2.30000E-01 5.77486E-07  -2.29785E-01
1.57333E+01 -2.28000E-01 6.07127E-07  -2.27806E-01
1.58000E+01 -2.26000E-01 5.93612E-07  -2.25675E-01
1.58667E+01 -2.24000E-01 5.95762E-07  -2.23696E-01
1.59333E+01 -2.22000E-01 6.21256E-07  -2.21718E-01
1.60000E+01 -2.20000E-01 6.10352E-07  -2.19739E-01
1.60667E+01 -2.18000E-01 6.16649E-07  -2.17760E-01
1.61333E+01 -2.16000E-01 6.29243E-07  -2.15781E-01
1.62000E+01 -2.14000E-01 6.32468E-07  -2.13650E-01
1.62667E+01 -2.12000E-01 6.36614E-07  -2.11671E-01
1.63333E+01 -2.10000E-01 6.42758E-07  -2.09692E-01
1.64000E+01 -2.08000E-01 6.53201E-07  -2.07713E-01
1.64667E+01 -2.06000E-01 6.57041E-07  -2.05734E-01
1.65333E+01 -2.04000E-01 6.78695E-07  -2.03603E-01
1.66000E+01 -2.02000E-01 6.71170E-07  -2.01777E-01
1.66667E+01 -2.00000E-01 6.76699E-07  -1.99798E-01
1.67333E+01 -1.98000E-01 6.67484E-07  -1.97667E-01
1.68000E+01 -1.96000E-01 6.96818E-07  -1.95688E-01
1.68667E+01 -1.94000E-01 7.02193E-07  -1.93709E-01
1.69333E+01 -1.92000E-01 6.82381E-07  -1.91730E-01
1.70000E+01 -1.90000E-01 7.22619E-07  -1.89599E-01
1.70667E+01 -1.88000E-01 7.23080E-07  -1.87620E-01
1.71333E+01 -1.86000E-01 7.00504E-07  -1.85641E-01
1.72000E+01 -1.84000E-01 7.46885E-07  -1.83662E-01
1.72667E+01 -1.82000E-01 7.47192E-07  -1.81683E-01
1.73333E+01 -1.80000E-01 7.24155E-07  -1.79705E-01
1.74000E+01 -1.78000E-01 7.71612E-07  -1.77574E-01
1.74667E+01 -1.76000E-01 7.74837E-07  -1.75595E-01
1.75333E+01 -1.74000E-01 7.51800E-07  -1.73768E-01
1.76000E+01 -1.72000E-01 7.99563E-07  -1.71941E-01
1.76667E+01 -1.70000E-01 8.01406E-07  -1.69962E-01
1.77333E+01 -1.68000E-01 7.79444E-07  -1.67831E-01
1.78000E+01 -1.66000E-01 8.31354E-07  -1.65853E-01
1.78667E+01 -1.64000E-01 8.23829E-07  -1.63874E-01
1.79333E+01 -1.62000E-01 8.11850E-07  -1.61895E-01
1.80000E+01 -1.60000E-01 8.59152E-07  -1.59916E-01
1.80667E+01 -1.58000E-01 8.57002E-07  -1.57937E-01
1.81333E+01 -1.56000E-01 8.46252E-07  -1.55806E-01
1.82000E+01 -1.54000E-01 8.88793E-07  -1.53827E-01
1.82667E+01 -1.52000E-01 8.89561E-07  -1.51848E-01
1.83333E+01 -1.50000E-01 8.79118E-07  -1.49869E-01
1.84000E+01 -1.48000E-01 9.18281E-07  -1.47738E-01
1.84667E+01 -1.46000E-01 9.18127E-07  -1.45759E-01
1.85333E+01 -1.44000E-01 9.11523E-07  -1.43780E-01
1.86000E+01 -1.42000E-01 9.45004E-07  -1.41802E-01
1.86667E+01 -1.40000E-01 9.40396E-07  -1.39823E-01
1.87333E+01 -1.38000E-01 9.40857E-07  -1.37844E-01
1.88000E+01 -1.36000E-01 9.64662E-07  -1.35865E-01
1.88667E+01 -1.34000E-01 9.59594E-07  -1.33886E-01
1.89333E+01 -1.32000E-01 9.62512E-07  -1.31755E-01
1.90000E+01 -1.30000E-01 9.89542E-07  -1.29776E-01
1.90667E+01 -1.28000E-01 9.79099E-07  -1.27797E-01
1.91333E+01 -1.26000E-01 9.80481E-07  -1.25818E-01
1.92000E+01 -1.24000E-01 1.00874E-06  -1.23840E-01
1.92667E+01 -1.22000E-01 9.90310E-07  -1.21861E-01
1.93333E+01 -1.20000E-01 9.91078E-07  -1.19882E-01
1.94000E+01 -1.18000E-01 1.01411E-06  -1.17751E-01
1.94667E+01 -1.16000E-01 9.95532E-07  -1.15772E-01
1.95333E+01 -1.14000E-01 9.94764E-07  -1.13793E-01
1.96000E+01 -1.12000E-01 1.01135E-06  -1.11814E-01
1.96667E+01 -1.10000E-01 9.99218E-07  -1.09683E-01
1.97333E+01 -1.08000E-01 9.91692E-07  -1.07704E-01
1.98000E+01 -1.06000E-01 1.01519E-06  -1.05725E-01
1.98667E+01 -1.04000E-01 9.95071E-07  -1.03746E-01
1.99333E+01 -1.02000E-01 9.87085E-07  -1.01767E-01
2.00000E+01 -1.00000E-01 1.01227E-06  -9.97886E-02
2.00667E+01 -9.80000E-02 9.88467E-07  -9.76575E-02
2.01333E+01 -9.60000E-02 9.78484E-07  -9.56786E-02
2.02000E+01 -9.40000E-02 1.00106E-06  -9.38520E-02
2.02667E+01 -9.20000E-02 9.78791E-07  -9.17209E-02
2.03333E+01 -9.00000E-02 9.71880E-07  -8.97420E-02
2.04000E+01 -8.80000E-02 9.85549E-07  -8.77631E-02
2.04667E+01 -8.60000E-02 9.71727E-07  -8.57843E-02
2.05333E+01 -8.40000E-02 9.64048E-07  -8.38054E-02
2.06000E+01 -8.20000E-02 9.76334E-07  -8.18265E-02
2.06667E+01 -8.00000E-02 9.62666E-07  -7.98477E-02
2.07333E+01 -7.80000E-02 9.55447E-07  -7.78688E-02
2.08000E+01 -7.60000E-02 9.63126E-07  -7.57377E-02
2.08667E+01 -7.40000E-02 9.51147E-07  -7.37588E-02
2.09333E+01 -7.20000E-02 9.47615E-07  -7.17799E-02
2.10000E+01 -7.00000E-02 9.47154E-07  -6.96489E-02
2.10667E+01 -6.80000E-02 9.42546E-07  -6.76700E-02
2.11333E+01 -6.60000E-02 9.40857E-07  -6.58433E-02
2.12000E+01 -6.40000E-02 9.33792E-07  -6.38645E-02
2.12667E+01 -6.20000E-02 9.40396E-07  -6.17334E-02
2.13333E+01 -6.00000E-02 9.37325E-07  -5.97545E-02
2.14000E+01 -5.80000E-02 9.20124E-07  -5.77756E-02
2.14667E+01 -5.60000E-02 9.39321E-07  -5.57967E-02
2.15333E+01 -5.40000E-02 9.35175E-07  -5.36657E-02
2.16000E+01 -5.20000E-02 9.38553E-07  -5.16868E-02
2.16667E+01 -5.00000E-02 9.29953E-07  -4.97079E-02
2.17333E+01 -4.80000E-02 9.29185E-07  -4.77290E-02
2.18000E+01 -4.60000E-02 9.04766E-07  -4.57502E-02
2.18667E+01 -4.40000E-02 9.34100E-07  -4.37713E-02
2.19333E+01 -4.20000E-02 9.32410E-07  -4.17924E-02
2.20000E+01 -4.00000E-02 9.04151E-07  -3.96613E-02
2.20667E+01 -3.80000E-02 9.37018E-07  -3.76825E-02
2.21333E+01 -3.60000E-02 9.35175E-07  -3.57036E-02
2.22000E+01 -3.40000E-02 9.01387E-07  -3.37247E-02
2.22667E+01 -3.20000E-02 9.40396E-07  -3.15936E-02
2.23333E+01 -3.00000E-02 9.40857E-07  -2.96147E-02
2.24000E+01 -2.80000E-02 9.03076E-07  -2.76359E-02
2.24667E+01 -2.60000E-02 9.46847E-07  -2.58092E-02
2.25333E+01 -2.40000E-02 9.42546E-07  -2.36781E-02
2.26000E+01 -2.20000E-02 9.13981E-07  -2.16993E-02
2.26667E+01 -2.00000E-02 9.48075E-07  -1.97204E-02
2.27333E+01 -1.80000E-02 9.46540E-07  -1.77415E-02
2.28000E+01 -1.60000E-02 9.25345E-07  -1.59149E-02
2.28667E+01 -1.40000E-02 9.56829E-07  -1.39360E-02
2.29333E+01 -1.20000E-02 9.53451E-07  -1.19571E-02
2.30000E+01 -1.00000E-02 9.35021E-07  -9.82602E-03
2.30667E+01 -8.00000E-03 9.67119E-07  -7.84714E-03
2.31333E+01 -6.00000E-03 9.60208E-07  -6.02049E-03
2.32000E+01 -4.00000E-03 9.47922E-07  -3.88940E-03
2.32667E+01 -2.00000E-03 9.74645E-07  -1.91053E-03
2.33333E+01 1.45825E-17  9.69116E-07  6.83472E-05 
2.34000E+01 2.00000E-03  9.64048E-07  2.04722E-03 
2.34667E+01 4.00000E-03  9.80020E-07  4.02609E-03 
2.35333E+01 6.00000E-03  9.79559E-07  6.15719E-03 
2.36000E+01 8.00000E-03  9.76027E-07  8.13606E-03 
2.36667E+01 1.00000E-02  9.97528E-07  1.01149E-02 
2.37333E+01 1.20000E-02  9.85242E-07  1.20938E-02 
2.38000E+01 1.40000E-02  9.85242E-07  1.40727E-02 
2.38667E+01 1.60000E-02  1.00613E-06  1.60515E-02 
2.39333E+01 1.80000E-02  9.95071E-07  1.81826E-02 
2.40000E+01 2.00000E-02  1.00045E-06  2.01615E-02 
2.40667E+01 2.20000E-02  1.01857E-06  2.21404E-02 
2.41333E+01 2.40000E-02  1.00766E-06  2.41193E-02 
2.42000E+01 2.60000E-02  1.01150E-06  2.60981E-02 
2.42667E+01 2.80000E-02  1.03239E-06  2.82292E-02 
2.43333E+01 3.00000E-02  1.02026E-06  3.02081E-02 
2.44000E+01 3.20000E-02  1.02333E-06  3.20347E-02 
2.44667E+01 3.40000E-02  1.04698E-06  3.41658E-02 
2.45333E+01 3.60000E-02  1.03224E-06  3.61447E-02 
2.46000E+01 3.80000E-02  1.03469E-06  3.81236E-02 
2.46667E+01 4.00000E-02  1.05512E-06  4.01025E-02 
2.47333E+01 4.20000E-02  1.04545E-06  4.20813E-02 
2.48000E+01 4.40000E-02  1.04928E-06  4.42124E-02 
2.48667E+01 4.60000E-02  1.06771E-06  4.61913E-02 
2.49333E+01 4.80000E-02  1.05604E-06  4.81702E-02 
2.50000E+01 5.00000E-02  1.06403E-06  5.03013E-02 
2.50667E+01 5.20000E-02  1.08353E-06  5.21279E-02 
2.51333E+01 5.40000E-02  1.07340E-06  5.41068E-02 
2.52000E+01 5.60000E-02  1.08062E-06  5.62379E-02 
2.52667E+01 5.80000E-02  1.09843E-06  5.82168E-02 
2.53333E+01 6.00000E-02  1.08768E-06  6.01956E-02 
2.54000E+01 6.20000E-02  1.09413E-06  6.21745E-02 
2.54667E+01 6.40000E-02  1.10841E-06  6.41534E-02 
2.55333E+01 6.60000E-02  1.10411E-06  6.61322E-02 
2.56000E+01 6.80000E-02  1.11102E-06  6.81111E-02 
2.56667E+01 7.00000E-02  1.12101E-06  7.00900E-02 
2.57333E+01 7.20000E-02  1.11471E-06  7.20689E-02 
2.58000E+01 7.40000E-02  1.13160E-06  7.40477E-02 
2.58667E+01 7.60000E-02  1.13222E-06  7.61788E-02 
2.59333E+01 7.80000E-02  1.14665E-06  7.81577E-02 
2.60000E+01 8.00000E-02  1.15725E-06  8.01366E-02 
2.60667E+01 8.20000E-02  1.15925E-06  8.21154E-02 
2.61333E+01 8.40000E-02  1.18612E-06  8.40943E-02 
2.62000E+01 8.60000E-02  1.19503E-06  8.62254E-02 
2.62667E+01 8.80000E-02  1.18351E-06  8.82043E-02 
2.63333E+01 9.00000E-02  1.21316E-06  9.01832E-02 
2.64000E+01 9.20000E-02  1.22160E-06  9.21620E-02 
2.64667E+01 9.40000E-02  1.20425E-06  9.41409E-02 
2.65333E+01 9.60000E-02  1.23573E-06  9.61198E-02 
2.66000E+01 9.80000E-02  1.24633E-06  9.80986E-02 
2.66667E+01 1.00000E-01  1.23266E-06  1.00078E-01 
2.67333E+01 9.80000E-02  6.38764E-07  9.84031E-02 
2.68000E+01 9.60000E-02  4.49400E-07  9.62720E-02 
2.68667E+01 9.40000E-02  3.02116E-07  9.42931E-02 
2.69333E+01 9.20000E-02  2.53585E-07  9.23142E-02 
2.70000E+01 9.00000E-02  1.91078E-07  9.01832E-02 
2.70667E+01 8.80000E-02  1.02308E-07  8.83565E-02 
2.71333E+01 8.60000E-02  9.10969E-08  8.63776E-02 
2.72000E+01 8.40000E-02  5.02445E-08  8.42465E-02 
2.72667E+01 8.20000E-02  -1.41057E-08 8.22677E-02 
2.73333E+01 8.00000E-02  -1.13413E-08 8.02888E-02 
2.74000E+01 7.80000E-02  -4.40539E-08 7.81577E-02 
2.74667E+01 7.60000E-02  -1.00418E-07 7.61788E-02 
2.75333E+01 7.40000E-02  -8.93601E-08 7.42000E-02 
2.76000E+01 7.20000E-02  -1.15162E-07 7.22211E-02 
2.76667E+01 7.00000E-02  -1.63693E-07 7.02422E-02 
2.77333E+01 6.80000E-02  -1.54632E-07 6.82633E-02 
2.78000E+01 6.60000E-02  -1.73676E-07 6.62845E-02 
2.78667E+01 6.40000E-02  -2.08846E-07 6.41534E-02 
2.79333E+01 6.20000E-02  -2.01013E-07 6.21745E-02 
2.80000E+01 6.00000E-02  -2.19750E-07 6.01956E-02 
2.80667E+01 5.80000E-02  -2.46012E-07 5.83690E-02 
2.81333E+01 5.60000E-02  -2.37412E-07 5.62379E-02 
2.82000E+01 5.40000E-02  -2.58452E-07 5.42590E-02 
2.82667E+01 5.20000E-02  -2.77803E-07 5.22801E-02 
2.83333E+01 5.00000E-02  -2.69203E-07 5.03013E-02 
2.84000E+01 4.80000E-02  -2.90704E-07 4.83224E-02 
2.84667E+01 4.60000E-02  -3.07137E-07 4.63435E-02 
2.85333E+01 4.40000E-02  -2.96847E-07 4.42124E-02 
2.86000E+01 4.20000E-02  -3.19424E-07 4.22336E-02 
2.86667E+01 4.00000E-02  -3.30328E-07 4.02547E-02 
2.87333E+01 3.80000E-02  -3.20345E-07 3.81236E-02 
2.88000E+01 3.60000E-02  -3.46300E-07 3.61447E-02 
2.88667E+01 3.40000E-02  -3.47529E-07 3.41658E-02 
2.89333E+01 3.20000E-02  -3.42614E-07 3.21870E-02 
2.90000E+01 3.00000E-02  -3.65344E-07 3.02081E-02 
2.90667E+01 2.80000E-02  -3.68569E-07 2.82292E-02 
2.91333E+01 2.60000E-02  -3.60737E-07 2.62504E-02 
2.92000E+01 2.40000E-02  -3.83467E-07 2.41193E-02 
2.92667E+01 2.20000E-02  -3.87920E-07 2.21404E-02 
2.93333E+01 2.00000E-02  -3.76402E-07 2.01615E-02 
2.94000E+01 1.80000E-02  -4.03739E-07 1.81826E-02 
2.94667E+01 1.60000E-02  -4.04661E-07 1.62038E-02 
2.95333E+01 1.40000E-02  -3.92681E-07 1.42249E-02 
2.96000E+01 1.20000E-02  -4.20172E-07 1.20938E-02 
2.96667E+01 1.00000E-02  -4.18944E-07 1.02672E-02 
2.97333E+01 8.00000E-03  -4.07886E-07 8.28828E-03 
2.98000E+01 6.00000E-03  -4.33841E-07 6.30941E-03 
2.98667E+01 4.00000E-03  -4.35377E-07 4.17831E-03 
2.99333E+01 2.00000E-03  -4.18944E-07 2.19944E-03 
3.00000E+01 1.45825E-17  -4.48892E-07 6.83472E-05 
3.00667E+01 -2.00000E-03 -4.47663E-07 -1.91053E-03
3.01333E+01 -4.00000E-03 -4.35837E-07 -3.88940E-03
3.02000E+01 -6.00000E-03 -4.62714E-07 -5.86827E-03
3.02667E+01 -8.00000E-03 -4.60564E-07 -7.84714E-03
3.03333E+01 -1.00000E-02 -4.53192E-07 -9.82602E-03
3.04000E+01 -1.20000E-02 -4.73772E-07 -1.18049E-02
3.04667E+01 -1.40000E-02 -4.75461E-07 -1.39360E-02
3.05333E+01 -1.60000E-02 -4.69472E-07 -1.59149E-02
3.06000E+01 -1.80000E-02 -4.89283E-07 -1.75893E-02
3.06667E+01 -2.00000E-02 -4.86365E-07 -1.95682E-02
3.07333E+01 -2.20000E-02 -4.95273E-07 -2.15470E-02
3.08000E+01 -2.40000E-02 -4.98191E-07 -2.36781E-02
3.08667E+01 -2.60000E-02 -4.98959E-07 -2.56570E-02
3.09333E+01 -2.80000E-02 -5.12474E-07 -2.74836E-02
3.10000E+01 -3.00000E-02 -5.10324E-07 -2.96147E-02
3.10667E+01 -3.20000E-02 -5.10170E-07 -3.15936E-02
3.11333E+01 -3.40000E-02 -5.29368E-07 -3.35725E-02
3.12000E+01 -3.60000E-02 -5.21689E-07 -3.57036E-02
3.12667E+01 -3.80000E-02 -5.20767E-07 -3.76825E-02
3.13333E+01 -4.00000E-02 -5.52098E-07 -3.96613E-02
3.14000E+01 -4.20000E-02 -5.33515E-07 -4.16402E-02
3.14667E+01 -4.40000E-02 -5.37968E-07 -4.37713E-02
3.15333E+01 -4.60000E-02 -5.71756E-07 -4.57502E-02
3.16000E+01 -4.80000E-02 -5.48719E-07 -4.75768E-02
3.16667E+01 -5.00000E-02 -5.52866E-07 -4.95557E-02
3.17333E+01 -5.20000E-02 -5.64077E-07 -5.16868E-02
3.18000E+01 -5.40000E-02 -5.68531E-07 -5.36657E-02
3.18667E+01 -5.60000E-02 -5.69606E-07 -5.56445E-02
3.19333E+01 -5.80000E-02 -6.02472E-07 -5.76234E-02
3.20000E+01 -6.00000E-02 -5.80049E-07 -5.96023E-02
3.20667E+01 -6.20000E-02 -5.86653E-07 -6.17334E-02
3.21333E+01 -6.40000E-02 -6.24434E-07 -6.37122E-02
3.22000E+01 -6.60000E-02 -5.95100E-07 -6.56911E-02
3.22667E+01 -6.80000E-02 -6.09844E-07 -6.76700E-02
3.23333E+01 -7.00000E-02 -6.38410E-07 -6.96489E-02
3.24000E+01 -7.20000E-02 -6.10919E-07 -7.16277E-02
3.24667E+01 -7.40000E-02 -6.22591E-07 -7.36066E-02
3.25333E+01 -7.60000E-02 -6.48086E-07 -7.57377E-02
3.26000E+01 -7.80000E-02 -6.25509E-07 -7.77166E-02
3.26667E+01 -8.00000E-02 -6.37796E-07 -7.96954E-02
3.27333E+01 -8.20000E-02 -6.62215E-07 -8.16743E-02
3.28000E+01 -8.40000E-02 -6.41482E-07 -8.38054E-02
3.28667E+01 -8.60000E-02 -6.58836E-07 -8.57843E-02
3.29333E+01 -8.80000E-02 -6.77880E-07 -8.76109E-02
3.30000E+01 -9.00000E-02 -6.57300E-07 -8.97420E-02
3.30667E+01 -9.20000E-02 -6.84791E-07 -9.17209E-02
3.31333E+01 -9.40000E-02 -6.97385E-07 -9.36998E-02
3.32000E+01 -9.60000E-02 -6.86020E-07 -9.56786E-02
3.32667E+01 -9.80000E-02 -7.08289E-07 -9.76575E-02
3.33333E+01 -1.00000E-01 -7.19654E-07 -9.96364E-02
3.34000E+01 -1.02000E-01 -7.06139E-07 -1.01615E-01
3.34667E+01 -1.04000E-01 -7.32708E-07 -1.03746E-01
3.35333E+01 -1.06000E-01 -7.40234E-07 -1.05573E-01
3.36000E+01 -1.08000E-01 -7.28869E-07 -1.07704E-01
3.36667E+01 -1.10000E-01 -7.59124E-07 -1.09683E-01
3.37333E+01 -1.12000E-01 -7.64960E-07 -1.11662E-01
3.38000E+01 -1.14000E-01 -7.52367E-07 -1.13641E-01
3.38667E+01 -1.16000E-01 -7.83851E-07 -1.15772E-01
3.39333E+01 -1.18000E-01 -7.87997E-07 -1.17751E-01
3.40000E+01 -1.20000E-01 -7.77093E-07 -1.19730E-01
3.40667E+01 -1.22000E-01 -8.00130E-07 -1.21708E-01
3.41333E+01 -1.24000E-01 -8.09499E-07 -1.23687E-01
3.42000E+01 -1.26000E-01 -7.90762E-07 -1.25666E-01
3.42667E+01 -1.28000E-01 -8.20249E-07 -1.27645E-01
3.43333E+01 -1.30000E-01 -8.20863E-07 -1.29776E-01
3.44000E+01 -1.32000E-01 -7.98901E-07 -1.31755E-01
3.44667E+01 -1.34000E-01 -8.32843E-07 -1.33734E-01
3.45333E+01 -1.36000E-01 -8.38218E-07 -1.35713E-01
3.46000E+01 -1.38000E-01 -8.10420E-07 -1.37692E-01
3.46667E+01 -1.40000E-01 -8.41750E-07 -1.39823E-01
3.47333E+01 -1.42000E-01 -8.52962E-07 -1.41802E-01
3.48000E+01 -1.44000E-01 -8.19788E-07 -1.43780E-01
3.48667E+01 -1.46000E-01 -8.44054E-07 -1.45759E-01
3.49333E+01 -1.48000E-01 -8.44976E-07 -1.47738E-01
3.50000E+01 -1.50000E-01 -8.26853E-07 -1.49717E-01
3.50667E+01 -1.52000E-01 -8.44822E-07 -1.51696E-01
3.51333E+01 -1.54000E-01 -8.44208E-07 -1.53827E-01
3.52000E+01 -1.56000E-01 -8.28235E-07 -1.55806E-01
3.52667E+01 -1.58000E-01 -8.44822E-07 -1.57785E-01
3.53333E+01 -1.60000E-01 -8.47740E-07 -1.59764E-01
3.54000E+01 -1.62000E-01 -8.37450E-07 -1.61895E-01
3.54667E+01 -1.64000E-01 -8.46204E-07 -1.63874E-01
3.55333E+01 -1.66000E-01 -8.47279E-07 -1.65700E-01
3.56000E+01 -1.68000E-01 -8.42518E-07 -1.67831E-01
3.56667E+01 -1.70000E-01 -8.44054E-07 -1.69810E-01
3.57333E+01 -1.72000E-01 -8.46665E-07 -1.71789E-01
3.58000E+01 -1.74000E-01 -8.55265E-07 -1.73768E-01
3.58667E+01 -1.76000E-01 -8.46972E-07 -1.75595E-01
3.59333E+01 -1.78000E-01 -8.49122E-07 -1.77574E-01
3.60000E+01 -1.80000E-01 -8.68013E-07 -1.79552E-01
3.60667E+01 -1.82000E-01 -8.53883E-07 -1.81683E-01
3.61333E+01 -1.84000E-01 -8.60794E-07 -1.83510E-01
3.62000E+01 -1.86000E-01 -8.83217E-07 -1.85489E-01
3.62667E+01 -1.88000E-01 -8.65709E-07 -1.87620E-01
3.63333E+01 -1.90000E-01 -8.69702E-07 -1.89599E-01
3.64000E+01 -1.92000E-01 -8.98114E-07 -1.91578E-01
3.64667E+01 -1.94000E-01 -8.76306E-07 -1.93557E-01
3.65333E+01 -1.96000E-01 -8.84292E-07 -1.95688E-01
3.66000E+01 -1.98000E-01 -9.21305E-07 -1.97667E-01
3.66667E+01 -2.00000E-01 -8.89053E-07 -1.99646E-01
3.67333E+01 -2.02000E-01 -9.04872E-07 -2.01624E-01
3.68000E+01 -2.04000E-01 -9.25298E-07 -2.03603E-01
3.68667E+01 -2.06000E-01 -9.20691E-07 -2.05582E-01
3.69333E+01 -2.08000E-01 -9.30520E-07 -2.07561E-01
3.70000E+01 -2.10000E-01 -9.66150E-07 -2.09692E-01
3.70667E+01 -2.12000E-01 -9.43728E-07 -2.11671E-01
3.71333E+01 -2.14000E-01 -9.57396E-07 -2.13650E-01
3.72000E+01 -2.16000E-01 -9.92413E-07 -2.15629E-01
3.72667E+01 -2.18000E-01 -9.71833E-07 -2.17608E-01
3.73333E+01 -2.20000E-01 -9.89955E-07 -2.19586E-01
3.74000E+01 -2.22000E-01 -1.02390E-06 -2.21718E-01
3.74667E+01 -2.24000E-01 -1.00147E-06 -2.23544E-01
3.75333E+01 -2.26000E-01 -1.02328E-06 -2.25675E-01
3.76000E+01 -2.28000E-01 -1.05492E-06 -2.27654E-01
3.76667E+01 -2.30000E-01 -1.03925E-06 -2.29633E-01
3.77333E+01 -2.32000E-01 -1.06137E-06 -2.31612E-01
3.78000E+01 -2.34000E-01 -1.08610E-06 -2.33591E-01
3.78667E+01 -2.36000E-01 -1.07596E-06 -2.35722E-01
3.79333E+01 -2.38000E-01 -1.09961E-06 -2.37701E-01
3.80000E+01 -2.40000E-01 -1.11988E-06 -2.39680E-01
3.80667E+01 -2.42000E-01 -1.10714E-06 -2.41659E-01
3.81333E+01 -2.44000E-01 -1.13709E-06 -2.43637E-01
3.82000E+01 -2.46000E-01 -1.15229E-06 -2.45616E-01
3.82667E+01 -2.48000E-01 -1.14308E-06 -2.47747E-01
3.83333E+01 -2.50000E-01 -1.17348E-06 -2.49726E-01
3.84000E+01 -2.52000E-01 -1.18423E-06 -2.51705E-01
3.84667E+01 -2.54000E-01 -1.17656E-06 -2.53684E-01
3.85333E+01 -2.56000E-01 -1.20512E-06 -2.55663E-01
3.86000E+01 -2.58000E-01 -1.21464E-06 -2.57642E-01
3.86667E+01 -2.60000E-01 -1.20558E-06 -2.59621E-01
3.87333E+01 -2.62000E-01 -1.23016E-06 -2.61599E-01
3.88000E+01 -2.64000E-01 -1.23983E-06 -2.63578E-01
3.88667E+01 -2.66000E-01 -1.22647E-06 -2.65709E-01
3.89333E+01 -2.68000E-01 -1.25504E-06 -2.67688E-01
3.90000E+01 -2.70000E-01 -1.26087E-06 -2.69667E-01
3.90667E+01 -2.72000E-01 -1.24597E-06 -2.71646E-01
3.91333E+01 -2.74000E-01 -1.27454E-06 -2.73777E-01
3.92000E+01 -2.76000E-01 -1.27930E-06 -2.75756E-01
3.92667E+01 -2.78000E-01 -1.26486E-06 -2.77735E-01
3.93333E+01 -2.80000E-01 -1.28852E-06 -2.79714E-01
3.94000E+01 -2.82000E-01 -1.29451E-06 -2.81693E-01
3.94667E+01 -2.84000E-01 -1.27346E-06 -2.83672E-01
3.95333E+01 -2.86000E-01 -1.29804E-06 -2.85803E-01
3.96000E+01 -2.88000E-01 -1.30049E-06 -2.87781E-01
3.96667E+01 -2.90000E-01 -1.28038E-06 -2.89760E-01
3.97333E+01 -2.92000E-01 -1.30679E-06 -2.91739E-01
3.98000E+01 -2.94000E-01 -1.30771E-06 -2.93718E-01
3.98667E+01 -2.96000E-01 -1.29128E-06 -2.95697E-01
3.99333E+01 -2.98000E-01 -1.30449E-06 -2.97676E-01
4.00000E+01 -3.00000E-01 -1.31293E-06 -2.99807E-01
4.00667E+01 -3.02000E-01 -1.29850E-06 -3.01634E-01
4.01333E+01 -3.04000E-01 -1.30925E-06 -3.03765E-01
4.02000E+01 -3.06000E-01 -1.31109E-06 -3.05744E-01
4.02667E+01 -3.08000E-01 -1.30065E-06 -3.07722E-01
4.03333E+01 -3.10000E-01 -1.30725E-06 -3.09701E-01
4.04000E+01 -3.12000E-01 -1.30894E-06 -3.11832E-01
4.04667E+01 -3.14000E-01 -1.30725E-06 -3.13811E-01
4.05333E+01 -3.16000E-01 -1.30587E-06 -3.15790E-01
4.06000E+01 -3.18000E-01 -1.31155E-06 -3.17769E-01
4.06667E+01 -3.20000E-01 -1.31386E-06 -3.19748E-01
4.07333E+01 -3.22000E-01 -1.30065E-06 -3.21727E-01
4.08000E+01 -3.24000E-01 -1.30771E-06 -3.23706E-01
4.08667E+01 -3.26000E-01 -1.31800E-06 -3.25837E-01
4.09333E+01 -3.28000E-01 -1.29804E-06 -3.27816E-01
4.10000E+01 -3.30000E-01 -1.30249E-06 -3.29642E-01
4.10667E+01 -3.32000E-01 -1.32000E-06 -3.31621E-01
4.11333E+01 -3.34000E-01 -1.29189E-06 -3.33752E-01
4.12000E+01 -3.36000E-01 -1.30065E-06 -3.35731E-01
4.12667E+01 -3.38000E-01 -1.32338E-06 -3.37710E-01
4.13333E+01 -3.40000E-01 -1.28575E-06 -3.39689E-01
4.14000E+01 -3.42000E-01 -1.29512E-06 -3.41668E-01
4.14667E+01 -3.44000E-01 -1.32476E-06 -3.43647E-01
4.15333E+01 -3.46000E-01 -1.28329E-06 -3.45778E-01
4.16000E+01 -3.48000E-01 -1.29174E-06 -3.47757E-01
4.16667E+01 -3.50000E-01 -1.31770E-06 -3.49735E-01
4.17333E+01 -3.52000E-01 -1.28099E-06 -3.51867E-01
4.18000E+01 -3.54000E-01 -1.28529E-06 -3.53845E-01
4.18667E+01 -3.56000E-01 -1.30587E-06 -3.55824E-01
4.19333E+01 -3.58000E-01 -1.27853E-06 -3.57803E-01
4.20000E+01 -3.60000E-01 -1.28176E-06 -3.59782E-01
4.20667E+01 -3.62000E-01 -1.31263E-06 -3.61761E-01
4.21333E+01 -3.64000E-01 -1.27285E-06 -3.63740E-01
4.22000E+01 -3.66000E-01 -1.27777E-06 -3.65871E-01
4.22667E+01 -3.68000E-01 -1.30387E-06 -3.67850E-01
4.23333E+01 -3.70000E-01 -1.26717E-06 -3.69829E-01
4.24000E+01 -3.72000E-01 -1.27638E-06 -3.71807E-01
4.24667E+01 -3.74000E-01 -1.29251E-06 -3.73786E-01
4.25333E+01 -3.76000E-01 -1.25918E-06 -3.75765E-01
4.26000E+01 -3.78000E-01 -1.27009E-06 -3.77896E-01
4.26667E+01 -3.80000E-01 -1.28621E-06 -3.79723E-01
4.27333E+01 -3.82000E-01 -1.25703E-06 -3.81854E-01
4.28000E+01 -3.84000E-01 -1.26456E-06 -3.83833E-01
4.28667E+01 -3.86000E-01 -1.27746E-06 -3.85812E-01
4.29333E+01 -3.88000E-01 -1.25196E-06 -3.87791E-01
4.30000E+01 -3.90000E-01 -1.26548E-06 -3.89922E-01
4.30667E+01 -3.92000E-01 -1.27147E-06 -3.91901E-01
4.31333E+01 -3.94000E-01 -1.24782E-06 -3.93879E-01
4.32000E+01 -3.96000E-01 -1.26133E-06 -3.96011E-01
4.32667E+01 -3.98000E-01 -1.26333E-06 -3.97837E-01
4.33333E+01 -4.00000E-01 -1.24428E-06 -3.99816E-01
4.34000E+01 -4.02000E-01 -1.25534E-06 -4.01795E-01
4.34667E+01 -4.04000E-01 -1.26087E-06 -4.03926E-01
4.35333E+01 -4.06000E-01 -1.23860E-06 -4.05905E-01
4.36000E+01 -4.08000E-01 -1.25181E-06 -4.07884E-01
4.36667E+01 -4.10000E-01 -1.25596E-06 -4.09863E-01
4.37333E+01 -4.12000E-01 -1.23031E-06 -4.11842E-01
4.38000E+01 -4.14000E-01 -1.25289E-06 -4.13820E-01
4.38667E+01 -4.16000E-01 -1.25365E-06 -4.15799E-01
4.39333E+01 -4.18000E-01 -1.23000E-06 -4.17778E-01
4.40000E+01 -4.20000E-01 -1.24858E-06 -4.19757E-01
4.40667E+01 -4.22000E-01 -1.24935E-06 -4.21736E-01
4.41333E+01 -4.24000E-01 -1.22708E-06 -4.23867E-01
4.42000E+01 -4.26000E-01 -1.24659E-06 -4.25846E-01
4.42667E+01 -4.28000E-01 -1.24736E-06 -4.27825E-01
4.43333E+01 -4.30000E-01 -1.22493E-06 -4.29804E-01
4.44000E+01 -4.32000E-01 -1.24705E-06 -4.31935E-01
4.44667E+01 -4.34000E-01 -1.24428E-06 -4.33914E-01
4.45333E+01 -4.36000E-01 -1.22294E-06 -4.35892E-01
4.46000E+01 -4.38000E-01 -1.24367E-06 -4.37871E-01
4.46667E+01 -4.40000E-01 -1.24121E-06 -4.39850E-01
4.47333E+01 -4.42000E-01 -1.22263E-06 -4.41829E-01
4.48000E+01 -4.44000E-01 -1.23507E-06 -4.43808E-01
4.48667E+01 -4.46000E-01 -1.23906E-06 -4.45939E-01
4.49333E+01 -4.48000E-01 -1.22478E-06 -4.47918E-01
4.50000E+01 -4.50000E-01 -1.23661E-06 -4.49897E-01
4.50667E+01 -4.52000E-01 -1.23799E-06 -4.51876E-01
4.51333E+01 -4.54000E-01 -1.22862E-06 -4.53855E-01
4.52000E+01 -4.56000E-01 -1.23707E-06 -4.55833E-01
4.52667E+01 -4.58000E-01 -1.23522E-06 -4.57812E-01
4.53333E+01 -4.60000E-01 -1.23599E-06 -4.59943E-01
4.54000E+01 -4.62000E-01 -1.23661E-06 -4.61922E-01
4.54667E+01 -4.64000E-01 -1.23277E-06 -4.63901E-01
4.55333E+01 -4.66000E-01 -1.24045E-06 -4.65880E-01
4.56000E+01 -4.68000E-01 -1.23261E-06 -4.67859E-01
4.56667E+01 -4.70000E-01 -1.23231E-06 -4.69990E-01
4.57333E+01 -4.72000E-01 -1.25150E-06 -4.71969E-01
4.58000E+01 -4.74000E-01 -1.22969E-06 -4.73948E-01
4.58667E+01 -4.76000E-01 -1.23169E-06 -4.75927E-01
4.59333E+01 -4.78000E-01 -1.25734E-06 -4.77905E-01
4.60000E+01 -4.80000E-01 -1.22693E-06 -4.79884E-01
4.60667E+01 -4.82000E-01 -1.23046E-06 -4.81863E-01
4.61333E+01 -4.84000E-01 -1.25918E-06 -4.83994E-01
4.62000E+01 -4.86000E-01 -1.22801E-06 -4.85669E-01
4.62667E+01 -4.88000E-01 -1.22969E-06 -4.87648E-01
4.63333E+01 -4.90000E-01 -1.25980E-06 -4.89779E-01
4.64000E+01 -4.92000E-01 -1.22939E-06 -4.91758E-01
4.64667E+01 -4.94000E-01 -1.23200E-06 -4.93736E-01
4.65333E+01 -4.96000E-01 -1.26640E-06 -4.95563E-01
4.66000E+01 -4.98000E-01 -1.22601E-06 -4.97694E-01
4.66667E+01 -5.00000E-01 -1.23108E-06 -4.99673E-01
4.67333E+01 -5.02000E-01 -1.26394E-06 -5.01652E-01
4.68000E+01 -5.04000E-01 -1.22340E-06 -5.03631E-01
4.68667E+01 -5.06000E-01 -1.22939E-06 -5.05762E-01
4.69333E+01 -5.08000E-01 -1.25473E-06 -5.07741E-01
4.70000E+01 -5.10000E-01 -1.23138E-06 -5.09872E-01
4.70667E+01 -5.12000E-01 -1.22985E-06 -5.11851E-01
4.71333E+01 -5.14000E-01 -1.25672E-06 -5.13830E-01
4.72000E+01 -5.16000E-01 -1.22401E-06 -5.15656E-01
4.72667E+01 -5.18000E-01 -1.22831E-06 -5.17787E-01
4.73333E+01 -5.20000E-01 -1.25196E-06 -5.19766E-01
4.74000E+01 -5.22000E-01 -1.22417E-06 -5.21745E-01
4.74667E+01 -5.24000E-01 -1.23277E-06 -5.23724E-01
4.75333E+01 -5.26000E-01 -1.24874E-06 -5.25703E-01
4.76000E+01 -5.28000E-01 -1.22017E-06 -5.27834E-01
4.76667E+01 -5.30000E-01 -1.23323E-06 -5.29813E-01
4.77333E+01 -5.32000E-01 -1.24428E-06 -5.31792E-01
4.78000E+01 -5.34000E-01 -1.22370E-06 -5.33771E-01
4.78667E+01 -5.36000E-01 -1.23323E-06 -5.35749E-01
4.79333E+01 -5.38000E-01 -1.24137E-06 -5.37728E-01
4.80000E+01 -5.40000E-01 -1.22493E-06 -5.39859E-01
4.80667E+01 -5.42000E-01 -1.23307E-06 -5.41838E-01
4.81333E+01 -5.44000E-01 -1.24014E-06 -5.43817E-01
4.82000E+01 -5.46000E-01 -1.22140E-06 -5.45796E-01
4.82667E+01 -5.48000E-01 -1.24045E-06 -5.47775E-01
4.83333E+01 -5.50000E-01 -1.24091E-06 -5.49906E-01
4.84000E+01 -5.52000E-01 -1.22770E-06 -5.51885E-01
4.84667E+01 -5.54000E-01 -1.24260E-06 -5.53864E-01
4.85333E+01 -5.56000E-01 -1.24367E-06 -5.55843E-01
4.86000E+01 -5.58000E-01 -1.22831E-06 -5.57821E-01
4.86667E+01 -5.60000E-01 -1.24352E-06 -5.59800E-01
4.87333E+01 -5.62000E-01 -1.24659E-06 -5.61931E-01
4.88000E+01 -5.64000E-01 -1.22754E-06 -5.63758E-01
4.88667E+01 -5.66000E-01 -1.24275E-06 -5.65737E-01
4.89333E+01 -5.68000E-01 -1.24874E-06 -5.67716E-01
4.90000E+01 -5.70000E-01 -1.22693E-06 -5.69847E-01
4.90667E+01 -5.72000E-01 -1.25442E-06 -5.71826E-01
4.91333E+01 -5.74000E-01 -1.23307E-06 -5.73652E-01
4.92000E+01 -5.76000E-01 -1.25780E-06 -5.75784E-01
4.92667E+01 -5.78000E-01 -1.25734E-06 -5.77762E-01
4.93333E+01 -5.80000E-01 -1.25841E-06 -5.79741E-01
4.94000E+01 -5.82000E-01 -1.26671E-06 -5.81872E-01
4.94667E+01 -5.84000E-01 -1.25335E-06 -5.83851E-01
4.95333E+01 -5.86000E-01 -1.26625E-06 -5.85830E-01
4.96000E+01 -5.88000E-01 -1.23215E-06 -5.87809E-01
4.96667E+01 -5.90000E-01 -1.26348E-06 -5.89788E-01
4.97333E+01 -5.92000E-01 -1.27838E-06 -5.91919E-01
4.98000E+01 -5.94000E-01 -1.25104E-06 -5.93898E-01
4.98667E+01 -5.96000E-01 -1.27362E-06 -5.95877E-01
4.99333E+01 -5.98000E-01 -1.27178E-06 -5.97856E-01
5.00000E+01 -6.00000E-01 -1.29236E-06 -5.99834E-01
5.00667E+01 -6.02000E-01 -1.27024E-06 -6.01813E-01
5.01333E+01 -6.04000E-01 -1.30572E-06 -6.03792E-01
5.02000E+01 -6.06000E-01 -1.25411E-06 -6.05771E-01
5.02667E+01 -6.08000E-01 -1.28191E-06 -6.07902E-01
5.03333E+01 -6.10000E-01 -1.28145E-06 -6.09881E-01
5.04000E+01 -6.12000E-01 -1.29189E-06 -6.11860E-01
5.04667E+01 -6.14000E-01 -1.28790E-06 -6.13839E-01
5.05333E+01 -6.16000E-01 -1.28790E-06 -6.15818E-01
5.06000E+01 -6.18000E-01 -1.27976E-06 -6.17797E-01
5.06667E+01 -6.20000E-01 -1.30034E-06 -6.19928E-01
5.07333E+01 -6.22000E-01 -1.29850E-06 -6.21906E-01
5.08000E+01 -6.24000E-01 -1.32369E-06 -6.23885E-01
5.08667E+01 -6.26000E-01 -1.29604E-06 -6.25864E-01
5.09333E+01 -6.28000E-01 -1.30157E-06 -6.27995E-01
5.10000E+01 -6.30000E-01 -1.33398E-06 -6.29974E-01
5.10667E+01 -6.32000E-01 -1.30341E-06 -6.31801E-01
5.11333E+01 -6.34000E-01 -1.30741E-06 -6.33932E-01
5.12000E+01 -6.36000E-01 -1.34749E-06 -6.35911E-01
5.12667E+01 -6.38000E-01 -1.31370E-06 -6.37890E-01
5.13333E+01 -6.40000E-01 -1.31462E-06 -6.40021E-01
5.14000E+01 -6.42000E-01 -1.35394E-06 -6.41695E-01
5.14667E+01 -6.44000E-01 -1.32369E-06 -6.43674E-01
5.15333E+01 -6.46000E-01 -1.32507E-06 -6.45653E-01
5.16000E+01 -6.48000E-01 -1.36131E-06 -6.47632E-01
5.16667E+01 -6.50000E-01 -1.33044E-06 -6.49611E-01
5.17333E+01 -6.52000E-01 -1.33766E-06 -6.51590E-01
5.18000E+01 -6.54000E-01 -1.37268E-06 -6.53568E-01
5.18667E+01 -6.56000E-01 -1.33689E-06 -6.55700E-01
5.19333E+01 -6.58000E-01 -1.34396E-06 -6.57678E-01
5.20000E+01 -6.60000E-01 -1.37636E-06 -6.59657E-01
5.20667E+01 -6.62000E-01 -1.35440E-06 -6.61636E-01
5.21333E+01 -6.64000E-01 -1.35655E-06 -6.63767E-01
5.22000E+01 -6.66000E-01 -1.38220E-06 -6.65746E-01
5.22667E+01 -6.68000E-01 -1.35886E-06 -6.67725E-01
5.23333E+01 -6.70000E-01 -1.36500E-06 -6.69704E-01
5.24000E+01 -6.72000E-01 -1.38512E-06 -6.71683E-01
5.24667E+01 -6.74000E-01 -1.36546E-06 -6.73662E-01
5.25333E+01 -6.76000E-01 -1.37867E-06 -6.75640E-01
5.26000E+01 -6.78000E-01 -1.39280E-06 -6.77619E-01
5.26667E+01 -6.80000E-01 -1.37729E-06 -6.79750E-01
5.27333E+01 -6.82000E-01 -1.39234E-06 -6.81729E-01
5.28000E+01 -6.84000E-01 -1.40432E-06 -6.83708E-01
5.28667E+01 -6.86000E-01 -1.38896E-06 -6.85687E-01
5.29333E+01 -6.88000E-01 -1.40831E-06 -6.87666E-01
5.30000E+01 -6.90000E-01 -1.41261E-06 -6.89645E-01
5.30667E+01 -6.92000E-01 -1.40078E-06 -6.91624E-01
5.31333E+01 -6.94000E-01 -1.41952E-06 -6.93755E-01
5.32000E+01 -6.96000E-01 -1.42459E-06 -6.95734E-01
5.32667E+01 -6.98000E-01 -1.41123E-06 -6.97713E-01
