time/s      E/V        I/A
0.00000E+00 -7.00000E-01 -1.45024E-06 -6.99691E-01
6.66667E-02 -6.98000E-01 -9.20230E-07 -6.97865E-01
1.33333E-01 -6.96000E-01 -7.57435E-07 -6.95886E-01
2.00000E-01 -6.94000E-01 -6.95235E-07 -6.93755E-01
2.66667E-01 -6.92000E-01 -6.33035E-07 -6.91776E-01
3.33333E-01 -6.90000E-01 -5.70374E-07 -6.89797E-01
4.00000E-01 -6.88000E-01 -5.41501E-07 -6.87818E-01
4.66667E-01 -6.86000E-01 -5.07099E-07 -6.85839E-01
5.33333E-01 -6.84000E-01 -4.62560E-07 -6.83708E-01
6.00000E-01 -6.82000E-01 -4.47970E-07 -6.81729E-01
6.66667E-01 -6.80000E-01 -4.24472E-07 -6.79750E-01
7.33333E-01 -6.78000E-01 -3.89763E-07 -6.77772E-01
8.00000E-01 -6.76000E-01 -3.81316E-07 -6.75793E-01
8.66667E-01 -6.74000E-01 -3.61658E-07 -6.73662E-01
9.33333E-01 -6.72000E-01 -3.35242E-07 -6.71683E-01
1.00000E+00 -6.70000E-01 -3.28024E-07 -6.69856E-01
1.06667E+00 -6.68000E-01 -3.14355E-07 -6.67725E-01
1.13333E+00 -6.66000E-01 -2.87479E-07 -6.65746E-01
1.20000E+00 -6.64000E-01 -2.84561E-07 -6.63767E-01
1.26667E+00 -6.62000E-01 -2.73503E-07 -6.61788E-01
1.33333E+00 -6.60000E-01 -2.49544E-07 -6.59810E-01
1.40000E+00 -6.58000E-01 -2.48316E-07 -6.57678E-01
1.46667E+00 -6.56000E-01 -2.38947E-07 -6.55700E-01
1.53333E+00 -6.54000E-01 -2.22361E-07 -6.53721E-01
1.60000E+00 -6.52000E-01 -2.17907E-07 -6.51590E-01
1.66667E+00 -6.50000E-01 -2.10842E-07 -6.49763E-01
1.73333E+00 -6.48000E-01 -1.95638E-07 -6.47632E-01
1.80000E+00 -6.46000E-01 -1.93488E-07 -6.45653E-01
1.86667E+00 -6.44000E-01 -1.85348E-07 -6.43674E-01
1.93333E+00 -6.42000E-01 -1.69990E-07 -6.41847E-01
2.00000E+00 -6.40000E-01 -1.67072E-07 -6.40021E-01
2.06667E+00 -6.38000E-01 -1.62157E-07 -6.37890E-01
2.13333E+00 -6.36000E-01 -1.57857E-07 -6.35911E-01
2.20000E+00 -6.34000E-01 -1.46492E-07 -6.33932E-01
2.26667E+00 -6.32000E-01 -1.45571E-07 -6.31953E-01
2.33333E+00 -6.30000E-01 -1.45724E-07 -6.29974E-01
2.40000E+00 -6.28000E-01 -1.28062E-07 -6.27995E-01
2.46667E+00 -6.26000E-01 -1.26527E-07 -6.26016E-01
2.53333E+00 -6.24000E-01 -1.32670E-07 -6.23885E-01
2.60000E+00 -6.22000E-01 -1.12858E-07 -6.21906E-01
2.66667E+00 -6.20000E-01 -1.09479E-07 -6.19928E-01
2.73333E+00 -6.18000E-01 -1.20230E-07 -6.17949E-01
2.80000E+00 -6.16000E-01 -9.39675E-08 -6.15818E-01
2.86667E+00 -6.14000E-01 -9.28924E-08 -6.13839E-01
2.93333E+00 -6.12000E-01 -1.08097E-07 -6.11860E-01
3.00000E+00 -6.10000E-01 -7.90702E-08 -6.09881E-01
3.06667E+00 -6.08000E-01 -8.13739E-08 -6.07902E-01
3.13333E+00 -6.06000E-01 -9.30460E-08 -6.05923E-01
3.20000E+00 -6.04000E-01 -6.90875E-08 -6.03792E-01
3.26667E+00 -6.02000E-01 -6.63230E-08 -6.01966E-01
3.33333E+00 -6.00000E-01 -7.61522E-08 -5.99834E-01
3.40000E+00 -5.98000E-01 -5.32687E-08 -5.97856E-01
3.46667E+00 -5.96000E-01 -5.54188E-08 -5.95877E-01
3.53333E+00 -5.94000E-01 -5.98727E-08 -5.93898E-01
3.60000E+00 -5.92000E-01 -4.20573E-08 -5.91919E-01
3.66667E+00 -5.90000E-01 -4.20573E-08 -5.89940E-01
3.73333E+00 -5.88000E-01 -4.55897E-08 -5.87961E-01
3.80000E+00 -5.86000E-01 -3.02316E-08 -5.85830E-01
3.86667E+00 -5.84000E-01 -3.51462E-08 -5.83851E-01
3.93333E+00 -5.82000E-01 -3.08460E-08 -5.81872E-01
4.00000E+00 -5.80000E-01 -2.14776E-08 -5.79894E-01
4.06667E+00 -5.78000E-01 -2.27062E-08 -5.77762E-01
4.13333E+00 -5.76000E-01 -2.16311E-08 -5.75784E-01
4.20000E+00 -5.74000E-01 -1.18020E-08 -5.73805E-01
4.26667E+00 -5.72000E-01 -1.16484E-08 -5.71826E-01
4.33333E+00 -5.70000E-01 -1.24163E-08 -5.69847E-01
4.40000E+00 -5.68000E-01 -4.37055E-10 -5.67868E-01
4.46667E+00 -5.66000E-01 -1.51212E-09 -5.65737E-01
4.53333E+00 -5.64000E-01 -2.12644E-09 -5.63758E-01
4.60000E+00 -5.62000E-01 8.93135E-09  -5.61931E-01
4.66667E+00 -5.60000E-01 5.55258E-09  -5.59953E-01
4.73333E+00 -5.58000E-01 5.85974E-09  -5.57821E-01
4.80000E+00 -5.56000E-01 2.12178E-08  -5.55843E-01
4.86667E+00 -5.54000E-01 1.27709E-08  -5.53864E-01
4.93333E+00 -5.52000E-01 1.53817E-08  -5.51885E-01
5.00000E+00 -5.50000E-01 2.62859E-08  -5.49906E-01
5.06667E+00 -5.48000E-01 2.42894E-08  -5.47927E-01
5.13333E+00 -5.46000E-01 2.26000E-08  -5.45948E-01
5.20000E+00 -5.44000E-01 3.45793E-08  -5.43817E-01
5.26667E+00 -5.42000E-01 3.19684E-08  -5.41838E-01
5.33333E+00 -5.40000E-01 2.87432E-08  -5.39859E-01
5.40000E+00 -5.38000E-01 4.36405E-08  -5.37881E-01
5.46667E+00 -5.36000E-01 3.79580E-08  -5.35749E-01
5.53333E+00 -5.34000E-01 3.84188E-08  -5.33771E-01
5.60000E+00 -5.32000E-01 5.08588E-08  -5.31944E-01
5.66667E+00 -5.30000E-01 4.70193E-08  -5.29813E-01
5.73333E+00 -5.28000E-01 4.67121E-08  -5.27834E-01
5.80000E+00 -5.26000E-01 6.40667E-08  -5.25855E-01
5.86667E+00 -5.24000E-01 5.50055E-08  -5.23876E-01
5.93333E+00 -5.22000E-01 5.51590E-08  -5.21897E-01
6.00000E+00 -5.20000E-01 6.75991E-08  -5.19766E-01
6.06667E+00 -5.18000E-01 6.09951E-08  -5.17787E-01
6.13333E+00 -5.16000E-01 6.09951E-08  -5.15808E-01
6.20000E+00 -5.14000E-01 7.34351E-08  -5.13830E-01
6.26667E+00 -5.12000E-01 6.37595E-08  -5.11851E-01
6.33333E+00 -5.10000E-01 7.02099E-08  -5.09872E-01
6.40000E+00 -5.08000E-01 7.95783E-08  -5.07741E-01
6.46667E+00 -5.06000E-01 7.63531E-08  -5.05762E-01
6.53333E+00 -5.04000E-01 7.88104E-08  -5.03783E-01
6.60000E+00 -5.02000E-01 8.48001E-08  -5.01804E-01
6.66667E+00 -5.00000E-01 8.20356E-08  -4.99673E-01
6.73333E+00 -4.98000E-01 8.64894E-08  -4.97694E-01
6.80000E+00 -4.96000E-01 8.72573E-08  -4.95715E-01
6.86667E+00 -4.94000E-01 8.92539E-08  -4.93889E-01
6.93333E+00 -4.92000E-01 9.14040E-08  -4.91758E-01
7.00000E+00 -4.90000E-01 8.84860E-08  -4.89779E-01
7.06667E+00 -4.88000E-01 9.63186E-08  -4.87800E-01
7.13333E+00 -4.86000E-01 1.01080E-07  -4.85669E-01
7.20000E+00 -4.84000E-01 9.32470E-08  -4.83994E-01
7.26667E+00 -4.82000E-01 1.05841E-07  -4.82015E-01
7.33333E+00 -4.80000E-01 1.07684E-07  -4.80037E-01
7.40000E+00 -4.78000E-01 9.23255E-08  -4.77905E-01
7.46667E+00 -4.76000E-01 1.12137E-07  -4.75927E-01
7.53333E+00 -4.74000E-01 1.16591E-07  -4.74100E-01
7.60000E+00 -4.72000E-01 9.50899E-08  -4.71969E-01
7.66667E+00 -4.70000E-01 1.17820E-07  -4.69990E-01
7.73333E+00 -4.68000E-01 1.23502E-07  -4.68011E-01
7.80000E+00 -4.66000E-01 1.05533E-07  -4.65880E-01
7.86667E+00 -4.64000E-01 1.25652E-07  -4.63901E-01
7.93333E+00 -4.62000E-01 1.31796E-07  -4.61922E-01
8.00000E+00 -4.60000E-01 1.15055E-07  -4.59943E-01
8.06667E+00 -4.58000E-01 1.38246E-07  -4.57812E-01
8.13333E+00 -4.56000E-01 1.38707E-07  -4.55986E-01
8.20000E+00 -4.54000E-01 1.26420E-07  -4.54007E-01
8.26667E+00 -4.52000E-01 1.44082E-07  -4.51876E-01
8.33333E+00 -4.50000E-01 1.48075E-07  -4.49897E-01
8.40000E+00 -4.48000E-01 1.36864E-07  -4.47918E-01
8.46667E+00 -4.46000E-01 1.51915E-07  -4.45939E-01
8.53333E+00 -4.44000E-01 1.53604E-07  -4.43960E-01
8.60000E+00 -4.42000E-01 1.49611E-07  -4.41981E-01
8.66667E+00 -4.40000E-01 1.60669E-07  -4.39850E-01
8.73333E+00 -4.38000E-01 1.63894E-07  -4.37871E-01
8.80000E+00 -4.36000E-01 1.62358E-07  -4.36045E-01
8.86667E+00 -4.34000E-01 1.70805E-07  -4.33914E-01
8.93333E+00 -4.32000E-01 1.71727E-07  -4.31935E-01
9.00000E+00 -4.30000E-01 1.72648E-07  -4.29956E-01
9.06667E+00 -4.28000E-01 1.79098E-07  -4.27977E-01
9.13333E+00 -4.26000E-01 1.77255E-07  -4.25846E-01
9.20000E+00 -4.24000E-01 1.79559E-07  -4.23867E-01
9.26667E+00 -4.22000E-01 1.87392E-07  -4.21888E-01
9.33333E+00 -4.20000E-01 1.85242E-07  -4.19757E-01
9.40000E+00 -4.18000E-01 1.90463E-07  -4.17778E-01
9.46667E+00 -4.16000E-01 1.96146E-07  -4.15952E-01
9.53333E+00 -4.14000E-01 1.96453E-07  -4.13820E-01
9.60000E+00 -4.12000E-01 1.99525E-07  -4.11842E-01
9.66667E+00 -4.10000E-01 2.05668E-07  -4.09863E-01
9.73333E+00 -4.08000E-01 2.05207E-07  -4.07884E-01
9.80000E+00 -4.06000E-01 2.07972E-07  -4.05905E-01
9.86667E+00 -4.04000E-01 2.16265E-07  -4.03926E-01
9.93333E+00 -4.02000E-01 2.11657E-07  -4.01947E-01
1.00000E+01 -4.00000E-01 2.14729E-07  -3.99968E-01
1.00667E+01 -3.98000E-01 2.23176E-07  -3.97837E-01
1.01333E+01 -3.96000E-01 2.21026E-07  -3.96011E-01
1.02000E+01 -3.94000E-01 2.27476E-07  -3.93879E-01
1.02667E+01 -3.92000E-01 2.35616E-07  -3.91901E-01
1.03333E+01 -3.90000E-01 2.31930E-07  -3.89922E-01
1.04000E+01 -3.88000E-01 2.36998E-07  -3.87791E-01
1.04667E+01 -3.86000E-01 2.45292E-07  -3.85812E-01
1.05333E+01 -3.84000E-01 2.39763E-07  -3.83833E-01
1.06000E+01 -3.82000E-01 2.47442E-07  -3.81854E-01
1.06667E+01 -3.80000E-01 2.54660E-07  -3.79875E-01
1.07333E+01 -3.78000E-01 2.46827E-07  -3.77896E-01
1.08000E+01 -3.76000E-01 2.55428E-07  -3.75917E-01
1.08667E+01 -3.74000E-01 2.63875E-07  -3.73786E-01
1.09333E+01 -3.72000E-01 2.56964E-07  -3.71807E-01
1.10000E+01 -3.70000E-01 2.65411E-07  -3.69829E-01
1.10667E+01 -3.68000E-01 2.75547E-07  -3.67850E-01
1.11333E+01 -3.66000E-01 2.68482E-07  -3.65871E-01
1.12000E+01 -3.64000E-01 2.75393E-07  -3.63892E-01
1.12667E+01 -3.62000E-01 2.85530E-07  -3.61913E-01
1.13333E+01 -3.60000E-01 2.78618E-07  -3.59782E-01
1.14000E+01 -3.58000E-01 2.81690E-07  -3.57955E-01
1.14667E+01 -3.56000E-01 2.92748E-07  -3.55976E-01
1.15333E+01 -3.54000E-01 2.87373E-07  -3.53845E-01
1.16000E+01 -3.52000E-01 2.92748E-07  -3.51867E-01
1.16667E+01 -3.50000E-01 2.98430E-07  -3.49888E-01
1.17333E+01 -3.48000E-01 2.96434E-07  -3.47757E-01
1.18000E+01 -3.46000E-01 3.07031E-07  -3.45778E-01
1.18667E+01 -3.44000E-01 3.03038E-07  -3.43799E-01
1.19333E+01 -3.42000E-01 3.09949E-07  -3.41668E-01
1.20000E+01 -3.40000E-01 3.15324E-07  -3.39689E-01
1.20667E+01 -3.38000E-01 3.09181E-07  -3.37862E-01
1.21333E+01 -3.36000E-01 3.20392E-07  -3.35883E-01
1.22000E+01 -3.34000E-01 3.27764E-07  -3.33752E-01
1.22667E+01 -3.32000E-01 3.15939E-07  -3.31773E-01
1.23333E+01 -3.30000E-01 3.32218E-07  -3.29642E-01
1.24000E+01 -3.28000E-01 3.34061E-07  -3.27816E-01
1.24667E+01 -3.26000E-01 3.25614E-07  -3.25837E-01
1.25333E+01 -3.24000E-01 3.44658E-07  -3.23858E-01
1.26000E+01 -3.22000E-01 3.49880E-07  -3.21879E-01
1.26667E+01 -3.20000E-01 3.35290E-07  -3.19748E-01
1.27333E+01 -3.18000E-01 3.60170E-07  -3.17921E-01
1.28000E+01 -3.16000E-01 3.61091E-07  -3.15942E-01
1.28667E+01 -3.14000E-01 3.50033E-07  -3.13811E-01
1.29333E+01 -3.12000E-01 3.69538E-07  -3.11832E-01
1.30000E+01 -3.10000E-01 3.74606E-07  -3.09854E-01
1.30667E+01 -3.08000E-01 3.66159E-07  -3.07722E-01
1.31333E+01 -3.06000E-01 3.81825E-07  -3.05744E-01
1.32000E+01 -3.04000E-01 3.87507E-07  -3.03765E-01
1.32667E+01 -3.02000E-01 3.85510E-07  -3.01786E-01
1.33333E+01 -3.00000E-01 4.01022E-07  -2.99807E-01
1.34000E+01 -2.98000E-01 4.01329E-07  -2.97828E-01
1.34667E+01 -2.96000E-01 4.03326E-07  -2.95849E-01
1.35333E+01 -2.94000E-01 4.14691E-07  -2.93718E-01
1.36000E+01 -2.92000E-01 4.13462E-07  -2.91739E-01
1.36667E+01 -2.90000E-01 4.21909E-07  -2.89760E-01
1.37333E+01 -2.88000E-01 4.26670E-07  -2.87781E-01
1.38000E+01 -2.86000E-01 4.28513E-07  -2.85803E-01
1.38667E+01 -2.84000E-01 4.34963E-07  -2.83672E-01
1.39333E+01 -2.82000E-01 4.44025E-07  -2.81693E-01
1.40000E+01 -2.80000E-01 4.42950E-07  -2.79866E-01
1.40667E+01 -2.78000E-01 4.54622E-07  -2.77735E-01
1.41333E+01 -2.76000E-01 4.61993E-07  -2.75756E-01
1.42000E+01 -2.74000E-01 4.58461E-07  -2.73777E-01
1.42667E+01 -2.72000E-01 4.68290E-07  -2.71798E-01
1.43333E+01 -2.70000E-01 4.78887E-07  -2.69667E-01
1.44000E+01 -2.68000E-01 4.76737E-07  -2.67688E-01
1.44667E+01 -2.66000E-01 4.81805E-07  -2.65709E-01
1.45333E+01 -2.64000E-01 4.93938E-07  -2.63731E-01
1.46000E+01 -2.62000E-01 4.91788E-07  -2.61599E-01
1.46667E+01 -2.60000E-01 4.98238E-07  -2.59773E-01
1.47333E+01 -2.58000E-01 5.12521E-07  -2.57794E-01
1.48000E+01 -2.56000E-01 5.09450E-07  -2.55663E-01
1.48667E+01 -2.54000E-01 5.19893E-07  -2.53684E-01
1.49333E+01 -2.52000E-01 5.33716E-07  -2.51705E-01
1.50000E+01 -2.50000E-01 5.26497E-07  -2.49726E-01
1.50667E+01 -2.48000E-01 5.35405E-07  -2.47747E-01
1.51333E+01 -2.46000E-01 5.53527E-07  -2.45769E-01
1.52000E+01 -2.44000E-01 5.42777E-07  -2.43790E-01
1.52667E+01 -2.42000E-01 5.52606E-07  -2.41811E-01
1.53333E+01 -2.40000E-01 5.69807E-07  -2.39832E-01
1.54000E+01 -2.38000E-01 5.61667E-07  -2.37853E-01
1.54667E+01 -2.36000E-01 5.70421E-07  -2.35722E-01
1.55333E+01 -2.34000E-01 5.89619E-07  -2.33743E-01
1.56000E+01 -2.32000E-01 5.81325E-07  -2.31764E-01
1.56667E+01 -2.30000E-01 5.92230E-07  -2.29633E-01
1.57333E+01 -2.28000E-01 6.09738E-07  -2.27654E-01
1.58000E+01 -2.26000E-01 6.00984E-07  -2.25675E-01
1.58667E+01 -2.24000E-01 6.10199E-07  -2.23696E-01
1.59333E+01 -2.22000E-01 6.27860E-07  -2.21718E-01
1.60000E+01 -2.20000E-01 6.21256E-07  -2.19739E-01
1.60667E+01 -2.18000E-01 6.27860E-07  -2.17760E-01
1.61333E+01 -2.16000E-01 6.44293E-07  -2.15629E-01
1.62000E+01 -2.14000E-01 6.40607E-07  -2.13650E-01
1.62667E+01 -2.12000E-01 6.46751E-07  -2.11671E-01
1.63333E+01 -2.10000E-01 6.62109E-07  -2.09692E-01
1.64000E+01 -2.08000E-01 6.60880E-07  -2.07713E-01
1.64667E+01 -2.06000E-01 6.69020E-07  -2.05582E-01
1.65333E+01 -2.04000E-01 6.78081E-07  -2.03603E-01
1.66000E+01 -2.02000E-01 6.83917E-07  -2.01777E-01
1.66667E+01 -2.00000E-01 6.90368E-07  -1.99646E-01
1.67333E+01 -1.98000E-01 6.90982E-07  -1.97819E-01
1.68000E+01 -1.96000E-01 7.05879E-07  -1.95688E-01
1.68667E+01 -1.94000E-01 7.10640E-07  -1.93709E-01
1.69333E+01 -1.92000E-01 6.86528E-07  -1.91730E-01
1.70000E+01 -1.90000E-01 7.44581E-07  -1.89599E-01
1.70667E+01 -1.88000E-01 7.41663E-07  -1.87620E-01
1.71333E+01 -1.86000E-01 7.33370E-07  -1.85641E-01
1.72000E+01 -1.84000E-01 7.24923E-07  -1.83510E-01
1.72667E+01 -1.82000E-01 7.84819E-07  -1.81683E-01
1.73333E+01 -1.80000E-01 7.51032E-07  -1.79705E-01
1.74000E+01 -1.78000E-01 7.86970E-07  -1.77574E-01
1.74667E+01 -1.76000E-01 7.88813E-07  -1.75595E-01
1.75333E+01 -1.74000E-01 7.76680E-07  -1.73768E-01
1.76000E+01 -1.72000E-01 8.12003E-07  -1.71941E-01
1.76667E+01 -1.70000E-01 8.16303E-07  -1.69810E-01
1.77333E+01 -1.68000E-01 8.09546E-07  -1.67831E-01
1.78000E+01 -1.66000E-01 8.43180E-07  -1.65853E-01
1.78667E+01 -1.64000E-01 8.47019E-07  -1.63874E-01
1.79333E+01 -1.62000E-01 8.44716E-07  -1.61895E-01
1.80000E+01 -1.60000E-01 8.74664E-07  -1.59916E-01
1.80667E+01 -1.58000E-01 8.76661E-07  -1.57937E-01
1.81333E+01 -1.56000E-01 8.76507E-07  -1.55806E-01
1.82000E+01 -1.54000E-01 9.05534E-07  -1.53827E-01
1.82667E+01 -1.52000E-01 9.04151E-07  -1.51848E-01
1.83333E+01 -1.50000E-01 9.12138E-07  -1.49869E-01
1.84000E+01 -1.48000E-01 9.33025E-07  -1.47738E-01
1.84667E+01 -1.46000E-01 9.33792E-07  -1.45759E-01
1.85333E+01 -1.44000E-01 9.40704E-07  -1.43780E-01
1.86000E+01 -1.42000E-01 9.64048E-07  -1.41802E-01
1.86667E+01 -1.40000E-01 9.62666E-07  -1.39823E-01
1.87333E+01 -1.38000E-01 9.69116E-07  -1.37844E-01
1.88000E+01 -1.36000E-01 9.90310E-07  -1.35865E-01
1.88667E+01 -1.34000E-01 9.86624E-07  -1.33886E-01
1.89333E+01 -1.32000E-01 9.91385E-07  -1.31755E-01
1.90000E+01 -1.30000E-01 1.00659E-06  -1.29776E-01
1.90667E+01 -1.28000E-01 1.00444E-06  -1.27797E-01
1.91333E+01 -1.26000E-01 1.00720E-06  -1.25666E-01
1.92000E+01 -1.24000E-01 1.01949E-06  -1.23840E-01
1.92667E+01 -1.22000E-01 1.01811E-06  -1.21861E-01
1.93333E+01 -1.20000E-01 1.01427E-06  -1.19730E-01
1.94000E+01 -1.18000E-01 1.02947E-06  -1.17751E-01
1.94667E+01 -1.16000E-01 1.02394E-06  -1.15772E-01
1.95333E+01 -1.14000E-01 1.02287E-06  -1.13793E-01
1.96000E+01 -1.12000E-01 1.03562E-06  -1.11814E-01
1.96667E+01 -1.10000E-01 1.02410E-06  -1.09683E-01
1.97333E+01 -1.08000E-01 1.02210E-06  -1.07704E-01
1.98000E+01 -1.06000E-01 1.03101E-06  -1.05725E-01
1.98667E+01 -1.04000E-01 1.02195E-06  -1.03746E-01
1.99333E+01 -1.02000E-01 1.01811E-06  -1.01767E-01
2.00000E+01 -1.00000E-01 1.02548E-06  -9.97886E-02
2.00667E+01 -9.80000E-02 1.01550E-06  -9.76575E-02
2.01333E+01 -9.60000E-02 1.01074E-06  -9.56786E-02
2.02000E+01 -9.40000E-02 1.02041E-06  -9.38520E-02
2.02667E+01 -9.20000E-02 1.00490E-06  -9.18731E-02
2.03333E+01 -9.00000E-02 1.00260E-06  -8.97420E-02
2.04000E+01 -8.80000E-02 1.00997E-06  -8.77631E-02
2.04667E+01 -8.60000E-02 9.97835E-07  -8.57843E-02
2.05333E+01 -8.40000E-02 9.88928E-07  -8.38054E-02
2.06000E+01 -8.20000E-02 9.97835E-07  -8.18265E-02
2.06667E+01 -8.00000E-02 9.86931E-07  -7.98477E-02
2.07333E+01 -7.80000E-02 9.80634E-07  -7.77166E-02
2.08000E+01 -7.60000E-02 9.86010E-07  -7.57377E-02
2.08667E+01 -7.40000E-02 9.77256E-07  -7.37588E-02
2.09333E+01 -7.20000E-02 9.74491E-07  -7.17799E-02
2.10000E+01 -7.00000E-02 9.80020E-07  -6.98011E-02
2.10667E+01 -6.80000E-02 9.69423E-07  -6.76700E-02
2.11333E+01 -6.60000E-02 9.68348E-07  -6.58433E-02
2.12000E+01 -6.40000E-02 9.65891E-07  -6.38645E-02
2.12667E+01 -6.20000E-02 9.64201E-07  -6.17334E-02
2.13333E+01 -6.00000E-02 9.60362E-07  -5.97545E-02
2.14000E+01 -5.80000E-02 9.55447E-07  -5.77756E-02
2.14667E+01 -5.60000E-02 9.58365E-07  -5.57967E-02
2.15333E+01 -5.40000E-02 9.57751E-07  -5.38179E-02
2.16000E+01 -5.20000E-02 9.47000E-07  -5.16868E-02
2.16667E+01 -5.00000E-02 9.54372E-07  -4.97079E-02
2.17333E+01 -4.80000E-02 9.57137E-07  -4.77290E-02
2.18000E+01 -4.60000E-02 9.39014E-07  -4.57502E-02
2.18667E+01 -4.40000E-02 9.52990E-07  -4.37713E-02
2.19333E+01 -4.20000E-02 9.58826E-07  -4.17924E-02
2.20000E+01 -4.00000E-02 9.32257E-07  -3.96613E-02
2.20667E+01 -3.80000E-02 9.55140E-07  -3.76825E-02
2.21333E+01 -3.60000E-02 9.56829E-07  -3.57036E-02
2.22000E+01 -3.40000E-02 9.37939E-07  -3.35725E-02
2.22667E+01 -3.20000E-02 9.56215E-07  -3.15936E-02
2.23333E+01 -3.00000E-02 9.62051E-07  -2.96147E-02
2.24000E+01 -2.80000E-02 9.36250E-07  -2.76359E-02
2.24667E+01 -2.60000E-02 9.60362E-07  -2.56570E-02
2.25333E+01 -2.40000E-02 9.64816E-07  -2.36781E-02
2.26000E+01 -2.20000E-02 9.45772E-07  -2.16993E-02
2.26667E+01 -2.00000E-02 9.67273E-07  -1.97204E-02
2.27333E+01 -1.80000E-02 9.69730E-07  -1.77415E-02
2.28000E+01 -1.60000E-02 9.56215E-07  -1.59149E-02
2.28667E+01 -1.40000E-02 9.72188E-07  -1.39360E-02
2.29333E+01 -1.20000E-02 9.72955E-07  -1.19571E-02
2.30000E+01 -1.00000E-02 9.66966E-07  -9.97824E-03
2.30667E+01 -8.00000E-03 9.78945E-07  -7.84714E-03
2.31333E+01 -6.00000E-03 9.82477E-07  -6.02049E-03
2.32000E+01 -4.00000E-03 9.78945E-07  -4.04162E-03
2.32667E+01 -2.00000E-03 9.88928E-07  -1.91053E-03
2.33333E+01 1.45825E-17  9.89849E-07  6.83472E-05 
2.34000E+01 2.00000E-03  9.90310E-07  2.04722E-03 
2.34667E+01 4.00000E-03  9.96760E-07  4.02609E-03 
2.35333E+01 6.00000E-03  9.97835E-07  6.15719E-03 
2.36000E+01 8.00000E-03  9.98757E-07  8.13606E-03 
2.36667E+01 1.00000E-02  1.01304E-06  1.01149E-02 
2.37333E+01 1.20000E-02  1.00352E-06  1.20938E-02 
2.38000E+01 1.40000E-02  1.01212E-06  1.40727E-02 
2.38667E+01 1.60000E-02  1.01627E-06  1.60515E-02 
2.39333E+01 1.80000E-02  1.01826E-06  1.81826E-02 
2.40000E+01 2.00000E-02  1.02287E-06  2.01615E-02 
2.40667E+01 2.20000E-02  1.02947E-06  2.21404E-02 
2.41333E+01 2.40000E-02  1.02702E-06  2.41193E-02 
2.42000E+01 2.60000E-02  1.03439E-06  2.60981E-02 
2.42667E+01 2.80000E-02  1.04376E-06  2.82292E-02 
2.43333E+01 3.00000E-02  1.03777E-06  3.02081E-02 
2.44000E+01 3.20000E-02  1.04514E-06  3.20347E-02 
2.44667E+01 3.40000E-02  1.05420E-06  3.41658E-02 
2.45333E+01 3.60000E-02  1.04667E-06  3.61447E-02 
2.46000E+01 3.80000E-02  1.05696E-06  3.81236E-02 
2.46667E+01 4.00000E-02  1.06833E-06  4.01025E-02 
2.47333E+01 4.20000E-02  1.06526E-06  4.20813E-02 
2.48000E+01 4.40000E-02  1.07002E-06  4.42124E-02 
2.48667E+01 4.60000E-02  1.08507E-06  4.61913E-02 
2.49333E+01 4.80000E-02  1.07923E-06  4.81702E-02 
2.50000E+01 5.00000E-02  1.08660E-06  5.03013E-02 
2.50667E+01 5.20000E-02  1.09997E-06  5.21279E-02 
2.51333E+01 5.40000E-02  1.08983E-06  5.41068E-02 
2.52000E+01 5.60000E-02  1.10012E-06  5.62379E-02 
2.52667E+01 5.80000E-02  1.12116E-06  5.82168E-02 
2.53333E+01 6.00000E-02  1.10642E-06  6.01956E-02 
2.54000E+01 6.20000E-02  1.11440E-06  6.21745E-02 
2.54667E+01 6.40000E-02  1.13191E-06  6.41534E-02 
2.55333E+01 6.60000E-02  1.12546E-06  6.61322E-02 
2.56000E+01 6.80000E-02  1.13007E-06  6.81111E-02 
2.56667E+01 7.00000E-02  1.14880E-06  7.00900E-02 
2.57333E+01 7.20000E-02  1.12915E-06  7.20689E-02 
2.58000E+01 7.40000E-02  1.12224E-06  7.40477E-02 
2.58667E+01 7.60000E-02  1.18505E-06  7.61788E-02 
2.59333E+01 7.80000E-02  1.16570E-06  7.81577E-02 
2.60000E+01 8.00000E-02  1.17737E-06  8.01366E-02 
2.60667E+01 8.20000E-02  1.19826E-06  8.22677E-02 
2.61333E+01 8.40000E-02  1.20670E-06  8.42465E-02 
2.62000E+01 8.60000E-02  1.22129E-06  8.62254E-02 
2.62667E+01 8.80000E-02  1.23450E-06  8.82043E-02 
2.63333E+01 9.00000E-02  1.24310E-06  9.01832E-02 
2.64000E+01 9.20000E-02  1.24802E-06  9.21620E-02 
2.64667E+01 9.40000E-02  1.25201E-06  9.41409E-02 
2.65333E+01 9.60000E-02  1.26491E-06  9.61198E-02 
2.66000E+01 9.80000E-02  1.27397E-06  9.80986E-02 
2.66667E+01 1.00000E-01  1.26491E-06  1.00078E-01 
2.67333E+01 9.80000E-02  6.69788E-07  9.84031E-02 
2.68000E+01 9.60000E-02  4.70287E-07  9.62720E-02 
2.68667E+01 9.40000E-02  3.36979E-07  9.42931E-02 
2.69333E+01 9.20000E-02  2.67407E-07  9.23142E-02 
2.70000E+01 9.00000E-02  2.05053E-07  9.01832E-02 
2.70667E+01 8.80000E-02  1.29646E-07  8.83565E-02 
2.71333E+01 8.60000E-02  1.08144E-07  8.63776E-02 
2.72000E+01 8.40000E-02  5.93057E-08  8.42465E-02 
2.72667E+01 8.20000E-02  5.24542E-09  8.22677E-02 
2.73333E+01 8.00000E-02  -1.97286E-09 8.02888E-02 
2.74000E+01 7.80000E-02  -3.92929E-08 7.81577E-02 
2.74667E+01 7.60000E-02  -8.01453E-08 7.61788E-02 
2.75333E+01 7.40000E-02  -8.32169E-08 7.42000E-02 
2.76000E+01 7.20000E-02  -1.11476E-07 7.22211E-02 
2.76667E+01 7.00000E-02  -1.42806E-07 7.02422E-02 
2.77333E+01 6.80000E-02  -1.46031E-07 6.82633E-02 
2.78000E+01 6.60000E-02  -1.69068E-07 6.62845E-02 
2.78667E+01 6.40000E-02  -1.90723E-07 6.41534E-02 
2.79333E+01 6.20000E-02  -1.92720E-07 6.21745E-02 
2.80000E+01 6.00000E-02  -2.15757E-07 6.01956E-02 
2.80667E+01 5.80000E-02  -2.32036E-07 5.83690E-02 
2.81333E+01 5.60000E-02  -2.32804E-07 5.62379E-02 
2.82000E+01 5.40000E-02  -2.54920E-07 5.42590E-02 
2.82667E+01 5.20000E-02  -2.67667E-07 5.22801E-02 
2.83333E+01 5.00000E-02  -2.69356E-07 5.03013E-02 
2.84000E+01 4.80000E-02  -2.87786E-07 4.83224E-02 
2.84667E+01 4.60000E-02  -2.95926E-07 4.61913E-02 
2.85333E+01 4.40000E-02  -2.99458E-07 4.42124E-02 
2.86000E+01 4.20000E-02  -3.13280E-07 4.22336E-02 
2.86667E+01 4.00000E-02  -3.23570E-07 4.02547E-02 
2.87333E+01 3.80000E-02  -3.24799E-07 3.81236E-02 
2.88000E+01 3.60000E-02  -3.41078E-07 3.61447E-02 
2.88667E+01 3.40000E-02  -3.46607E-07 3.41658E-02 
2.89333E+01 3.20000E-02  -3.46914E-07 3.21870E-02 
2.90000E+01 3.00000E-02  -3.59354E-07 3.02081E-02 
2.90667E+01 2.80000E-02  -3.69644E-07 2.82292E-02 
2.91333E+01 2.60000E-02  -3.65958E-07 2.62504E-02 
2.92000E+01 2.40000E-02  -3.80702E-07 2.42715E-02 
2.92667E+01 2.20000E-02  -3.87152E-07 2.21404E-02 
2.93333E+01 2.00000E-02  -3.83467E-07 2.01615E-02 
2.94000E+01 1.80000E-02  -3.94985E-07 1.81826E-02 
2.94667E+01 1.60000E-02  -4.04814E-07 1.62038E-02 
2.95333E+01 1.40000E-02  -3.95599E-07 1.42249E-02 
2.96000E+01 1.20000E-02  -4.14490E-07 1.22460E-02 
2.96667E+01 1.00000E-02  -4.24165E-07 1.02672E-02 
2.97333E+01 8.00000E-03  -4.14951E-07 8.28828E-03 
2.98000E+01 6.00000E-03  -4.29233E-07 6.15719E-03 
2.98667E+01 4.00000E-03  -4.42134E-07 4.17831E-03 
2.99333E+01 2.00000E-03  -4.29233E-07 2.19944E-03 
3.00000E+01 1.45825E-17  -4.41059E-07 2.20568E-04 
3.00667E+01 -2.00000E-03 -4.50581E-07 -1.91053E-03
3.01333E+01 -4.00000E-03 -4.43977E-07 -3.88940E-03
3.02000E+01 -6.00000E-03 -4.55035E-07 -5.86827E-03
3.02667E+01 -8.00000E-03 -4.66554E-07 -7.84714E-03
3.03333E+01 -1.00000E-02 -4.57953E-07 -9.82602E-03
3.04000E+01 -1.20000E-02 -4.71622E-07 -1.18049E-02
3.04667E+01 -1.40000E-02 -4.78533E-07 -1.37838E-02
3.05333E+01 -1.60000E-02 -4.73618E-07 -1.59149E-02
3.06000E+01 -1.80000E-02 -4.82987E-07 -1.75893E-02
3.06667E+01 -2.00000E-02 -4.90205E-07 -1.95682E-02
3.07333E+01 -2.20000E-02 -4.90205E-07 -2.15470E-02
3.08000E+01 -2.40000E-02 -4.96962E-07 -2.36781E-02
3.08667E+01 -2.60000E-02 -5.01723E-07 -2.56570E-02
3.09333E+01 -2.80000E-02 -5.04334E-07 -2.74836E-02
3.10000E+01 -3.00000E-02 -5.08174E-07 -2.94625E-02
3.10667E+01 -3.20000E-02 -5.12628E-07 -3.15936E-02
3.11333E+01 -3.40000E-02 -5.22610E-07 -3.35725E-02
3.12000E+01 -3.60000E-02 -5.23993E-07 -3.55514E-02
3.12667E+01 -3.80000E-02 -5.27525E-07 -3.76825E-02
3.13333E+01 -4.00000E-02 -5.45801E-07 -3.96613E-02
3.14000E+01 -4.20000E-02 -5.36125E-07 -4.16402E-02
3.14667E+01 -4.40000E-02 -5.41808E-07 -4.36191E-02
3.15333E+01 -4.60000E-02 -5.63770E-07 -4.57502E-02
3.16000E+01 -4.80000E-02 -5.49641E-07 -4.75768E-02
3.16667E+01 -5.00000E-02 -5.56859E-07 -4.95557E-02
3.17333E+01 -5.20000E-02 -5.86961E-07 -5.16868E-02
3.18000E+01 -5.40000E-02 -5.67149E-07 -5.36657E-02
3.18667E+01 -5.60000E-02 -5.71449E-07 -5.56445E-02
3.19333E+01 -5.80000E-02 -6.08001E-07 -5.76234E-02
3.20000E+01 -6.00000E-02 -5.88803E-07 -5.96023E-02
3.20667E+01 -6.20000E-02 -5.93718E-07 -6.17334E-02
3.21333E+01 -6.40000E-02 -6.23973E-07 -6.37122E-02
3.22000E+01 -6.60000E-02 -6.05851E-07 -6.56911E-02
3.22667E+01 -6.80000E-02 -6.12916E-07 -6.76700E-02
3.23333E+01 -7.00000E-02 -6.40253E-07 -6.96489E-02
3.24000E+01 -7.20000E-02 -6.22898E-07 -7.16277E-02
3.24667E+01 -7.40000E-02 -6.30885E-07 -7.37588E-02
3.25333E+01 -7.60000E-02 -6.51157E-07 -7.57377E-02
3.26000E+01 -7.80000E-02 -6.37181E-07 -7.77166E-02
3.26667E+01 -8.00000E-02 -6.45475E-07 -7.96954E-02
3.27333E+01 -8.20000E-02 -6.65133E-07 -8.16743E-02
3.28000E+01 -8.40000E-02 -6.57300E-07 -8.38054E-02
3.28667E+01 -8.60000E-02 -6.66976E-07 -8.57843E-02
3.29333E+01 -8.80000E-02 -6.81412E-07 -8.76109E-02
3.30000E+01 -9.00000E-02 -6.78341E-07 -8.97420E-02
3.30667E+01 -9.20000E-02 -6.90627E-07 -9.17209E-02
3.31333E+01 -9.40000E-02 -7.01378E-07 -9.36998E-02
3.32000E+01 -9.60000E-02 -7.03528E-07 -9.56786E-02
3.32667E+01 -9.80000E-02 -7.16582E-07 -9.76575E-02
3.33333E+01 -1.00000E-01 -7.27179E-07 -9.96364E-02
3.34000E+01 -1.02000E-01 -7.29637E-07 -1.01615E-01
3.34667E+01 -1.04000E-01 -7.42537E-07 -1.03746E-01
3.35333E+01 -1.06000E-01 -7.54824E-07 -1.05573E-01
3.36000E+01 -1.08000E-01 -7.58510E-07 -1.07552E-01
3.36667E+01 -1.10000E-01 -7.74021E-07 -1.09683E-01
3.37333E+01 -1.12000E-01 -7.79090E-07 -1.11662E-01
3.38000E+01 -1.14000E-01 -7.80779E-07 -1.13641E-01
3.38667E+01 -1.16000E-01 -8.00130E-07 -1.15772E-01
3.39333E+01 -1.18000E-01 -8.01205E-07 -1.17751E-01
3.40000E+01 -1.20000E-01 -8.02127E-07 -1.19730E-01
3.40667E+01 -1.22000E-01 -8.17945E-07 -1.21708E-01
3.41333E+01 -1.24000E-01 -8.23321E-07 -1.23840E-01
3.42000E+01 -1.26000E-01 -8.17792E-07 -1.25666E-01
3.42667E+01 -1.28000E-01 -8.37911E-07 -1.27645E-01
3.43333E+01 -1.30000E-01 -8.38525E-07 -1.29776E-01
3.44000E+01 -1.32000E-01 -8.34379E-07 -1.31755E-01
3.44667E+01 -1.34000E-01 -8.52040E-07 -1.33734E-01
3.45333E+01 -1.36000E-01 -8.49122E-07 -1.35713E-01
3.46000E+01 -1.38000E-01 -8.39293E-07 -1.37692E-01
3.46667E+01 -1.40000E-01 -8.59259E-07 -1.39823E-01
3.47333E+01 -1.42000E-01 -8.55112E-07 -1.41802E-01
3.48000E+01 -1.44000E-01 -8.45743E-07 -1.43780E-01
3.48667E+01 -1.46000E-01 -8.59873E-07 -1.45607E-01
3.49333E+01 -1.48000E-01 -8.57108E-07 -1.47738E-01
3.50000E+01 -1.50000E-01 -8.51580E-07 -1.49717E-01
3.50667E+01 -1.52000E-01 -8.63712E-07 -1.51848E-01
3.51333E+01 -1.54000E-01 -8.57416E-07 -1.53827E-01
3.52000E+01 -1.56000E-01 -8.52347E-07 -1.55806E-01
3.52667E+01 -1.58000E-01 -8.62944E-07 -1.57785E-01
3.53333E+01 -1.60000E-01 -8.57108E-07 -1.59764E-01
3.54000E+01 -1.62000E-01 -8.50197E-07 -1.61895E-01
3.54667E+01 -1.64000E-01 -8.61716E-07 -1.63721E-01
3.55333E+01 -1.66000E-01 -8.56801E-07 -1.65700E-01
3.56000E+01 -1.68000E-01 -8.51272E-07 -1.67831E-01
3.56667E+01 -1.70000E-01 -8.60180E-07 -1.69810E-01
3.57333E+01 -1.72000E-01 -8.59566E-07 -1.71789E-01
3.58000E+01 -1.74000E-01 -8.57569E-07 -1.73768E-01
3.58667E+01 -1.76000E-01 -8.62637E-07 -1.75595E-01
3.59333E+01 -1.78000E-01 -8.59566E-07 -1.77574E-01
3.60000E+01 -1.80000E-01 -8.69241E-07 -1.79552E-01
3.60667E+01 -1.82000E-01 -8.66630E-07 -1.81531E-01
3.61333E+01 -1.84000E-01 -8.65402E-07 -1.83510E-01
3.62000E+01 -1.86000E-01 -8.81681E-07 -1.85489E-01
3.62667E+01 -1.88000E-01 -8.76152E-07 -1.87620E-01
3.63333E+01 -1.90000E-01 -8.75538E-07 -1.89599E-01
3.64000E+01 -1.92000E-01 -8.99343E-07 -1.91578E-01
3.64667E+01 -1.94000E-01 -8.86749E-07 -1.93557E-01
3.65333E+01 -1.96000E-01 -8.95350E-07 -1.95688E-01
3.66000E+01 -1.98000E-01 -9.19616E-07 -1.97667E-01
3.66667E+01 -2.00000E-01 -9.05179E-07 -1.99646E-01
3.67333E+01 -2.02000E-01 -9.11015E-07 -2.01624E-01
3.68000E+01 -2.04000E-01 -9.38506E-07 -2.03603E-01
3.68667E+01 -2.06000E-01 -9.25759E-07 -2.05582E-01
3.69333E+01 -2.08000E-01 -9.34513E-07 -2.07561E-01
3.70000E+01 -2.10000E-01 -9.61697E-07 -2.09692E-01
3.70667E+01 -2.12000E-01 -9.50792E-07 -2.11671E-01
3.71333E+01 -2.14000E-01 -9.63386E-07 -2.13650E-01
3.72000E+01 -2.16000E-01 -9.87959E-07 -2.15629E-01
3.72667E+01 -2.18000E-01 -9.79819E-07 -2.17608E-01
3.73333E+01 -2.20000E-01 -9.94870E-07 -2.19586E-01
3.74000E+01 -2.22000E-01 -1.01499E-06 -2.21718E-01
3.74667E+01 -2.24000E-01 -1.01407E-06 -2.23544E-01
3.75333E+01 -2.26000E-01 -1.02927E-06 -2.25675E-01
3.76000E+01 -2.28000E-01 -1.04617E-06 -2.27654E-01
3.76667E+01 -2.30000E-01 -1.06383E-06 -2.29633E-01
3.77333E+01 -2.32000E-01 -1.05845E-06 -2.31612E-01
3.78000E+01 -2.34000E-01 -1.10529E-06 -2.33591E-01
3.78667E+01 -2.36000E-01 -1.08748E-06 -2.35722E-01
3.79333E+01 -2.38000E-01 -1.10391E-06 -2.37701E-01
3.80000E+01 -2.40000E-01 -1.11282E-06 -2.39832E-01
3.80667E+01 -2.42000E-01 -1.12157E-06 -2.41659E-01
3.81333E+01 -2.44000E-01 -1.14031E-06 -2.43637E-01
3.82000E+01 -2.46000E-01 -1.14999E-06 -2.45616E-01
3.82667E+01 -2.48000E-01 -1.15736E-06 -2.47747E-01
3.83333E+01 -2.50000E-01 -1.17686E-06 -2.49726E-01
3.84000E+01 -2.52000E-01 -1.18485E-06 -2.51705E-01
3.84667E+01 -2.54000E-01 -1.18746E-06 -2.53684E-01
3.85333E+01 -2.56000E-01 -1.20896E-06 -2.55663E-01
3.86000E+01 -2.58000E-01 -1.21664E-06 -2.57642E-01
3.86667E+01 -2.60000E-01 -1.21603E-06 -2.59621E-01
3.87333E+01 -2.62000E-01 -1.23661E-06 -2.61599E-01
3.88000E+01 -2.64000E-01 -1.24536E-06 -2.63578E-01
3.88667E+01 -2.66000E-01 -1.24091E-06 -2.65557E-01
3.89333E+01 -2.68000E-01 -1.26271E-06 -2.67688E-01
3.90000E+01 -2.70000E-01 -1.26809E-06 -2.69667E-01
3.90667E+01 -2.72000E-01 -1.26164E-06 -2.71646E-01
3.91333E+01 -2.74000E-01 -1.28160E-06 -2.73625E-01
3.92000E+01 -2.76000E-01 -1.28452E-06 -2.75756E-01
3.92667E+01 -2.78000E-01 -1.27654E-06 -2.77735E-01
3.93333E+01 -2.80000E-01 -1.29481E-06 -2.79714E-01
3.94000E+01 -2.82000E-01 -1.29804E-06 -2.81693E-01
3.94667E+01 -2.84000E-01 -1.28744E-06 -2.83672E-01
3.95333E+01 -2.86000E-01 -1.30341E-06 -2.85650E-01
3.96000E+01 -2.88000E-01 -1.30879E-06 -2.87781E-01
3.96667E+01 -2.90000E-01 -1.29343E-06 -2.89760E-01
3.97333E+01 -2.92000E-01 -1.31386E-06 -2.91739E-01
3.98000E+01 -2.94000E-01 -1.31493E-06 -2.93718E-01
3.98667E+01 -2.96000E-01 -1.30172E-06 -2.95697E-01
3.99333E+01 -2.98000E-01 -1.31877E-06 -2.97828E-01
4.00000E+01 -3.00000E-01 -1.31539E-06 -2.99655E-01
4.00667E+01 -3.02000E-01 -1.30234E-06 -3.01634E-01
4.01333E+01 -3.04000E-01 -1.31892E-06 -3.03612E-01
4.02000E+01 -3.06000E-01 -1.31739E-06 -3.05744E-01
4.02667E+01 -3.08000E-01 -1.30602E-06 -3.07722E-01
4.03333E+01 -3.10000E-01 -1.31969E-06 -3.09701E-01
4.04000E+01 -3.12000E-01 -1.31908E-06 -3.11680E-01
4.04667E+01 -3.14000E-01 -1.30572E-06 -3.13811E-01
4.05333E+01 -3.16000E-01 -1.31785E-06 -3.15790E-01
4.06000E+01 -3.18000E-01 -1.31785E-06 -3.17769E-01
4.06667E+01 -3.20000E-01 -1.30910E-06 -3.19748E-01
4.07333E+01 -3.22000E-01 -1.31293E-06 -3.21727E-01
4.08000E+01 -3.24000E-01 -1.31309E-06 -3.23706E-01
4.08667E+01 -3.26000E-01 -1.31263E-06 -3.25837E-01
4.09333E+01 -3.28000E-01 -1.30863E-06 -3.27816E-01
4.10000E+01 -3.30000E-01 -1.30956E-06 -3.29642E-01
4.10667E+01 -3.32000E-01 -1.32107E-06 -3.31621E-01
4.11333E+01 -3.34000E-01 -1.30648E-06 -3.33752E-01
4.12000E+01 -3.36000E-01 -1.30756E-06 -3.35731E-01
4.12667E+01 -3.38000E-01 -1.32138E-06 -3.37710E-01
4.13333E+01 -3.40000E-01 -1.30403E-06 -3.39689E-01
4.14000E+01 -3.42000E-01 -1.30341E-06 -3.41668E-01
4.14667E+01 -3.44000E-01 -1.32092E-06 -3.43647E-01
4.15333E+01 -3.46000E-01 -1.29712E-06 -3.45778E-01
4.16000E+01 -3.48000E-01 -1.30096E-06 -3.47757E-01
4.16667E+01 -3.50000E-01 -1.32138E-06 -3.49735E-01
4.17333E+01 -3.52000E-01 -1.30096E-06 -3.51867E-01
4.18000E+01 -3.54000E-01 -1.29159E-06 -3.53845E-01
4.18667E+01 -3.56000E-01 -1.31800E-06 -3.55824E-01
4.19333E+01 -3.58000E-01 -1.28637E-06 -3.57803E-01
4.20000E+01 -3.60000E-01 -1.29282E-06 -3.59782E-01
4.20667E+01 -3.62000E-01 -1.30848E-06 -3.61761E-01
4.21333E+01 -3.64000E-01 -1.28529E-06 -3.63740E-01
4.22000E+01 -3.66000E-01 -1.28867E-06 -3.65719E-01
4.22667E+01 -3.68000E-01 -1.30157E-06 -3.67850E-01
4.23333E+01 -3.70000E-01 -1.28099E-06 -3.69829E-01
4.24000E+01 -3.72000E-01 -1.28637E-06 -3.71807E-01
4.24667E+01 -3.74000E-01 -1.29389E-06 -3.73786E-01
4.25333E+01 -3.76000E-01 -1.27592E-06 -3.75765E-01
4.26000E+01 -3.78000E-01 -1.28375E-06 -3.77744E-01
4.26667E+01 -3.80000E-01 -1.28913E-06 -3.79723E-01
4.27333E+01 -3.82000E-01 -1.27500E-06 -3.81702E-01
4.28000E+01 -3.84000E-01 -1.28437E-06 -3.83833E-01
4.28667E+01 -3.86000E-01 -1.28329E-06 -3.85812E-01
4.29333E+01 -3.88000E-01 -1.26993E-06 -3.87791E-01
4.30000E+01 -3.90000E-01 -1.27930E-06 -3.89770E-01
4.30667E+01 -3.92000E-01 -1.27792E-06 -3.91901E-01
4.31333E+01 -3.94000E-01 -1.26517E-06 -3.93879E-01
4.32000E+01 -3.96000E-01 -1.27408E-06 -3.95858E-01
4.32667E+01 -3.98000E-01 -1.27393E-06 -3.97837E-01
4.33333E+01 -4.00000E-01 -1.26195E-06 -3.99816E-01
4.34000E+01 -4.02000E-01 -1.27224E-06 -4.01795E-01
4.34667E+01 -4.04000E-01 -1.27316E-06 -4.03926E-01
4.35333E+01 -4.06000E-01 -1.26056E-06 -4.05905E-01
4.36000E+01 -4.08000E-01 -1.26855E-06 -4.07732E-01
4.36667E+01 -4.10000E-01 -1.27131E-06 -4.09710E-01
4.37333E+01 -4.12000E-01 -1.25826E-06 -4.11689E-01
4.38000E+01 -4.14000E-01 -1.26348E-06 -4.13820E-01
4.38667E+01 -4.16000E-01 -1.26809E-06 -4.15799E-01
4.39333E+01 -4.18000E-01 -1.25550E-06 -4.17778E-01
4.40000E+01 -4.20000E-01 -1.26364E-06 -4.19757E-01
4.40667E+01 -4.22000E-01 -1.26271E-06 -4.21736E-01
4.41333E+01 -4.24000E-01 -1.25381E-06 -4.23867E-01
4.42000E+01 -4.26000E-01 -1.25995E-06 -4.25846E-01
4.42667E+01 -4.28000E-01 -1.26425E-06 -4.27825E-01
4.43333E+01 -4.30000E-01 -1.25181E-06 -4.29804E-01
4.44000E+01 -4.32000E-01 -1.25872E-06 -4.31935E-01
4.44667E+01 -4.34000E-01 -1.26102E-06 -4.33914E-01
4.45333E+01 -4.36000E-01 -1.24812E-06 -4.35892E-01
4.46000E+01 -4.38000E-01 -1.25596E-06 -4.37871E-01
4.46667E+01 -4.40000E-01 -1.25826E-06 -4.39850E-01
4.47333E+01 -4.42000E-01 -1.24091E-06 -4.41829E-01
4.48000E+01 -4.44000E-01 -1.25473E-06 -4.43808E-01
4.48667E+01 -4.46000E-01 -1.25488E-06 -4.45939E-01
4.49333E+01 -4.48000E-01 -1.24521E-06 -4.47766E-01
4.50000E+01 -4.50000E-01 -1.25027E-06 -4.49745E-01
4.50667E+01 -4.52000E-01 -1.25887E-06 -4.51876E-01
4.51333E+01 -4.54000E-01 -1.24536E-06 -4.53855E-01
4.52000E+01 -4.56000E-01 -1.24981E-06 -4.55833E-01
4.52667E+01 -4.58000E-01 -1.25396E-06 -4.57812E-01
4.53333E+01 -4.60000E-01 -1.24536E-06 -4.59791E-01
4.54000E+01 -4.62000E-01 -1.24935E-06 -4.61922E-01
4.54667E+01 -4.64000E-01 -1.25073E-06 -4.63901E-01
4.55333E+01 -4.66000E-01 -1.24951E-06 -4.65880E-01
4.56000E+01 -4.68000E-01 -1.24797E-06 -4.67859E-01
4.56667E+01 -4.70000E-01 -1.25120E-06 -4.69838E-01
4.57333E+01 -4.72000E-01 -1.25442E-06 -4.71969E-01
4.58000E+01 -4.74000E-01 -1.24935E-06 -4.73948E-01
4.58667E+01 -4.76000E-01 -1.25089E-06 -4.75927E-01
4.59333E+01 -4.78000E-01 -1.25795E-06 -4.77905E-01
4.60000E+01 -4.80000E-01 -1.24736E-06 -4.79884E-01
4.60667E+01 -4.82000E-01 -1.24505E-06 -4.81863E-01
4.61333E+01 -4.84000E-01 -1.26563E-06 -4.83994E-01
4.62000E+01 -4.86000E-01 -1.24521E-06 -4.85669E-01
4.62667E+01 -4.88000E-01 -1.24628E-06 -4.87648E-01
4.63333E+01 -4.90000E-01 -1.27193E-06 -4.89626E-01
4.64000E+01 -4.92000E-01 -1.24736E-06 -4.91758E-01
4.64667E+01 -4.94000E-01 -1.24444E-06 -4.93736E-01
4.65333E+01 -4.96000E-01 -1.27131E-06 -4.95563E-01
4.66000E+01 -4.98000E-01 -1.24690E-06 -4.97542E-01
4.66667E+01 -5.00000E-01 -1.24659E-06 -4.99673E-01
4.67333E+01 -5.02000E-01 -1.26609E-06 -5.01652E-01
4.68000E+01 -5.04000E-01 -1.24260E-06 -5.03631E-01
4.68667E+01 -5.06000E-01 -1.24505E-06 -5.05762E-01
4.69333E+01 -5.08000E-01 -1.26486E-06 -5.07741E-01
4.70000E+01 -5.10000E-01 -1.24536E-06 -5.09720E-01
4.70667E+01 -5.12000E-01 -1.24490E-06 -5.11851E-01
4.71333E+01 -5.14000E-01 -1.25934E-06 -5.13830E-01
4.72000E+01 -5.16000E-01 -1.24444E-06 -5.15656E-01
4.72667E+01 -5.18000E-01 -1.24459E-06 -5.17787E-01
4.73333E+01 -5.20000E-01 -1.25473E-06 -5.19766E-01
4.74000E+01 -5.22000E-01 -1.24597E-06 -5.21745E-01
4.74667E+01 -5.24000E-01 -1.24613E-06 -5.23724E-01
4.75333E+01 -5.26000E-01 -1.25073E-06 -5.25703E-01
4.76000E+01 -5.28000E-01 -1.24597E-06 -5.27682E-01
4.76667E+01 -5.30000E-01 -1.24751E-06 -5.29813E-01
4.77333E+01 -5.32000E-01 -1.25166E-06 -5.31792E-01
4.78000E+01 -5.34000E-01 -1.24567E-06 -5.33771E-01
4.78667E+01 -5.36000E-01 -1.25089E-06 -5.35749E-01
4.79333E+01 -5.38000E-01 -1.25227E-06 -5.37728E-01
4.80000E+01 -5.40000E-01 -1.23983E-06 -5.39707E-01
4.80667E+01 -5.42000E-01 -1.25304E-06 -5.41838E-01
4.81333E+01 -5.44000E-01 -1.25196E-06 -5.43817E-01
4.82000E+01 -5.46000E-01 -1.24797E-06 -5.45796E-01
4.82667E+01 -5.48000E-01 -1.25350E-06 -5.47775E-01
4.83333E+01 -5.50000E-01 -1.25365E-06 -5.49906E-01
4.84000E+01 -5.52000E-01 -1.25027E-06 -5.51885E-01
4.84667E+01 -5.54000E-01 -1.27807E-06 -5.53712E-01
4.85333E+01 -5.56000E-01 -1.24060E-06 -5.55843E-01
4.86000E+01 -5.58000E-01 -1.24981E-06 -5.57821E-01
4.86667E+01 -5.60000E-01 -1.25872E-06 -5.59800E-01
4.87333E+01 -5.62000E-01 -1.25903E-06 -5.61931E-01
4.88000E+01 -5.64000E-01 -1.25826E-06 -5.63758E-01
4.88667E+01 -5.66000E-01 -1.27316E-06 -5.65737E-01
4.89333E+01 -5.68000E-01 -1.25934E-06 -5.67716E-01
4.90000E+01 -5.70000E-01 -1.25780E-06 -5.69847E-01
4.90667E+01 -5.72000E-01 -1.26886E-06 -5.71826E-01
4.91333E+01 -5.74000E-01 -1.26348E-06 -5.73652E-01
4.92000E+01 -5.76000E-01 -1.25749E-06 -5.75784E-01
4.92667E+01 -5.78000E-01 -1.27178E-06 -5.77762E-01
4.93333E+01 -5.80000E-01 -1.26932E-06 -5.79741E-01
4.94000E+01 -5.82000E-01 -1.25980E-06 -5.81720E-01
4.94667E+01 -5.84000E-01 -1.27684E-06 -5.83851E-01
4.95333E+01 -5.86000E-01 -1.27300E-06 -5.85830E-01
4.96000E+01 -5.88000E-01 -1.26717E-06 -5.87809E-01
4.96667E+01 -5.90000E-01 -1.28038E-06 -5.89788E-01
4.97333E+01 -5.92000E-01 -1.28084E-06 -5.91919E-01
4.98000E+01 -5.94000E-01 -1.26809E-06 -5.93746E-01
4.98667E+01 -5.96000E-01 -1.28575E-06 -5.95724E-01
4.99333E+01 -5.98000E-01 -1.28329E-06 -5.97856E-01
5.00000E+01 -6.00000E-01 -1.27531E-06 -5.99834E-01
5.00667E+01 -6.02000E-01 -1.28913E-06 -6.01813E-01
5.01333E+01 -6.04000E-01 -1.28990E-06 -6.03792E-01
5.02000E+01 -6.06000E-01 -1.28790E-06 -6.05771E-01
5.02667E+01 -6.08000E-01 -1.29650E-06 -6.07902E-01
5.03333E+01 -6.10000E-01 -1.29619E-06 -6.09881E-01
5.04000E+01 -6.12000E-01 -1.30003E-06 -6.11860E-01
5.04667E+01 -6.14000E-01 -1.30387E-06 -6.13687E-01
5.05333E+01 -6.16000E-01 -1.30188E-06 -6.15818E-01
5.06000E+01 -6.18000E-01 -1.30817E-06 -6.17797E-01
5.06667E+01 -6.20000E-01 -1.30925E-06 -6.19775E-01
5.07333E+01 -6.22000E-01 -1.30956E-06 -6.21906E-01
5.08000E+01 -6.24000E-01 -1.32169E-06 -6.23885E-01
5.08667E+01 -6.26000E-01 -1.31109E-06 -6.25864E-01
5.09333E+01 -6.28000E-01 -1.31647E-06 -6.27843E-01
5.10000E+01 -6.30000E-01 -1.33613E-06 -6.29974E-01
5.10667E+01 -6.32000E-01 -1.32307E-06 -6.31801E-01
5.11333E+01 -6.34000E-01 -1.32445E-06 -6.33780E-01
5.12000E+01 -6.36000E-01 -1.34626E-06 -6.35911E-01
5.12667E+01 -6.38000E-01 -1.33029E-06 -6.37890E-01
5.13333E+01 -6.40000E-01 -1.33305E-06 -6.39869E-01
5.14000E+01 -6.42000E-01 -1.35532E-06 -6.41695E-01
5.14667E+01 -6.44000E-01 -1.33628E-06 -6.43674E-01
5.15333E+01 -6.46000E-01 -1.34012E-06 -6.45653E-01
5.16000E+01 -6.48000E-01 -1.36423E-06 -6.47632E-01
5.16667E+01 -6.50000E-01 -1.34196E-06 -6.49763E-01
5.17333E+01 -6.52000E-01 -1.35363E-06 -6.51590E-01
5.18000E+01 -6.54000E-01 -1.36776E-06 -6.53568E-01
5.18667E+01 -6.56000E-01 -1.35118E-06 -6.55547E-01
5.19333E+01 -6.58000E-01 -1.36147E-06 -6.57678E-01
5.20000E+01 -6.60000E-01 -1.37237E-06 -6.59657E-01
5.20667E+01 -6.62000E-01 -1.36008E-06 -6.61636E-01
5.21333E+01 -6.64000E-01 -1.37114E-06 -6.63615E-01
5.22000E+01 -6.66000E-01 -1.37744E-06 -6.65746E-01
5.22667E+01 -6.68000E-01 -1.37252E-06 -6.67725E-01
5.23333E+01 -6.70000E-01 -1.37944E-06 -6.69704E-01
5.24000E+01 -6.72000E-01 -1.38589E-06 -6.71683E-01
5.24667E+01 -6.74000E-01 -1.38066E-06 -6.73662E-01
5.25333E+01 -6.76000E-01 -1.39418E-06 -6.75640E-01
5.26000E+01 -6.78000E-01 -1.39525E-06 -6.77619E-01
5.26667E+01 -6.80000E-01 -1.39356E-06 -6.79750E-01
5.27333E+01 -6.82000E-01 -1.40585E-06 -6.81729E-01
5.28000E+01 -6.84000E-01 -1.40739E-06 -6.83708E-01
5.28667E+01 -6.86000E-01 -1.40370E-06 -6.85687E-01
5.29333E+01 -6.88000E-01 -1.41921E-06 -6.87666E-01
5.30000E+01 -6.90000E-01 -1.42013E-06 -6.89645E-01
5.30667E+01 -6.92000E-01 -1.43303E-06 -6.91624E-01
5.31333E+01 -6.94000E-01 -1.43303E-06 -6.93755E-01
5.32000E+01 -6.96000E-01 -1.43718E-06 -6.95734E-01
5.32667E+01 -6.98000E-01 -1.43411E-06 -6.97713E-01
