time/s      E/V        I/A
0.00000E+00 -7.00000E-01 -1.45239E-06 -6.99691E-01
6.66667E-02 -6.98000E-01 -9.17926E-07 -6.97865E-01
1.33333E-01 -6.96000E-01 -7.53135E-07 -6.95734E-01
2.00000E-01 -6.94000E-01 -6.98460E-07 -6.93755E-01
2.66667E-01 -6.92000E-01 -6.33495E-07 -6.91776E-01
3.33333E-01 -6.90000E-01 -5.67763E-07 -6.89797E-01
4.00000E-01 -6.88000E-01 -5.47490E-07 -6.87818E-01
4.66667E-01 -6.86000E-01 -5.07252E-07 -6.85839E-01
5.33333E-01 -6.84000E-01 -4.60103E-07 -6.83708E-01
6.00000E-01 -6.82000E-01 -4.53038E-07 -6.81729E-01
6.66667E-01 -6.80000E-01 -4.25548E-07 -6.79750E-01
7.33333E-01 -6.78000E-01 -3.83467E-07 -6.77772E-01
8.00000E-01 -6.76000E-01 -3.87152E-07 -6.75793E-01
8.66667E-01 -6.74000E-01 -3.64576E-07 -6.73814E-01
9.33333E-01 -6.72000E-01 -3.26795E-07 -6.71683E-01
1.00000E+00 -6.70000E-01 -3.34474E-07 -6.69856E-01
1.06667E+00 -6.68000E-01 -3.15891E-07 -6.67877E-01
1.13333E+00 -6.66000E-01 -2.82718E-07 -6.65746E-01
1.20000E+00 -6.64000E-01 -2.92854E-07 -6.63767E-01
1.26667E+00 -6.62000E-01 -2.72889E-07 -6.61788E-01
1.33333E+00 -6.60000E-01 -2.47701E-07 -6.59810E-01
1.40000E+00 -6.58000E-01 -2.53230E-07 -6.57678E-01
1.46667E+00 -6.56000E-01 -2.41251E-07 -6.55700E-01
1.53333E+00 -6.54000E-01 -2.18828E-07 -6.53721E-01
1.60000E+00 -6.52000E-01 -2.25586E-07 -6.51742E-01
1.66667E+00 -6.50000E-01 -2.11917E-07 -6.49763E-01
1.73333E+00 -6.48000E-01 -1.95331E-07 -6.47784E-01
1.80000E+00 -6.46000E-01 -1.95945E-07 -6.45653E-01
1.86667E+00 -6.44000E-01 -1.86269E-07 -6.43674E-01
1.93333E+00 -6.42000E-01 -1.79512E-07 -6.41847E-01
2.00000E+00 -6.40000E-01 -1.72447E-07 -6.40021E-01
2.06667E+00 -6.38000E-01 -1.64922E-07 -6.38042E-01
2.13333E+00 -6.36000E-01 -1.84887E-07 -6.35911E-01
2.20000E+00 -6.34000E-01 -1.30673E-07 -6.33932E-01
2.26667E+00 -6.32000E-01 -1.47874E-07 -6.31953E-01
2.33333E+00 -6.30000E-01 -1.51714E-07 -6.29974E-01
2.40000E+00 -6.28000E-01 -1.34973E-07 -6.27995E-01
2.46667E+00 -6.26000E-01 -1.00879E-07 -6.26016E-01
2.53333E+00 -6.24000E-01 -1.13933E-07 -6.23885E-01
2.60000E+00 -6.22000E-01 -1.19769E-07 -6.21906E-01
2.66667E+00 -6.20000E-01 -1.12397E-07 -6.19928E-01
2.73333E+00 -6.18000E-01 -1.31441E-07 -6.17949E-01
2.80000E+00 -6.16000E-01 -9.79606E-08 -6.15818E-01
2.86667E+00 -6.14000E-01 -9.84213E-08 -6.13839E-01
2.93333E+00 -6.12000E-01 -1.17465E-07 -6.11860E-01
3.00000E+00 -6.10000E-01 -8.47527E-08 -6.09881E-01
3.06667E+00 -6.08000E-01 -8.47527E-08 -6.07902E-01
3.13333E+00 -6.06000E-01 -9.94964E-08 -6.05923E-01
3.20000E+00 -6.04000E-01 -7.01625E-08 -6.03944E-01
3.26667E+00 -6.02000E-01 -6.89339E-08 -6.01966E-01
3.33333E+00 -6.00000E-01 -8.42919E-08 -5.99987E-01
3.40000E+00 -5.98000E-01 -5.35759E-08 -5.97856E-01
3.46667E+00 -5.96000E-01 -5.91048E-08 -5.95877E-01
3.53333E+00 -5.94000E-01 -6.81660E-08 -5.93898E-01
3.60000E+00 -5.92000E-01 -4.57433E-08 -5.91919E-01
3.66667E+00 -5.90000E-01 -4.62040E-08 -5.89940E-01
3.73333E+00 -5.88000E-01 -5.23472E-08 -5.87961E-01
3.80000E+00 -5.86000E-01 -3.43783E-08 -5.85830E-01
3.86667E+00 -5.84000E-01 -3.59141E-08 -5.83851E-01
3.93333E+00 -5.82000E-01 -3.76035E-08 -5.81872E-01
4.00000E+00 -5.80000E-01 -2.65457E-08 -5.79894E-01
4.06667E+00 -5.78000E-01 -2.66993E-08 -5.77762E-01
4.13333E+00 -5.76000E-01 -2.43956E-08 -5.75784E-01
4.20000E+00 -5.74000E-01 -9.19114E-09 -5.73805E-01
4.26667E+00 -5.72000E-01 -1.97882E-08 -5.71826E-01
4.33333E+00 -5.70000E-01 -1.31842E-08 -5.69847E-01
4.40000E+00 -5.68000E-01 2.17381E-09  -5.67868E-01
4.46667E+00 -5.66000E-01 -7.80891E-09 -5.65737E-01
4.53333E+00 -5.64000E-01 -4.89089E-09 -5.63910E-01
4.60000E+00 -5.62000E-01 1.03136E-08  -5.61931E-01
4.66667E+00 -5.60000E-01 1.25233E-09  -5.59953E-01
4.73333E+00 -5.58000E-01 4.78468E-09  -5.57821E-01
4.80000E+00 -5.56000E-01 2.16785E-08  -5.55843E-01
4.86667E+00 -5.54000E-01 8.77777E-09  -5.53864E-01
4.93333E+00 -5.52000E-01 1.16958E-08  -5.51885E-01
5.00000E+00 -5.50000E-01 3.19684E-08  -5.49906E-01
5.06667E+00 -5.48000E-01 1.64568E-08  -5.47927E-01
5.13333E+00 -5.46000E-01 1.82998E-08  -5.45948E-01
5.20000E+00 -5.44000E-01 4.02617E-08  -5.43817E-01
5.26667E+00 -5.42000E-01 2.45965E-08  -5.41838E-01
5.33333E+00 -5.40000E-01 2.56716E-08  -5.39859E-01
5.40000E+00 -5.38000E-01 4.84015E-08  -5.37881E-01
5.46667E+00 -5.36000E-01 3.48864E-08  -5.35749E-01
5.53333E+00 -5.34000E-01 3.58079E-08  -5.33923E-01
5.60000E+00 -5.32000E-01 5.66948E-08  -5.31944E-01
5.66667E+00 -5.30000E-01 4.10296E-08  -5.29813E-01
5.73333E+00 -5.28000E-01 4.25655E-08  -5.27834E-01
5.80000E+00 -5.26000E-01 6.68312E-08  -5.25855E-01
5.86667E+00 -5.24000E-01 4.64050E-08  -5.23876E-01
5.93333E+00 -5.22000E-01 4.93230E-08  -5.21897E-01
6.00000E+00 -5.20000E-01 7.14386E-08  -5.19918E-01
6.06667E+00 -5.18000E-01 5.46983E-08  -5.17787E-01
6.13333E+00 -5.16000E-01 5.56198E-08  -5.15808E-01
6.20000E+00 -5.14000E-01 7.69675E-08  -5.13830E-01
6.26667E+00 -5.12000E-01 6.39131E-08  -5.11851E-01
6.33333E+00 -5.10000E-01 6.54489E-08  -5.09872E-01
6.40000E+00 -5.08000E-01 7.49709E-08  -5.07893E-01
6.46667E+00 -5.06000E-01 7.31279E-08  -5.05762E-01
6.53333E+00 -5.04000E-01 7.37423E-08  -5.03783E-01
6.60000E+00 -5.02000E-01 8.32643E-08  -5.01804E-01
6.66667E+00 -5.00000E-01 7.69675E-08  -4.99825E-01
6.73333E+00 -4.98000E-01 7.80425E-08  -4.97694E-01
6.80000E+00 -4.96000E-01 8.08070E-08  -4.95715E-01
6.86667E+00 -4.94000E-01 8.61823E-08  -4.93736E-01
6.93333E+00 -4.92000E-01 8.46465E-08  -4.91758E-01
7.00000E+00 -4.90000E-01 8.38786E-08  -4.89779E-01
7.06667E+00 -4.88000E-01 9.46292E-08  -4.87800E-01
7.13333E+00 -4.86000E-01 9.57043E-08  -4.85669E-01
7.20000E+00 -4.84000E-01 8.04998E-08  -4.83994E-01
7.26667E+00 -4.82000E-01 1.04919E-07  -4.82015E-01
7.33333E+00 -4.80000E-01 1.02308E-07  -4.80037E-01
7.40000E+00 -4.78000E-01 8.18820E-08  -4.77905E-01
7.46667E+00 -4.76000E-01 1.10294E-07  -4.75927E-01
7.53333E+00 -4.74000E-01 1.08298E-07  -4.73948E-01
7.60000E+00 -4.72000E-01 8.84860E-08  -4.71969E-01
7.66667E+00 -4.70000E-01 1.24117E-07  -4.69990E-01
7.73333E+00 -4.68000E-01 1.15670E-07  -4.68011E-01
7.80000E+00 -4.66000E-01 9.46292E-08  -4.65880E-01
7.86667E+00 -4.64000E-01 1.32564E-07  -4.63901E-01
7.93333E+00 -4.62000E-01 1.25806E-07  -4.61922E-01
8.00000E+00 -4.60000E-01 1.03383E-07  -4.59943E-01
8.06667E+00 -4.58000E-01 1.38092E-07  -4.57812E-01
8.13333E+00 -4.56000E-01 1.31796E-07  -4.55986E-01
8.20000E+00 -4.54000E-01 1.16284E-07  -4.54007E-01
8.26667E+00 -4.52000E-01 1.44236E-07  -4.52028E-01
8.33333E+00 -4.50000E-01 1.38860E-07  -4.49897E-01
8.40000E+00 -4.48000E-01 1.29031E-07  -4.47918E-01
8.46667E+00 -4.46000E-01 1.53604E-07  -4.45939E-01
8.53333E+00 -4.44000E-01 1.46232E-07  -4.43960E-01
8.60000E+00 -4.42000E-01 1.42086E-07  -4.41981E-01
8.66667E+00 -4.40000E-01 1.63280E-07  -4.39850E-01
8.73333E+00 -4.38000E-01 1.57290E-07  -4.37871E-01
8.80000E+00 -4.36000E-01 1.53911E-07  -4.35892E-01
8.86667E+00 -4.34000E-01 1.73262E-07  -4.33914E-01
8.93333E+00 -4.32000E-01 1.61744E-07  -4.31935E-01
9.00000E+00 -4.30000E-01 1.66198E-07  -4.29956E-01
9.06667E+00 -4.28000E-01 1.73877E-07  -4.27977E-01
9.13333E+00 -4.26000E-01 1.72187E-07  -4.25846E-01
9.20000E+00 -4.24000E-01 1.76027E-07  -4.23867E-01
9.26667E+00 -4.22000E-01 1.93689E-07  -4.21888E-01
9.33333E+00 -4.20000E-01 1.78638E-07  -4.19909E-01
9.40000E+00 -4.18000E-01 1.85549E-07  -4.17778E-01
9.46667E+00 -4.16000E-01 2.00446E-07  -4.15799E-01
9.53333E+00 -4.14000E-01 1.89695E-07  -4.13820E-01
9.60000E+00 -4.12000E-01 1.91538E-07  -4.11842E-01
9.66667E+00 -4.10000E-01 2.11350E-07  -4.09863E-01
9.73333E+00 -4.08000E-01 1.98296E-07  -4.07884E-01
9.80000E+00 -4.06000E-01 2.01060E-07  -4.05905E-01
9.86667E+00 -4.04000E-01 2.19336E-07  -4.03926E-01
9.93333E+00 -4.02000E-01 2.08125E-07  -4.01947E-01
1.00000E+01 -4.00000E-01 2.10122E-07  -3.99816E-01
1.00667E+01 -3.98000E-01 2.34234E-07  -3.97837E-01
1.01333E+01 -3.96000E-01 2.17494E-07  -3.96011E-01
1.02000E+01 -3.94000E-01 2.20104E-07  -3.93879E-01
1.02667E+01 -3.92000E-01 2.41452E-07  -3.91901E-01
1.03333E+01 -3.90000E-01 2.26094E-07  -3.89922E-01
1.04000E+01 -3.88000E-01 2.27630E-07  -3.87943E-01
1.04667E+01 -3.86000E-01 2.47595E-07  -3.85964E-01
1.05333E+01 -3.84000E-01 2.35616E-07  -3.83833E-01
1.06000E+01 -3.82000E-01 2.36384E-07  -3.81854E-01
1.06667E+01 -3.80000E-01 2.56196E-07  -3.79875E-01
1.07333E+01 -3.78000E-01 2.45445E-07  -3.77896E-01
1.08000E+01 -3.76000E-01 2.47902E-07  -3.75917E-01
1.08667E+01 -3.74000E-01 2.66946E-07  -3.73939E-01
1.09333E+01 -3.72000E-01 2.55735E-07  -3.71807E-01
1.10000E+01 -3.70000E-01 2.56657E-07  -3.69829E-01
1.10667E+01 -3.68000E-01 2.77851E-07  -3.67850E-01
1.11333E+01 -3.66000E-01 2.65564E-07  -3.65871E-01
1.12000E+01 -3.64000E-01 2.63414E-07  -3.63892E-01
1.12667E+01 -3.62000E-01 2.80461E-07  -3.61761E-01
1.13333E+01 -3.60000E-01 2.75854E-07  -3.59782E-01
1.14000E+01 -3.58000E-01 2.74933E-07  -3.57955E-01
1.14667E+01 -3.56000E-01 2.82612E-07  -3.55976E-01
1.15333E+01 -3.54000E-01 2.83994E-07  -3.53845E-01
1.16000E+01 -3.52000E-01 2.86451E-07  -3.51867E-01
1.16667E+01 -3.50000E-01 2.86758E-07  -3.49888E-01
1.17333E+01 -3.48000E-01 2.96434E-07  -3.47757E-01
1.18000E+01 -3.46000E-01 2.94437E-07  -3.45778E-01
1.18667E+01 -3.44000E-01 2.89369E-07  -3.43799E-01
1.19333E+01 -3.42000E-01 3.08874E-07  -3.41820E-01
1.20000E+01 -3.40000E-01 3.07952E-07  -3.39689E-01
1.20667E+01 -3.38000E-01 2.91826E-07  -3.37862E-01
1.21333E+01 -3.36000E-01 3.19010E-07  -3.35883E-01
1.22000E+01 -3.34000E-01 3.18396E-07  -3.33752E-01
1.22667E+01 -3.32000E-01 2.99966E-07  -3.31773E-01
1.23333E+01 -3.30000E-01 3.33140E-07  -3.29794E-01
1.24000E+01 -3.28000E-01 3.30682E-07  -3.27816E-01
1.24667E+01 -3.26000E-01 3.06109E-07  -3.25837E-01
1.25333E+01 -3.24000E-01 3.43890E-07  -3.23858E-01
1.26000E+01 -3.22000E-01 3.43429E-07  -3.21727E-01
1.26667E+01 -3.20000E-01 3.15631E-07  -3.19748E-01
1.27333E+01 -3.18000E-01 3.56484E-07  -3.17921E-01
1.28000E+01 -3.16000E-01 3.53259E-07  -3.15942E-01
1.28667E+01 -3.14000E-01 3.33907E-07  -3.13811E-01
1.29333E+01 -3.12000E-01 3.71535E-07  -3.11832E-01
1.30000E+01 -3.10000E-01 3.67849E-07  -3.09854E-01
1.30667E+01 -3.08000E-01 3.50033E-07  -3.07722E-01
1.31333E+01 -3.06000E-01 3.85971E-07  -3.05744E-01
1.32000E+01 -3.04000E-01 3.82592E-07  -3.03765E-01
1.32667E+01 -3.02000E-01 3.69077E-07  -3.01786E-01
1.33333E+01 -3.00000E-01 3.97643E-07  -2.99807E-01
1.34000E+01 -2.98000E-01 3.96722E-07  -2.97828E-01
1.34667E+01 -2.96000E-01 3.86278E-07  -2.95849E-01
1.35333E+01 -2.94000E-01 4.12387E-07  -2.93718E-01
1.36000E+01 -2.92000E-01 4.08087E-07  -2.91739E-01
1.36667E+01 -2.90000E-01 4.04862E-07  -2.89760E-01
1.37333E+01 -2.88000E-01 4.29742E-07  -2.87781E-01
1.38000E+01 -2.86000E-01 4.23445E-07  -2.85803E-01
1.38667E+01 -2.84000E-01 4.24059E-07  -2.83824E-01
1.39333E+01 -2.82000E-01 4.43103E-07  -2.81693E-01
1.40000E+01 -2.80000E-01 4.40339E-07  -2.79866E-01
1.40667E+01 -2.78000E-01 4.43103E-07  -2.77735E-01
1.41333E+01 -2.76000E-01 4.54929E-07  -2.75756E-01
1.42000E+01 -2.74000E-01 4.56004E-07  -2.73777E-01
1.42667E+01 -2.72000E-01 4.56772E-07  -2.71798E-01
1.43333E+01 -2.70000E-01 4.78580E-07  -2.69819E-01
1.44000E+01 -2.68000E-01 4.68751E-07  -2.67688E-01
1.44667E+01 -2.66000E-01 4.73666E-07  -2.65709E-01
1.45333E+01 -2.64000E-01 4.95320E-07  -2.63731E-01
1.46000E+01 -2.62000E-01 4.91481E-07  -2.61752E-01
1.46667E+01 -2.60000E-01 4.92095E-07  -2.59773E-01
1.47333E+01 -2.58000E-01 5.13596E-07  -2.57794E-01
1.48000E+01 -2.56000E-01 5.05457E-07  -2.55815E-01
1.48667E+01 -2.54000E-01 5.05457E-07  -2.53684E-01
1.49333E+01 -2.52000E-01 5.31565E-07  -2.51705E-01
1.50000E+01 -2.50000E-01 5.21890E-07  -2.49878E-01
1.50667E+01 -2.48000E-01 5.26651E-07  -2.47747E-01
1.51333E+01 -2.46000E-01 5.50763E-07  -2.45769E-01
1.52000E+01 -2.44000E-01 5.38323E-07  -2.43790E-01
1.52667E+01 -2.42000E-01 5.45388E-07  -2.41811E-01
1.53333E+01 -2.40000E-01 5.66582E-07  -2.39832E-01
1.54000E+01 -2.38000E-01 5.59363E-07  -2.37853E-01
1.54667E+01 -2.36000E-01 5.62896E-07  -2.35722E-01
1.55333E+01 -2.34000E-01 5.86547E-07  -2.33743E-01
1.56000E+01 -2.32000E-01 5.77947E-07  -2.31764E-01
1.56667E+01 -2.30000E-01 5.83015E-07  -2.29785E-01
1.57333E+01 -2.28000E-01 6.03595E-07  -2.27654E-01
1.58000E+01 -2.26000E-01 5.96069E-07  -2.25675E-01
1.58667E+01 -2.24000E-01 6.01905E-07  -2.23696E-01
1.59333E+01 -2.22000E-01 6.17263E-07  -2.21718E-01
1.60000E+01 -2.20000E-01 6.13731E-07  -2.19739E-01
1.60667E+01 -2.18000E-01 6.21410E-07  -2.17760E-01
1.61333E+01 -2.16000E-01 6.32314E-07  -2.15781E-01
1.62000E+01 -2.14000E-01 6.35232E-07  -2.13650E-01
1.62667E+01 -2.12000E-01 6.41683E-07  -2.11671E-01
1.63333E+01 -2.10000E-01 6.45368E-07  -2.09692E-01
1.64000E+01 -2.08000E-01 6.56580E-07  -2.07713E-01
1.64667E+01 -2.06000E-01 6.57501E-07  -2.05734E-01
1.65333E+01 -2.04000E-01 6.56273E-07  -2.03603E-01
1.66000E+01 -2.02000E-01 6.77467E-07  -2.01777E-01
1.66667E+01 -2.00000E-01 6.84685E-07  -1.99798E-01
1.67333E+01 -1.98000E-01 6.73166E-07  -1.97667E-01
1.68000E+01 -1.96000E-01 6.96664E-07  -1.95688E-01
1.68667E+01 -1.94000E-01 7.07415E-07  -1.93709E-01
1.69333E+01 -1.92000E-01 6.89753E-07  -1.91730E-01
1.70000E+01 -1.90000E-01 7.21698E-07  -1.89599E-01
1.70667E+01 -1.88000E-01 7.27841E-07  -1.87620E-01
1.71333E+01 -1.86000E-01 7.06954E-07  -1.85641E-01
1.72000E+01 -1.84000E-01 7.49189E-07  -1.83662E-01
1.72667E+01 -1.82000E-01 7.52875E-07  -1.81683E-01
1.73333E+01 -1.80000E-01 7.27227E-07  -1.79705E-01
1.74000E+01 -1.78000E-01 7.74837E-07  -1.77574E-01
1.74667E+01 -1.76000E-01 7.79751E-07  -1.75595E-01
1.75333E+01 -1.74000E-01 7.58557E-07  -1.73768E-01
1.76000E+01 -1.72000E-01 8.00792E-07  -1.71941E-01
1.76667E+01 -1.70000E-01 8.09853E-07  -1.69810E-01
1.77333E+01 -1.68000E-01 7.86355E-07  -1.67831E-01
1.78000E+01 -1.66000E-01 8.31969E-07  -1.65853E-01
1.78667E+01 -1.64000E-01 8.38112E-07  -1.63874E-01
1.79333E+01 -1.62000E-01 8.22139E-07  -1.61895E-01
1.80000E+01 -1.60000E-01 8.63760E-07  -1.59916E-01
1.80667E+01 -1.58000E-01 8.63145E-07  -1.57937E-01
1.81333E+01 -1.56000E-01 8.56081E-07  -1.55806E-01
1.82000E+01 -1.54000E-01 8.95090E-07  -1.53827E-01
1.82667E+01 -1.52000E-01 8.96012E-07  -1.51848E-01
1.83333E+01 -1.50000E-01 8.91558E-07  -1.49869E-01
1.84000E+01 -1.48000E-01 9.19356E-07  -1.47738E-01
1.84667E+01 -1.46000E-01 9.26728E-07  -1.45759E-01
1.85333E+01 -1.44000E-01 9.24578E-07  -1.43780E-01
1.86000E+01 -1.42000E-01 9.48383E-07  -1.41802E-01
1.86667E+01 -1.40000E-01 9.49765E-07  -1.39823E-01
1.87333E+01 -1.38000E-01 9.53604E-07  -1.37692E-01
1.88000E+01 -1.36000E-01 9.69730E-07  -1.35713E-01
1.88667E+01 -1.34000E-01 9.71112E-07  -1.33734E-01
1.89333E+01 -1.32000E-01 9.73263E-07  -1.31755E-01
1.90000E+01 -1.30000E-01 9.89542E-07  -1.29776E-01
1.90667E+01 -1.28000E-01 9.86010E-07  -1.27797E-01
1.91333E+01 -1.26000E-01 9.89542E-07  -1.25818E-01
1.92000E+01 -1.24000E-01 9.99064E-07  -1.23840E-01
1.92667E+01 -1.22000E-01 1.00029E-06  -1.21861E-01
1.93333E+01 -1.20000E-01 1.00244E-06  -1.19882E-01
1.94000E+01 -1.18000E-01 1.01995E-06  -1.17751E-01
1.94667E+01 -1.16000E-01 1.00413E-06  -1.15772E-01
1.95333E+01 -1.14000E-01 1.00628E-06  -1.13793E-01
1.96000E+01 -1.12000E-01 1.01872E-06  -1.11814E-01
1.96667E+01 -1.10000E-01 1.00490E-06  -1.09683E-01
1.97333E+01 -1.08000E-01 9.98450E-07  -1.07704E-01
1.98000E+01 -1.06000E-01 1.01811E-06  -1.05725E-01
1.98667E+01 -1.04000E-01 9.98603E-07  -1.03746E-01
1.99333E+01 -1.02000E-01 1.00045E-06  -1.01767E-01
2.00000E+01 -1.00000E-01 1.01196E-06  -9.96364E-02
2.00667E+01 -9.80000E-02 9.94610E-07  -9.76575E-02
2.01333E+01 -9.60000E-02 9.93228E-07  -9.56786E-02
2.02000E+01 -9.40000E-02 1.00659E-06  -9.38520E-02
2.02667E+01 -9.20000E-02 9.85549E-07  -9.18731E-02
2.03333E+01 -9.00000E-02 9.83092E-07  -8.97420E-02
2.04000E+01 -8.80000E-02 9.95225E-07  -8.77631E-02
2.04667E+01 -8.60000E-02 9.74338E-07  -8.57843E-02
2.05333E+01 -8.40000E-02 9.72341E-07  -8.38054E-02
2.06000E+01 -8.20000E-02 9.82631E-07  -8.18265E-02
2.06667E+01 -8.00000E-02 9.64969E-07  -7.96954E-02
2.07333E+01 -7.80000E-02 9.66505E-07  -7.77166E-02
2.08000E+01 -7.60000E-02 9.70037E-07  -7.57377E-02
2.08667E+01 -7.40000E-02 9.37939E-07  -7.37588E-02
2.09333E+01 -7.20000E-02 9.66505E-07  -7.17799E-02
2.10000E+01 -7.00000E-02 9.61437E-07  -6.96489E-02
2.10667E+01 -6.80000E-02 9.45311E-07  -6.76700E-02
2.11333E+01 -6.60000E-02 9.50379E-07  -6.58433E-02
2.12000E+01 -6.40000E-02 9.45157E-07  -6.37122E-02
2.12667E+01 -6.20000E-02 9.41011E-07  -6.17334E-02
2.13333E+01 -6.00000E-02 9.43468E-07  -5.97545E-02
2.14000E+01 -5.80000E-02 9.33639E-07  -5.77756E-02
2.14667E+01 -5.60000E-02 9.40550E-07  -5.57967E-02
2.15333E+01 -5.40000E-02 9.43929E-07  -5.36657E-02
2.16000E+01 -5.20000E-02 9.22735E-07  -5.16868E-02
2.16667E+01 -5.00000E-02 9.38707E-07  -4.97079E-02
2.17333E+01 -4.80000E-02 9.41471E-07  -4.77290E-02
2.18000E+01 -4.60000E-02 9.14748E-07  -4.57502E-02
2.18667E+01 -4.40000E-02 9.36250E-07  -4.37713E-02
2.19333E+01 -4.20000E-02 9.39475E-07  -4.17924E-02
2.20000E+01 -4.00000E-02 9.11523E-07  -3.96613E-02
2.20667E+01 -3.80000E-02 9.38707E-07  -3.76825E-02
2.21333E+01 -3.60000E-02 9.40243E-07  -3.57036E-02
2.22000E+01 -3.40000E-02 9.13981E-07  -3.37247E-02
2.22667E+01 -3.20000E-02 9.44389E-07  -3.15936E-02
2.23333E+01 -3.00000E-02 9.44543E-07  -2.96147E-02
2.24000E+01 -2.80000E-02 9.13827E-07  -2.76359E-02
2.24667E+01 -2.60000E-02 9.49918E-07  -2.58092E-02
2.25333E+01 -2.40000E-02 9.48843E-07  -2.36781E-02
2.26000E+01 -2.20000E-02 9.24731E-07  -2.16993E-02
2.26667E+01 -2.00000E-02 9.52683E-07  -1.95682E-02
2.27333E+01 -1.80000E-02 9.54219E-07  -1.77415E-02
2.28000E+01 -1.60000E-02 9.33792E-07  -1.59149E-02
2.28667E+01 -1.40000E-02 9.58365E-07  -1.39360E-02
2.29333E+01 -1.20000E-02 9.58672E-07  -1.19571E-02
2.30000E+01 -1.00000E-02 9.48536E-07  -9.82602E-03
2.30667E+01 -8.00000E-03 9.68655E-07  -7.84714E-03
2.31333E+01 -6.00000E-03 9.65737E-07  -6.02049E-03
2.32000E+01 -4.00000E-03 9.59440E-07  -3.88940E-03
2.32667E+01 -2.00000E-03 9.80788E-07  -1.91053E-03
2.33333E+01 1.45825E-17  9.71266E-07  6.83472E-05 
2.34000E+01 2.00000E-03  9.72955E-07  2.04722E-03 
2.34667E+01 4.00000E-03  9.85549E-07  4.17831E-03 
2.35333E+01 6.00000E-03  9.77716E-07  6.15719E-03 
2.36000E+01 8.00000E-03  9.85549E-07  8.13606E-03 
2.36667E+01 1.00000E-02  9.97989E-07  1.02672E-02 
2.37333E+01 1.20000E-02  9.90464E-07  1.20938E-02 
2.38000E+01 1.40000E-02  9.97528E-07  1.40727E-02 
2.38667E+01 1.60000E-02  1.01028E-06  1.60515E-02 
2.39333E+01 1.80000E-02  9.99986E-07  1.81826E-02 
2.40000E+01 2.00000E-02  1.00813E-06  2.01615E-02 
2.40667E+01 2.20000E-02  1.02225E-06  2.21404E-02 
2.41333E+01 2.40000E-02  1.00966E-06  2.41193E-02 
2.42000E+01 2.60000E-02  1.01964E-06  2.60981E-02 
2.42667E+01 2.80000E-02  1.03239E-06  2.82292E-02 
2.43333E+01 3.00000E-02  1.02410E-06  3.02081E-02 
2.44000E+01 3.20000E-02  1.03024E-06  3.20347E-02 
2.44667E+01 3.40000E-02  1.05082E-06  3.40136E-02 
2.45333E+01 3.60000E-02  1.03239E-06  3.61447E-02 
2.46000E+01 3.80000E-02  1.04498E-06  3.81236E-02 
2.46667E+01 4.00000E-02  1.06556E-06  4.01025E-02 
2.47333E+01 4.20000E-02  1.04667E-06  4.20813E-02 
2.48000E+01 4.40000E-02  1.05527E-06  4.42124E-02 
2.48667E+01 4.60000E-02  1.07724E-06  4.61913E-02 
2.49333E+01 4.80000E-02  1.06111E-06  4.81702E-02 
2.50000E+01 5.00000E-02  1.06710E-06  5.03013E-02 
2.50667E+01 5.20000E-02  1.08676E-06  5.21279E-02 
2.51333E+01 5.40000E-02  1.07585E-06  5.41068E-02 
2.52000E+01 5.60000E-02  1.08246E-06  5.62379E-02 
2.52667E+01 5.80000E-02  1.10703E-06  5.82168E-02 
2.53333E+01 6.00000E-02  1.09029E-06  6.01956E-02 
2.54000E+01 6.20000E-02  1.10242E-06  6.21745E-02 
2.54667E+01 6.40000E-02  1.12162E-06  6.41534E-02 
2.55333E+01 6.60000E-02  1.10811E-06  6.61322E-02 
2.56000E+01 6.80000E-02  1.11394E-06  6.81111E-02 
2.56667E+01 7.00000E-02  1.13360E-06  7.00900E-02 
2.57333E+01 7.20000E-02  1.12669E-06  7.20689E-02 
2.58000E+01 7.40000E-02  1.13084E-06  7.40477E-02 
2.58667E+01 7.60000E-02  1.14727E-06  7.60266E-02 
2.59333E+01 7.80000E-02  1.14957E-06  7.81577E-02 
2.60000E+01 8.00000E-02  1.15909E-06  8.01366E-02 
2.60667E+01 8.20000E-02  1.17630E-06  8.21154E-02 
2.61333E+01 8.40000E-02  1.19165E-06  8.40943E-02 
2.62000E+01 8.60000E-02  1.20225E-06  8.62254E-02 
2.62667E+01 8.80000E-02  1.20271E-06  8.82043E-02 
2.63333E+01 9.00000E-02  1.22252E-06  9.01832E-02 
2.64000E+01 9.20000E-02  1.22329E-06  9.21620E-02 
2.64667E+01 9.40000E-02  1.21991E-06  9.41409E-02 
2.65333E+01 9.60000E-02  1.24464E-06  9.61198E-02 
2.66000E+01 9.80000E-02  1.24710E-06  9.80986E-02 
2.66667E+01 1.00000E-01  1.23558E-06  1.00078E-01 
2.67333E+01 9.80000E-02  6.51205E-07  9.84031E-02 
2.68000E+01 9.60000E-02  4.52011E-07  9.62720E-02 
2.68667E+01 9.40000E-02  3.12713E-07  9.42931E-02 
2.69333E+01 9.20000E-02  2.59728E-07  9.23142E-02 
2.70000E+01 9.00000E-02  1.91538E-07  9.01832E-02 
2.70667E+01 8.80000E-02  1.06455E-07  8.83565E-02 
2.71333E+01 8.60000E-02  9.80080E-08  8.63776E-02 
2.72000E+01 8.40000E-02  4.93230E-08  8.42465E-02 
2.72667E+01 8.20000E-02  -1.21092E-08 8.22677E-02 
2.73333E+01 8.00000E-02  -1.13413E-08 8.02888E-02 
2.74000E+01 7.80000E-02  -4.62040E-08 7.83099E-02 
2.74667E+01 7.60000E-02  -9.30460E-08 7.61788E-02 
2.75333E+01 7.40000E-02  -8.70564E-08 7.42000E-02 
2.76000E+01 7.20000E-02  -1.16083E-07 7.22211E-02 
2.76667E+01 7.00000E-02  -1.56628E-07 7.02422E-02 
2.77333E+01 6.80000E-02  -1.47260E-07 6.82633E-02 
2.78000E+01 6.60000E-02  -1.74290E-07 6.62845E-02 
2.78667E+01 6.40000E-02  -2.04699E-07 6.41534E-02 
2.79333E+01 6.20000E-02  -1.95331E-07 6.21745E-02 
2.80000E+01 6.00000E-02  -2.20978E-07 6.01956E-02 
2.80667E+01 5.80000E-02  -2.43401E-07 5.82168E-02 
2.81333E+01 5.60000E-02  -2.36029E-07 5.62379E-02 
2.82000E+01 5.40000E-02  -2.58913E-07 5.42590E-02 
2.82667E+01 5.20000E-02  -2.75039E-07 5.22801E-02 
2.83333E+01 5.00000E-02  -2.67360E-07 5.03013E-02 
2.84000E+01 4.80000E-02  -2.89475E-07 4.83224E-02 
2.84667E+01 4.60000E-02  -3.03912E-07 4.63435E-02 
2.85333E+01 4.40000E-02  -2.96694E-07 4.42124E-02 
2.86000E+01 4.20000E-02  -3.18809E-07 4.22336E-02 
2.86667E+01 4.00000E-02  -3.29406E-07 4.02547E-02 
2.87333E+01 3.80000E-02  -3.21727E-07 3.81236E-02 
2.88000E+01 3.60000E-02  -3.41078E-07 3.61447E-02 
2.88667E+01 3.40000E-02  -3.50293E-07 3.41658E-02 
2.89333E+01 3.20000E-02  -3.41078E-07 3.21870E-02 
2.90000E+01 3.00000E-02  -3.62887E-07 3.02081E-02 
2.90667E+01 2.80000E-02  -3.72409E-07 2.82292E-02 
2.91333E+01 2.60000E-02  -3.59354E-07 2.62504E-02 
2.92000E+01 2.40000E-02  -3.82238E-07 2.42715E-02 
2.92667E+01 2.20000E-02  -3.90531E-07 2.21404E-02 
2.93333E+01 2.00000E-02  -3.83467E-07 2.01615E-02 
2.94000E+01 1.80000E-02  -3.99439E-07 1.81826E-02 
2.94667E+01 1.60000E-02  -4.07886E-07 1.62038E-02 
2.95333E+01 1.40000E-02  -3.94217E-07 1.40727E-02 
2.96000E+01 1.20000E-02  -4.16486E-07 1.20938E-02 
2.96667E+01 1.00000E-02  -4.22169E-07 1.02672E-02 
2.97333E+01 8.00000E-03  -4.09575E-07 8.13606E-03 
2.98000E+01 6.00000E-03  -4.30309E-07 6.15719E-03 
2.98667E+01 4.00000E-03  -4.37373E-07 4.17831E-03 
2.99333E+01 2.00000E-03  -4.21094E-07 2.19944E-03 
3.00000E+01 1.45825E-17  -4.43824E-07 6.83472E-05 
3.00667E+01 -2.00000E-03 -4.51042E-07 -1.91053E-03
3.01333E+01 -4.00000E-03 -4.36759E-07 -3.88940E-03
3.02000E+01 -6.00000E-03 -4.59028E-07 -5.86827E-03
3.02667E+01 -8.00000E-03 -4.65478E-07 -7.84714E-03
3.03333E+01 -1.00000E-02 -4.55035E-07 -9.82602E-03
3.04000E+01 -1.20000E-02 -4.72697E-07 -1.18049E-02
3.04667E+01 -1.40000E-02 -4.77918E-07 -1.37838E-02
3.05333E+01 -1.60000E-02 -4.69472E-07 -1.59149E-02
3.06000E+01 -1.80000E-02 -4.84062E-07 -1.75893E-02
3.06667E+01 -2.00000E-02 -4.89437E-07 -1.95682E-02
3.07333E+01 -2.20000E-02 -4.87901E-07 -2.15470E-02
3.08000E+01 -2.40000E-02 -4.96041E-07 -2.36781E-02
3.08667E+01 -2.60000E-02 -5.01877E-07 -2.56570E-02
3.09333E+01 -2.80000E-02 -5.11399E-07 -2.76359E-02
3.10000E+01 -3.00000E-02 -5.07099E-07 -2.96147E-02
3.10667E+01 -3.20000E-02 -5.14010E-07 -3.15936E-02
3.11333E+01 -3.40000E-02 -5.29829E-07 -3.35725E-02
3.12000E+01 -3.60000E-02 -5.20614E-07 -3.57036E-02
3.12667E+01 -3.80000E-02 -5.25375E-07 -3.76825E-02
3.13333E+01 -4.00000E-02 -5.50255E-07 -3.96613E-02
3.14000E+01 -4.20000E-02 -5.30904E-07 -4.16402E-02
3.14667E+01 -4.40000E-02 -5.39197E-07 -4.36191E-02
3.15333E+01 -4.60000E-02 -5.72985E-07 -4.57502E-02
3.16000E+01 -4.80000E-02 -5.45494E-07 -4.75768E-02
3.16667E+01 -5.00000E-02 -5.53480E-07 -4.95557E-02
3.17333E+01 -5.20000E-02 -5.92336E-07 -5.16868E-02
3.18000E+01 -5.40000E-02 -5.61005E-07 -5.36657E-02
3.18667E+01 -5.60000E-02 -5.72063E-07 -5.56445E-02
3.19333E+01 -5.80000E-02 -6.08769E-07 -5.76234E-02
3.20000E+01 -6.00000E-02 -5.83121E-07 -5.96023E-02
3.20667E+01 -6.20000E-02 -5.88189E-07 -6.17334E-02
3.21333E+01 -6.40000E-02 -6.28734E-07 -6.37122E-02
3.22000E+01 -6.60000E-02 -5.98940E-07 -6.56911E-02
3.22667E+01 -6.80000E-02 -6.08615E-07 -6.76700E-02
3.23333E+01 -7.00000E-02 -6.44092E-07 -6.96489E-02
3.24000E+01 -7.20000E-02 -6.12608E-07 -7.16277E-02
3.24667E+01 -7.40000E-02 -6.26584E-07 -7.36066E-02
3.25333E+01 -7.60000E-02 -6.53922E-07 -7.57377E-02
3.26000E+01 -7.80000E-02 -6.26124E-07 -7.77166E-02
3.26667E+01 -8.00000E-02 -6.41635E-07 -7.96954E-02
3.27333E+01 -8.20000E-02 -6.63904E-07 -8.18265E-02
3.28000E+01 -8.40000E-02 -6.47625E-07 -8.38054E-02
3.28667E+01 -8.60000E-02 -6.59758E-07 -8.56321E-02
3.29333E+01 -8.80000E-02 -6.79723E-07 -8.77631E-02
3.30000E+01 -9.00000E-02 -6.66976E-07 -8.97420E-02
3.30667E+01 -9.20000E-02 -6.82180E-07 -9.17209E-02
3.31333E+01 -9.40000E-02 -7.00149E-07 -9.36998E-02
3.32000E+01 -9.60000E-02 -6.90320E-07 -9.56786E-02
3.32667E+01 -9.80000E-02 -7.09211E-07 -9.76575E-02
3.33333E+01 -1.00000E-01 -7.22572E-07 -9.96364E-02
3.34000E+01 -1.02000E-01 -7.17965E-07 -1.01615E-01
3.34667E+01 -1.04000E-01 -7.35780E-07 -1.03746E-01
3.35333E+01 -1.06000E-01 -7.46377E-07 -1.05573E-01
3.36000E+01 -1.08000E-01 -7.41309E-07 -1.07552E-01
3.36667E+01 -1.10000E-01 -7.60967E-07 -1.09683E-01
3.37333E+01 -1.12000E-01 -7.69107E-07 -1.11662E-01
3.38000E+01 -1.14000E-01 -7.61581E-07 -1.13641E-01
3.38667E+01 -1.16000E-01 -7.83236E-07 -1.15772E-01
3.39333E+01 -1.18000E-01 -7.91683E-07 -1.17751E-01
3.40000E+01 -1.20000E-01 -7.85386E-07 -1.19730E-01
3.40667E+01 -1.22000E-01 -8.05198E-07 -1.21708E-01
3.41333E+01 -1.24000E-01 -8.14106E-07 -1.23840E-01
3.42000E+01 -1.26000E-01 -8.05966E-07 -1.25666E-01
3.42667E+01 -1.28000E-01 -8.23167E-07 -1.27645E-01
3.43333E+01 -1.30000E-01 -8.26546E-07 -1.29776E-01
3.44000E+01 -1.32000E-01 -8.21785E-07 -1.31755E-01
3.44667E+01 -1.34000E-01 -8.34532E-07 -1.33734E-01
3.45333E+01 -1.36000E-01 -8.38064E-07 -1.35713E-01
3.46000E+01 -1.38000E-01 -8.21017E-07 -1.37692E-01
3.46667E+01 -1.40000E-01 -8.41904E-07 -1.39670E-01
3.47333E+01 -1.42000E-01 -8.43901E-07 -1.41802E-01
3.48000E+01 -1.44000E-01 -8.30846E-07 -1.43780E-01
3.48667E+01 -1.46000E-01 -8.48047E-07 -1.45607E-01
3.49333E+01 -1.48000E-01 -8.50658E-07 -1.47738E-01
3.50000E+01 -1.50000E-01 -8.34686E-07 -1.49717E-01
3.50667E+01 -1.52000E-01 -8.49583E-07 -1.51696E-01
3.51333E+01 -1.54000E-01 -8.51580E-07 -1.53827E-01
3.52000E+01 -1.56000E-01 -8.35607E-07 -1.55806E-01
3.52667E+01 -1.58000E-01 -8.46665E-07 -1.57785E-01
3.53333E+01 -1.60000E-01 -8.48969E-07 -1.59916E-01
3.54000E+01 -1.62000E-01 -8.38832E-07 -1.61895E-01
3.54667E+01 -1.64000E-01 -8.49122E-07 -1.63721E-01
3.55333E+01 -1.66000E-01 -8.47586E-07 -1.65700E-01
3.56000E+01 -1.68000E-01 -8.46819E-07 -1.67831E-01
3.56667E+01 -1.70000E-01 -8.49276E-07 -1.69810E-01
3.57333E+01 -1.72000E-01 -8.48047E-07 -1.71789E-01
3.58000E+01 -1.74000E-01 -8.55573E-07 -1.73616E-01
3.58667E+01 -1.76000E-01 -8.52347E-07 -1.75595E-01
3.59333E+01 -1.78000E-01 -8.48354E-07 -1.77574E-01
3.60000E+01 -1.80000E-01 -8.69395E-07 -1.79552E-01
3.60667E+01 -1.82000E-01 -8.56494E-07 -1.81531E-01
3.61333E+01 -1.84000E-01 -8.57569E-07 -1.83510E-01
3.62000E+01 -1.86000E-01 -8.86135E-07 -1.85489E-01
3.62667E+01 -1.88000E-01 -8.70163E-07 -1.87620E-01
3.63333E+01 -1.90000E-01 -8.65863E-07 -1.89599E-01
3.64000E+01 -1.92000E-01 -9.02107E-07 -1.91578E-01
3.64667E+01 -1.94000E-01 -8.81835E-07 -1.93557E-01
3.65333E+01 -1.96000E-01 -8.84446E-07 -1.95688E-01
3.66000E+01 -1.98000E-01 -9.19308E-07 -1.97667E-01
3.66667E+01 -2.00000E-01 -8.97193E-07 -1.99646E-01
3.67333E+01 -2.02000E-01 -9.03950E-07 -2.01624E-01
3.68000E+01 -2.04000E-01 -9.43113E-07 -2.03603E-01
3.68667E+01 -2.06000E-01 -9.19308E-07 -2.05582E-01
3.69333E+01 -2.08000E-01 -9.28677E-07 -2.07561E-01
3.70000E+01 -2.10000E-01 -9.69069E-07 -2.09692E-01
3.70667E+01 -2.12000E-01 -9.48796E-07 -2.11671E-01
3.71333E+01 -2.14000E-01 -9.56629E-07 -2.13650E-01
3.72000E+01 -2.16000E-01 -9.92413E-07 -2.15629E-01
3.72667E+01 -2.18000E-01 -9.77669E-07 -2.17608E-01
3.73333E+01 -2.20000E-01 -9.90263E-07 -2.19586E-01
3.74000E+01 -2.22000E-01 -1.01914E-06 -2.21718E-01
3.74667E+01 -2.24000E-01 -1.00685E-06 -2.23544E-01
3.75333E+01 -2.26000E-01 -1.02528E-06 -2.25523E-01
3.76000E+01 -2.28000E-01 -1.04939E-06 -2.27654E-01
3.76667E+01 -2.30000E-01 -1.04309E-06 -2.29633E-01
3.77333E+01 -2.32000E-01 -1.06060E-06 -2.31612E-01
3.78000E+01 -2.34000E-01 -1.08395E-06 -2.33591E-01
3.78667E+01 -2.36000E-01 -1.08180E-06 -2.35722E-01
3.79333E+01 -2.38000E-01 -1.09792E-06 -2.37701E-01
3.80000E+01 -2.40000E-01 -1.11635E-06 -2.39680E-01
3.80667E+01 -2.42000E-01 -1.11758E-06 -2.41659E-01
3.81333E+01 -2.44000E-01 -1.13678E-06 -2.43637E-01
3.82000E+01 -2.46000E-01 -1.14799E-06 -2.45616E-01
3.82667E+01 -2.48000E-01 -1.14876E-06 -2.47747E-01
3.83333E+01 -2.50000E-01 -1.17226E-06 -2.49726E-01
3.84000E+01 -2.52000E-01 -1.18024E-06 -2.51705E-01
3.84667E+01 -2.54000E-01 -1.18239E-06 -2.53684E-01
3.85333E+01 -2.56000E-01 -1.20497E-06 -2.55663E-01
3.86000E+01 -2.58000E-01 -1.21126E-06 -2.57642E-01
3.86667E+01 -2.60000E-01 -1.21096E-06 -2.59773E-01
3.87333E+01 -2.62000E-01 -1.23430E-06 -2.61599E-01
3.88000E+01 -2.64000E-01 -1.24014E-06 -2.63578E-01
3.88667E+01 -2.66000E-01 -1.23323E-06 -2.65557E-01
3.89333E+01 -2.68000E-01 -1.25703E-06 -2.67688E-01
3.90000E+01 -2.70000E-01 -1.25918E-06 -2.69667E-01
3.90667E+01 -2.72000E-01 -1.26993E-06 -2.71646E-01
3.91333E+01 -2.74000E-01 -1.27270E-06 -2.73625E-01
3.92000E+01 -2.76000E-01 -1.27838E-06 -2.75756E-01
3.92667E+01 -2.78000E-01 -1.26671E-06 -2.77735E-01
3.93333E+01 -2.80000E-01 -1.29220E-06 -2.79714E-01
3.94000E+01 -2.82000E-01 -1.29189E-06 -2.81693E-01
3.94667E+01 -2.84000E-01 -1.28498E-06 -2.83672E-01
3.95333E+01 -2.86000E-01 -1.30126E-06 -2.85650E-01
3.96000E+01 -2.88000E-01 -1.30157E-06 -2.87781E-01
3.96667E+01 -2.90000E-01 -1.28606E-06 -2.89760E-01
3.97333E+01 -2.92000E-01 -1.30986E-06 -2.91739E-01
3.98000E+01 -2.94000E-01 -1.30587E-06 -2.93718E-01
3.98667E+01 -2.96000E-01 -1.29236E-06 -2.95697E-01
3.99333E+01 -2.98000E-01 -1.31278E-06 -2.97676E-01
4.00000E+01 -3.00000E-01 -1.30971E-06 -2.99807E-01
4.00667E+01 -3.02000E-01 -1.29727E-06 -3.01634E-01
4.01333E+01 -3.04000E-01 -1.31493E-06 -3.03612E-01
4.02000E+01 -3.06000E-01 -1.31094E-06 -3.05744E-01
4.02667E+01 -3.08000E-01 -1.30049E-06 -3.07722E-01
4.03333E+01 -3.10000E-01 -1.31324E-06 -3.09701E-01
4.04000E+01 -3.12000E-01 -1.31048E-06 -3.11832E-01
4.04667E+01 -3.14000E-01 -1.30541E-06 -3.13811E-01
4.05333E+01 -3.16000E-01 -1.31171E-06 -3.15790E-01
4.06000E+01 -3.18000E-01 -1.30679E-06 -3.17769E-01
4.06667E+01 -3.20000E-01 -1.31186E-06 -3.19748E-01
4.07333E+01 -3.22000E-01 -1.30618E-06 -3.21727E-01
4.08000E+01 -3.24000E-01 -1.30541E-06 -3.23706E-01
4.08667E+01 -3.26000E-01 -1.31616E-06 -3.25837E-01
4.09333E+01 -3.28000E-01 -1.30495E-06 -3.27816E-01
4.10000E+01 -3.30000E-01 -1.30541E-06 -3.29642E-01
4.10667E+01 -3.32000E-01 -1.31939E-06 -3.31773E-01
4.11333E+01 -3.34000E-01 -1.30065E-06 -3.33752E-01
4.12000E+01 -3.36000E-01 -1.29927E-06 -3.35731E-01
4.12667E+01 -3.38000E-01 -1.32123E-06 -3.37710E-01
4.13333E+01 -3.40000E-01 -1.29497E-06 -3.39689E-01
4.14000E+01 -3.42000E-01 -1.29727E-06 -3.41668E-01
4.14667E+01 -3.44000E-01 -1.32307E-06 -3.43647E-01
4.15333E+01 -3.46000E-01 -1.28974E-06 -3.45778E-01
4.16000E+01 -3.48000E-01 -1.29558E-06 -3.47757E-01
4.16667E+01 -3.50000E-01 -1.31923E-06 -3.49735E-01
4.17333E+01 -3.52000E-01 -1.28805E-06 -3.51714E-01
4.18000E+01 -3.54000E-01 -1.28974E-06 -3.53845E-01
4.18667E+01 -3.56000E-01 -1.31340E-06 -3.55824E-01
4.19333E+01 -3.58000E-01 -1.28130E-06 -3.57803E-01
4.20000E+01 -3.60000E-01 -1.28698E-06 -3.59782E-01
4.20667E+01 -3.62000E-01 -1.30679E-06 -3.61761E-01
4.21333E+01 -3.64000E-01 -1.27730E-06 -3.63740E-01
4.22000E+01 -3.66000E-01 -1.28329E-06 -3.65871E-01
4.22667E+01 -3.68000E-01 -1.30034E-06 -3.67850E-01
4.23333E+01 -3.70000E-01 -1.27577E-06 -3.69829E-01
4.24000E+01 -3.72000E-01 -1.28022E-06 -3.71807E-01
4.24667E+01 -3.74000E-01 -1.28990E-06 -3.73786E-01
4.25333E+01 -3.76000E-01 -1.27039E-06 -3.75765E-01
4.26000E+01 -3.78000E-01 -1.27700E-06 -3.77896E-01
4.26667E+01 -3.80000E-01 -1.28114E-06 -3.79723E-01
4.27333E+01 -3.82000E-01 -1.26379E-06 -3.81702E-01
4.28000E+01 -3.84000E-01 -1.27500E-06 -3.83833E-01
4.28667E+01 -3.86000E-01 -1.27454E-06 -3.85812E-01
4.29333E+01 -3.88000E-01 -1.25780E-06 -3.87791E-01
4.30000E+01 -3.90000E-01 -1.26993E-06 -3.89770E-01
4.30667E+01 -3.92000E-01 -1.26978E-06 -3.91901E-01
4.31333E+01 -3.94000E-01 -1.25273E-06 -3.93879E-01
4.32000E+01 -3.96000E-01 -1.26824E-06 -3.95858E-01
4.32667E+01 -3.98000E-01 -1.26317E-06 -3.97837E-01
4.33333E+01 -4.00000E-01 -1.24874E-06 -3.99816E-01
4.34000E+01 -4.02000E-01 -1.26502E-06 -4.01795E-01
4.34667E+01 -4.04000E-01 -1.26072E-06 -4.03926E-01
4.35333E+01 -4.06000E-01 -1.24213E-06 -4.05905E-01
4.36000E+01 -4.08000E-01 -1.26317E-06 -4.07732E-01
4.36667E+01 -4.10000E-01 -1.25826E-06 -4.09710E-01
4.37333E+01 -4.12000E-01 -1.23998E-06 -4.11842E-01
4.38000E+01 -4.14000E-01 -1.25795E-06 -4.13820E-01
4.38667E+01 -4.16000E-01 -1.25980E-06 -4.15799E-01
4.39333E+01 -4.18000E-01 -1.23476E-06 -4.17778E-01
4.40000E+01 -4.20000E-01 -1.25642E-06 -4.19757E-01
4.40667E+01 -4.22000E-01 -1.25611E-06 -4.21736E-01
4.41333E+01 -4.24000E-01 -1.23261E-06 -4.23867E-01
4.42000E+01 -4.26000E-01 -1.25365E-06 -4.25846E-01
4.42667E+01 -4.28000E-01 -1.25073E-06 -4.27825E-01
4.43333E+01 -4.30000E-01 -1.23000E-06 -4.29804E-01
4.44000E+01 -4.32000E-01 -1.25289E-06 -4.31935E-01
4.44667E+01 -4.34000E-01 -1.24920E-06 -4.33914E-01
4.45333E+01 -4.36000E-01 -1.23231E-06 -4.35892E-01
4.46000E+01 -4.38000E-01 -1.25120E-06 -4.37871E-01
4.46667E+01 -4.40000E-01 -1.25073E-06 -4.39850E-01
4.47333E+01 -4.42000E-01 -1.22585E-06 -4.41829E-01
4.48000E+01 -4.44000E-01 -1.25212E-06 -4.43808E-01
4.48667E+01 -4.46000E-01 -1.24505E-06 -4.45939E-01
4.49333E+01 -4.48000E-01 -1.22908E-06 -4.47766E-01
4.50000E+01 -4.50000E-01 -1.24597E-06 -4.49897E-01
4.50667E+01 -4.52000E-01 -1.24475E-06 -4.51876E-01
4.51333E+01 -4.54000E-01 -1.23046E-06 -4.53855E-01
4.52000E+01 -4.56000E-01 -1.24382E-06 -4.55833E-01
4.52667E+01 -4.58000E-01 -1.24229E-06 -4.57812E-01
4.53333E+01 -4.60000E-01 -1.23768E-06 -4.59791E-01
4.54000E+01 -4.62000E-01 -1.24014E-06 -4.61922E-01
4.54667E+01 -4.64000E-01 -1.24290E-06 -4.63901E-01
4.55333E+01 -4.66000E-01 -1.24352E-06 -4.65880E-01
4.56000E+01 -4.68000E-01 -1.24137E-06 -4.67859E-01
4.56667E+01 -4.70000E-01 -1.24075E-06 -4.69990E-01
4.57333E+01 -4.72000E-01 -1.24920E-06 -4.71969E-01
4.58000E+01 -4.74000E-01 -1.23814E-06 -4.73948E-01
4.58667E+01 -4.76000E-01 -1.23814E-06 -4.75927E-01
4.59333E+01 -4.78000E-01 -1.25657E-06 -4.77905E-01
4.60000E+01 -4.80000E-01 -1.23568E-06 -4.79884E-01
4.60667E+01 -4.82000E-01 -1.23829E-06 -4.81863E-01
4.61333E+01 -4.84000E-01 -1.26394E-06 -4.83994E-01
4.62000E+01 -4.86000E-01 -1.23338E-06 -4.85669E-01
4.62667E+01 -4.88000E-01 -1.23814E-06 -4.87648E-01
4.63333E+01 -4.90000E-01 -1.26517E-06 -4.89626E-01
4.64000E+01 -4.92000E-01 -1.24029E-06 -4.91758E-01
4.64667E+01 -4.94000E-01 -1.23661E-06 -4.93736E-01
4.65333E+01 -4.96000E-01 -1.26486E-06 -4.95563E-01
4.66000E+01 -4.98000E-01 -1.23092E-06 -4.97694E-01
4.66667E+01 -5.00000E-01 -1.23753E-06 -4.99673E-01
4.67333E+01 -5.02000E-01 -1.26517E-06 -5.01652E-01
4.68000E+01 -5.04000E-01 -1.22862E-06 -5.03631E-01
4.68667E+01 -5.06000E-01 -1.23691E-06 -5.05762E-01
4.69333E+01 -5.08000E-01 -1.26379E-06 -5.07741E-01
4.70000E+01 -5.10000E-01 -1.22954E-06 -5.09720E-01
4.70667E+01 -5.12000E-01 -1.23968E-06 -5.11851E-01
4.71333E+01 -5.14000E-01 -1.25473E-06 -5.13830E-01
4.72000E+01 -5.16000E-01 -1.22908E-06 -5.15656E-01
4.72667E+01 -5.18000E-01 -1.23814E-06 -5.17787E-01
4.73333E+01 -5.20000E-01 -1.25258E-06 -5.19766E-01
4.74000E+01 -5.22000E-01 -1.22908E-06 -5.21745E-01
4.74667E+01 -5.24000E-01 -1.24014E-06 -5.23724E-01
4.75333E+01 -5.26000E-01 -1.24828E-06 -5.25703E-01
4.76000E+01 -5.28000E-01 -1.22908E-06 -5.27834E-01
4.76667E+01 -5.30000E-01 -1.24306E-06 -5.29813E-01
4.77333E+01 -5.32000E-01 -1.24613E-06 -5.31792E-01
4.78000E+01 -5.34000E-01 -1.22739E-06 -5.33771E-01
4.78667E+01 -5.36000E-01 -1.24705E-06 -5.35749E-01
4.79333E+01 -5.38000E-01 -1.24536E-06 -5.37728E-01
4.80000E+01 -5.40000E-01 -1.22739E-06 -5.39859E-01
4.80667E+01 -5.42000E-01 -1.24321E-06 -5.41838E-01
4.81333E+01 -5.44000E-01 -1.24490E-06 -5.43817E-01
4.82000E+01 -5.46000E-01 -1.22785E-06 -5.45796E-01
4.82667E+01 -5.48000E-01 -1.24536E-06 -5.47775E-01
4.83333E+01 -5.50000E-01 -1.24521E-06 -5.49906E-01
4.84000E+01 -5.52000E-01 -1.23184E-06 -5.51885E-01
4.84667E+01 -5.54000E-01 -1.24766E-06 -5.53712E-01
4.85333E+01 -5.56000E-01 -1.24981E-06 -5.55843E-01
4.86000E+01 -5.58000E-01 -1.23384E-06 -5.57821E-01
4.86667E+01 -5.60000E-01 -1.24966E-06 -5.59800E-01
4.87333E+01 -5.62000E-01 -1.25457E-06 -5.61931E-01
4.88000E+01 -5.64000E-01 -1.23277E-06 -5.63758E-01
4.88667E+01 -5.66000E-01 -1.25442E-06 -5.65737E-01
4.89333E+01 -5.68000E-01 -1.25749E-06 -5.67716E-01
4.90000E+01 -5.70000E-01 -1.23323E-06 -5.69847E-01
4.90667E+01 -5.72000E-01 -1.25795E-06 -5.71826E-01
4.91333E+01 -5.74000E-01 -1.25872E-06 -5.73652E-01
4.92000E+01 -5.76000E-01 -1.24229E-06 -5.75784E-01
4.92667E+01 -5.78000E-01 -1.26056E-06 -5.77762E-01
4.93333E+01 -5.80000E-01 -1.26563E-06 -5.79741E-01
4.94000E+01 -5.82000E-01 -1.24643E-06 -5.81720E-01
4.94667E+01 -5.84000E-01 -1.26517E-06 -5.83851E-01
4.95333E+01 -5.86000E-01 -1.26978E-06 -5.85830E-01
4.96000E+01 -5.88000E-01 -1.25258E-06 -5.87809E-01
4.96667E+01 -5.90000E-01 -1.27024E-06 -5.89788E-01
4.97333E+01 -5.92000E-01 -1.27316E-06 -5.91919E-01
4.98000E+01 -5.94000E-01 -1.25565E-06 -5.93746E-01
4.98667E+01 -5.96000E-01 -1.27346E-06 -5.95877E-01
4.99333E+01 -5.98000E-01 -1.27945E-06 -5.97856E-01
5.00000E+01 -6.00000E-01 -1.26916E-06 -5.99834E-01
5.00667E+01 -6.02000E-01 -1.28099E-06 -6.01813E-01
5.01333E+01 -6.04000E-01 -1.28529E-06 -6.03792E-01
5.02000E+01 -6.06000E-01 -1.28160E-06 -6.05771E-01
5.02667E+01 -6.08000E-01 -1.28560E-06 -6.07902E-01
5.03333E+01 -6.10000E-01 -1.28729E-06 -6.09881E-01
5.04000E+01 -6.12000E-01 -1.29589E-06 -6.11860E-01
5.04667E+01 -6.14000E-01 -1.28898E-06 -6.13839E-01
5.05333E+01 -6.16000E-01 -1.29481E-06 -6.15818E-01
5.06000E+01 -6.18000E-01 -1.31140E-06 -6.17797E-01
5.06667E+01 -6.20000E-01 -1.29742E-06 -6.19775E-01
5.07333E+01 -6.22000E-01 -1.30218E-06 -6.21906E-01
5.08000E+01 -6.24000E-01 -1.32369E-06 -6.23885E-01
5.08667E+01 -6.26000E-01 -1.30418E-06 -6.25864E-01
5.09333E+01 -6.28000E-01 -1.30910E-06 -6.27995E-01
5.10000E+01 -6.30000E-01 -1.33551E-06 -6.29974E-01
5.10667E+01 -6.32000E-01 -1.31078E-06 -6.31801E-01
5.11333E+01 -6.34000E-01 -1.31462E-06 -6.33780E-01
5.12000E+01 -6.36000E-01 -1.35179E-06 -6.35911E-01
5.12667E+01 -6.38000E-01 -1.31493E-06 -6.37890E-01
5.13333E+01 -6.40000E-01 -1.32553E-06 -6.39869E-01
5.14000E+01 -6.42000E-01 -1.36054E-06 -6.41847E-01
5.14667E+01 -6.44000E-01 -1.32722E-06 -6.43674E-01
5.15333E+01 -6.46000E-01 -1.33321E-06 -6.45653E-01
5.16000E+01 -6.48000E-01 -1.36638E-06 -6.47632E-01
5.16667E+01 -6.50000E-01 -1.33459E-06 -6.49611E-01
5.17333E+01 -6.52000E-01 -1.34196E-06 -6.51590E-01
5.18000E+01 -6.54000E-01 -1.37037E-06 -6.53568E-01
5.18667E+01 -6.56000E-01 -1.33950E-06 -6.55547E-01
5.19333E+01 -6.58000E-01 -1.34826E-06 -6.57678E-01
5.20000E+01 -6.60000E-01 -1.37867E-06 -6.59657E-01
5.20667E+01 -6.62000E-01 -1.34887E-06 -6.61636E-01
5.21333E+01 -6.64000E-01 -1.35793E-06 -6.63615E-01
5.22000E+01 -6.66000E-01 -1.38481E-06 -6.65746E-01
5.22667E+01 -6.68000E-01 -1.36208E-06 -6.67725E-01
5.23333E+01 -6.70000E-01 -1.37068E-06 -6.69704E-01
5.24000E+01 -6.72000E-01 -1.39034E-06 -6.71683E-01
5.24667E+01 -6.74000E-01 -1.37099E-06 -6.73662E-01
5.25333E+01 -6.76000E-01 -1.38450E-06 -6.75640E-01
5.26000E+01 -6.78000E-01 -1.39648E-06 -6.77772E-01
5.26667E+01 -6.80000E-01 -1.38174E-06 -6.79750E-01
5.27333E+01 -6.82000E-01 -1.39449E-06 -6.81729E-01
5.28000E+01 -6.84000E-01 -1.40769E-06 -6.83708E-01
5.28667E+01 -6.86000E-01 -1.39341E-06 -6.85687E-01
5.29333E+01 -6.88000E-01 -1.41153E-06 -6.87666E-01
5.30000E+01 -6.90000E-01 -1.41983E-06 -6.89645E-01
5.30667E+01 -6.92000E-01 -1.40831E-06 -6.91624E-01
5.31333E+01 -6.94000E-01 -1.42474E-06 -6.93603E-01
5.32000E+01 -6.96000E-01 -1.43565E-06 -6.95734E-01
5.32667E+01 -6.98000E-01 -1.42244E-06 -6.97713E-01
