time/s      E/V        I/A
0.00000E+00 -7.00000E-01 -1.45285E-06 -6.99691E-01
6.66667E-02 -6.98000E-01 -9.20691E-07 -6.97865E-01
1.33333E-01 -6.96000E-01 -7.54824E-07 -6.95734E-01
2.00000E-01 -6.94000E-01 -7.00917E-07 -6.93755E-01
2.66667E-01 -6.92000E-01 -6.32881E-07 -6.91776E-01
3.33333E-01 -6.90000E-01 -5.70220E-07 -6.89797E-01
4.00000E-01 -6.88000E-01 -5.47030E-07 -6.87818E-01
4.66667E-01 -6.86000E-01 -5.07713E-07 -6.85839E-01
5.33333E-01 -6.84000E-01 -4.66707E-07 -6.83708E-01
6.00000E-01 -6.82000E-01 -4.53499E-07 -6.81729E-01
6.66667E-01 -6.80000E-01 -4.27237E-07 -6.79750E-01
7.33333E-01 -6.78000E-01 -3.88074E-07 -6.77772E-01
8.00000E-01 -6.76000E-01 -3.84695E-07 -6.75793E-01
8.66667E-01 -6.74000E-01 -3.66112E-07 -6.73814E-01
9.33333E-01 -6.72000E-01 -3.32324E-07 -6.71683E-01
1.00000E+00 -6.70000E-01 -3.33399E-07 -6.69856E-01
1.06667E+00 -6.68000E-01 -3.15584E-07 -6.67725E-01
1.13333E+00 -6.66000E-01 -2.85175E-07 -6.65746E-01
1.20000E+00 -6.64000E-01 -2.87786E-07 -6.63767E-01
1.26667E+00 -6.62000E-01 -2.76421E-07 -6.61788E-01
1.33333E+00 -6.60000E-01 -2.48316E-07 -6.59810E-01
1.40000E+00 -6.58000E-01 -2.51387E-07 -6.57678E-01
1.46667E+00 -6.56000E-01 -2.43708E-07 -6.55700E-01
1.53333E+00 -6.54000E-01 -2.14221E-07 -6.53721E-01
1.60000E+00 -6.52000E-01 -2.22975E-07 -6.51590E-01
1.66667E+00 -6.50000E-01 -2.12378E-07 -6.49763E-01
1.73333E+00 -6.48000E-01 -1.97634E-07 -6.47784E-01
1.80000E+00 -6.46000E-01 -1.95331E-07 -6.45653E-01
1.86667E+00 -6.44000E-01 -1.86884E-07 -6.43674E-01
1.93333E+00 -6.42000E-01 -1.75212E-07 -6.41847E-01
2.00000E+00 -6.40000E-01 -1.71526E-07 -6.40021E-01
2.06667E+00 -6.38000E-01 -1.65997E-07 -6.38042E-01
2.13333E+00 -6.36000E-01 -1.61543E-07 -6.35911E-01
2.20000E+00 -6.34000E-01 -1.52942E-07 -6.33932E-01
2.26667E+00 -6.32000E-01 -1.45110E-07 -6.31953E-01
2.33333E+00 -6.30000E-01 -1.49103E-07 -6.29974E-01
2.40000E+00 -6.28000E-01 -1.35127E-07 -6.27995E-01
2.46667E+00 -6.26000E-01 -1.27294E-07 -6.26016E-01
2.53333E+00 -6.24000E-01 -1.36202E-07 -6.23885E-01
2.60000E+00 -6.22000E-01 -1.13779E-07 -6.21906E-01
2.66667E+00 -6.20000E-01 -1.08404E-07 -6.19928E-01
2.73333E+00 -6.18000E-01 -1.29137E-07 -6.17949E-01
2.80000E+00 -6.16000E-01 -9.64248E-08 -6.15818E-01
2.86667E+00 -6.14000E-01 -9.47354E-08 -6.13839E-01
2.93333E+00 -6.12000E-01 -1.17926E-07 -6.11860E-01
3.00000E+00 -6.10000E-01 -8.15275E-08 -6.09881E-01
3.06667E+00 -6.08000E-01 -8.24490E-08 -6.07902E-01
3.13333E+00 -6.06000E-01 -1.01032E-07 -6.05923E-01
3.20000E+00 -6.04000E-01 -6.98554E-08 -6.03792E-01
3.26667E+00 -6.02000E-01 -6.95482E-08 -6.01966E-01
3.33333E+00 -6.00000E-01 -8.27561E-08 -5.99834E-01
3.40000E+00 -5.98000E-01 -5.54188E-08 -5.97856E-01
3.46667E+00 -5.96000E-01 -5.72618E-08 -5.95877E-01
3.53333E+00 -5.94000E-01 -6.58623E-08 -5.93898E-01
3.60000E+00 -5.92000E-01 -4.22109E-08 -5.91919E-01
3.66667E+00 -5.90000E-01 -4.55897E-08 -5.89940E-01
3.73333E+00 -5.88000E-01 -5.31151E-08 -5.87961E-01
3.80000E+00 -5.86000E-01 -3.25354E-08 -5.85830E-01
3.86667E+00 -5.84000E-01 -3.71428E-08 -5.83851E-01
3.93333E+00 -5.82000E-01 -3.71428E-08 -5.81872E-01
4.00000E+00 -5.80000E-01 -2.27062E-08 -5.79894E-01
4.06667E+00 -5.78000E-01 -2.45492E-08 -5.77762E-01
4.13333E+00 -5.76000E-01 -2.31670E-08 -5.75784E-01
4.20000E+00 -5.74000E-01 -1.04198E-08 -5.73805E-01
4.26667E+00 -5.72000E-01 -1.37985E-08 -5.71826E-01
4.33333E+00 -5.70000E-01 -1.47200E-08 -5.69847E-01
4.40000E+00 -5.68000E-01 -1.35854E-09 -5.67868E-01
4.46667E+00 -5.66000E-01 -6.42669E-09 -5.65889E-01
4.53333E+00 -5.64000E-01 -6.27311E-09 -5.63758E-01
4.60000E+00 -5.62000E-01 8.62419E-09  -5.61931E-01
4.66667E+00 -5.60000E-01 1.09875E-09  -5.59953E-01
4.73333E+00 -5.58000E-01 1.09875E-09  -5.57821E-01
4.80000E+00 -5.56000E-01 1.67639E-08  -5.55843E-01
4.86667E+00 -5.54000E-01 1.13886E-08  -5.53864E-01
4.93333E+00 -5.52000E-01 1.23101E-08  -5.52037E-01
5.00000E+00 -5.50000E-01 2.85896E-08  -5.49906E-01
5.06667E+00 -5.48000E-01 1.89141E-08  -5.47927E-01
5.13333E+00 -5.46000E-01 1.49210E-08  -5.45948E-01
5.20000E+00 -5.44000E-01 3.70366E-08  -5.43817E-01
5.26667E+00 -5.42000E-01 2.59788E-08  -5.41838E-01
5.33333E+00 -5.40000E-01 2.58252E-08  -5.39859E-01
5.40000E+00 -5.38000E-01 4.51763E-08  -5.37881E-01
5.46667E+00 -5.36000E-01 3.38114E-08  -5.35749E-01
5.53333E+00 -5.34000E-01 3.51936E-08  -5.33771E-01
5.60000E+00 -5.32000E-01 5.23946E-08  -5.31792E-01
5.66667E+00 -5.30000E-01 4.53299E-08  -5.29813E-01
5.73333E+00 -5.28000E-01 3.94938E-08  -5.27834E-01
5.80000E+00 -5.26000E-01 6.03808E-08  -5.25855E-01
5.86667E+00 -5.24000E-01 5.13195E-08  -5.23876E-01
5.93333E+00 -5.22000E-01 5.30089E-08  -5.21897E-01
6.00000E+00 -5.20000E-01 6.62168E-08  -5.19766E-01
6.06667E+00 -5.18000E-01 5.82307E-08  -5.17787E-01
6.13333E+00 -5.16000E-01 5.85378E-08  -5.15808E-01
6.20000E+00 -5.14000E-01 6.99028E-08  -5.13830E-01
6.26667E+00 -5.12000E-01 6.45274E-08  -5.11851E-01
6.33333E+00 -5.10000E-01 6.62168E-08  -5.09872E-01
6.40000E+00 -5.08000E-01 7.95783E-08  -5.07893E-01
6.46667E+00 -5.06000E-01 7.43566E-08  -5.05762E-01
6.53333E+00 -5.04000E-01 7.51245E-08  -5.03783E-01
6.60000E+00 -5.02000E-01 8.61823E-08  -5.01804E-01
6.66667E+00 -5.00000E-01 7.91176E-08  -4.99673E-01
6.73333E+00 -4.98000E-01 8.18820E-08  -4.97694E-01
6.80000E+00 -4.96000E-01 8.24964E-08  -4.95715E-01
6.86667E+00 -4.94000E-01 8.63359E-08  -4.93736E-01
6.93333E+00 -4.92000E-01 9.15576E-08  -4.91758E-01
7.00000E+00 -4.90000E-01 8.44929E-08  -4.89779E-01
7.06667E+00 -4.88000E-01 9.38613E-08  -4.87648E-01
7.13333E+00 -4.86000E-01 9.80080E-08  -4.85669E-01
7.20000E+00 -4.84000E-01 8.55680E-08  -4.83994E-01
7.26667E+00 -4.82000E-01 1.03844E-07  -4.82015E-01
7.33333E+00 -4.80000E-01 1.04151E-07  -4.80037E-01
7.40000E+00 -4.78000E-01 8.37250E-08  -4.77905E-01
7.46667E+00 -4.76000E-01 1.12598E-07  -4.75927E-01
7.53333E+00 -4.74000E-01 1.11677E-07  -4.74100E-01
7.60000E+00 -4.72000E-01 8.78717E-08  -4.71969E-01
7.66667E+00 -4.70000E-01 1.18895E-07  -4.69990E-01
7.73333E+00 -4.68000E-01 1.19663E-07  -4.68011E-01
7.80000E+00 -4.66000E-01 9.81616E-08  -4.65880E-01
7.86667E+00 -4.64000E-01 1.24885E-07  -4.63901E-01
7.93333E+00 -4.62000E-01 1.31028E-07  -4.61922E-01
8.00000E+00 -4.60000E-01 1.05380E-07  -4.59943E-01
8.06667E+00 -4.58000E-01 1.35328E-07  -4.57812E-01
8.13333E+00 -4.56000E-01 1.37171E-07  -4.55986E-01
8.20000E+00 -4.54000E-01 1.17513E-07  -4.54007E-01
8.26667E+00 -4.52000E-01 1.41932E-07  -4.52028E-01
8.33333E+00 -4.50000E-01 1.46079E-07  -4.49897E-01
8.40000E+00 -4.48000E-01 1.31796E-07  -4.47918E-01
8.46667E+00 -4.46000E-01 1.48075E-07  -4.45939E-01
8.53333E+00 -4.44000E-01 1.52068E-07  -4.43960E-01
8.60000E+00 -4.42000E-01 1.44696E-07  -4.41981E-01
8.66667E+00 -4.40000E-01 1.59594E-07  -4.40002E-01
8.73333E+00 -4.38000E-01 1.61130E-07  -4.37871E-01
8.80000E+00 -4.36000E-01 1.58672E-07  -4.36045E-01
8.86667E+00 -4.34000E-01 1.69116E-07  -4.33914E-01
8.93333E+00 -4.32000E-01 1.67887E-07  -4.31935E-01
9.00000E+00 -4.30000E-01 1.69730E-07  -4.29956E-01
9.06667E+00 -4.28000E-01 1.75259E-07  -4.27977E-01
9.13333E+00 -4.26000E-01 1.76795E-07  -4.25846E-01
9.20000E+00 -4.24000E-01 1.77716E-07  -4.23867E-01
9.26667E+00 -4.22000E-01 1.83399E-07  -4.21888E-01
9.33333E+00 -4.20000E-01 1.85242E-07  -4.19757E-01
9.40000E+00 -4.18000E-01 1.87699E-07  -4.17778E-01
9.46667E+00 -4.16000E-01 1.94456E-07  -4.15952E-01
9.53333E+00 -4.14000E-01 1.93842E-07  -4.13820E-01
9.60000E+00 -4.12000E-01 1.95378E-07  -4.11842E-01
9.66667E+00 -4.10000E-01 2.06896E-07  -4.09863E-01
9.73333E+00 -4.08000E-01 2.02135E-07  -4.07884E-01
9.80000E+00 -4.06000E-01 2.04132E-07  -4.05905E-01
9.86667E+00 -4.04000E-01 2.10736E-07  -4.03926E-01
9.93333E+00 -4.02000E-01 2.10275E-07  -4.01947E-01
1.00000E+01 -4.00000E-01 2.13040E-07  -3.99968E-01
1.00667E+01 -3.98000E-01 2.24097E-07  -3.97837E-01
1.01333E+01 -3.96000E-01 2.17647E-07  -3.96011E-01
1.02000E+01 -3.94000E-01 2.24558E-07  -3.94032E-01
1.02667E+01 -3.92000E-01 2.36537E-07  -3.91901E-01
1.03333E+01 -3.90000E-01 2.27323E-07  -3.89922E-01
1.04000E+01 -3.88000E-01 2.32852E-07  -3.87943E-01
1.04667E+01 -3.86000E-01 2.49131E-07  -3.85812E-01
1.05333E+01 -3.84000E-01 2.36845E-07  -3.83833E-01
1.06000E+01 -3.82000E-01 2.40991E-07  -3.81854E-01
1.06667E+01 -3.80000E-01 2.54506E-07  -3.79875E-01
1.07333E+01 -3.78000E-01 2.45752E-07  -3.77896E-01
1.08000E+01 -3.76000E-01 2.49745E-07  -3.75917E-01
1.08667E+01 -3.74000E-01 2.64643E-07  -3.73786E-01
1.09333E+01 -3.72000E-01 2.54353E-07  -3.71807E-01
1.10000E+01 -3.70000E-01 2.63107E-07  -3.69829E-01
1.10667E+01 -3.68000E-01 2.74011E-07  -3.67850E-01
1.11333E+01 -3.66000E-01 2.65103E-07  -3.65871E-01
1.12000E+01 -3.64000E-01 2.71707E-07  -3.63892E-01
1.12667E+01 -3.62000E-01 2.83379E-07  -3.61913E-01
1.13333E+01 -3.60000E-01 2.70479E-07  -3.59782E-01
1.14000E+01 -3.58000E-01 2.80308E-07  -3.57955E-01
1.14667E+01 -3.56000E-01 2.86605E-07  -3.55976E-01
1.15333E+01 -3.54000E-01 2.83994E-07  -3.53845E-01
1.16000E+01 -3.52000E-01 2.89369E-07  -3.51867E-01
1.16667E+01 -3.50000E-01 3.00120E-07  -3.49888E-01
1.17333E+01 -3.48000E-01 2.93362E-07  -3.47757E-01
1.18000E+01 -3.46000E-01 3.03652E-07  -3.45778E-01
1.18667E+01 -3.44000E-01 2.96434E-07  -3.43799E-01
1.19333E+01 -3.42000E-01 3.06570E-07  -3.41820E-01
1.20000E+01 -3.40000E-01 3.14096E-07  -3.39689E-01
1.20667E+01 -3.38000E-01 2.98277E-07  -3.37862E-01
1.21333E+01 -3.36000E-01 3.19010E-07  -3.35883E-01
1.22000E+01 -3.34000E-01 3.22542E-07  -3.33752E-01
1.22667E+01 -3.32000E-01 3.04113E-07  -3.31773E-01
1.23333E+01 -3.30000E-01 3.30529E-07  -3.29794E-01
1.24000E+01 -3.28000E-01 3.33140E-07  -3.27816E-01
1.24667E+01 -3.26000E-01 3.14710E-07  -3.25837E-01
1.25333E+01 -3.24000E-01 3.42201E-07  -3.23858E-01
1.26000E+01 -3.22000E-01 3.48958E-07  -3.21727E-01
1.26667E+01 -3.20000E-01 3.23464E-07  -3.19748E-01
1.27333E+01 -3.18000E-01 3.56791E-07  -3.17921E-01
1.28000E+01 -3.16000E-01 3.58787E-07  -3.15942E-01
1.28667E+01 -3.14000E-01 3.41433E-07  -3.13811E-01
1.29333E+01 -3.12000E-01 3.66620E-07  -3.11832E-01
1.30000E+01 -3.10000E-01 3.70767E-07  -3.09854E-01
1.30667E+01 -3.08000E-01 3.60938E-07  -3.07722E-01
1.31333E+01 -3.06000E-01 3.80135E-07  -3.05744E-01
1.32000E+01 -3.04000E-01 3.83821E-07  -3.03765E-01
1.32667E+01 -3.02000E-01 3.78139E-07  -3.01786E-01
1.33333E+01 -3.00000E-01 3.97643E-07  -2.99807E-01
1.34000E+01 -2.98000E-01 3.98104E-07  -2.97828E-01
1.34667E+01 -2.96000E-01 3.96568E-07  -2.95849E-01
1.35333E+01 -2.94000E-01 4.13923E-07  -2.93718E-01
1.36000E+01 -2.92000E-01 4.07933E-07  -2.91739E-01
1.36667E+01 -2.90000E-01 4.16380E-07  -2.89760E-01
1.37333E+01 -2.88000E-01 4.26209E-07  -2.87781E-01
1.38000E+01 -2.86000E-01 4.21755E-07  -2.85803E-01
1.38667E+01 -2.84000E-01 4.32045E-07  -2.83824E-01
1.39333E+01 -2.82000E-01 4.42028E-07  -2.81693E-01
1.40000E+01 -2.80000E-01 4.38649E-07  -2.79866E-01
1.40667E+01 -2.78000E-01 4.49861E-07  -2.77735E-01
1.41333E+01 -2.76000E-01 4.60765E-07  -2.75756E-01
1.42000E+01 -2.74000E-01 4.56157E-07  -2.73777E-01
1.42667E+01 -2.72000E-01 4.64758E-07  -2.71798E-01
1.43333E+01 -2.70000E-01 4.79809E-07  -2.69819E-01
1.44000E+01 -2.68000E-01 4.68290E-07  -2.67688E-01
1.44667E+01 -2.66000E-01 4.82113E-07  -2.65709E-01
1.45333E+01 -2.64000E-01 4.95628E-07  -2.63731E-01
1.46000E+01 -2.62000E-01 4.86106E-07  -2.61599E-01
1.46667E+01 -2.60000E-01 4.95781E-07  -2.59773E-01
1.47333E+01 -2.58000E-01 5.14211E-07  -2.57794E-01
1.48000E+01 -2.56000E-01 5.05150E-07  -2.55663E-01
1.48667E+01 -2.54000E-01 5.16207E-07  -2.53684E-01
1.49333E+01 -2.52000E-01 5.33408E-07  -2.51705E-01
1.50000E+01 -2.50000E-01 5.23579E-07  -2.49726E-01
1.50667E+01 -2.48000E-01 5.31565E-07  -2.47747E-01
1.51333E+01 -2.46000E-01 5.50917E-07  -2.45769E-01
1.52000E+01 -2.44000E-01 5.40166E-07  -2.43790E-01
1.52667E+01 -2.42000E-01 5.49995E-07  -2.41811E-01
1.53333E+01 -2.40000E-01 5.67503E-07  -2.39832E-01
1.54000E+01 -2.38000E-01 5.59210E-07  -2.37853E-01
1.54667E+01 -2.36000E-01 5.67657E-07  -2.35722E-01
1.55333E+01 -2.34000E-01 5.87008E-07  -2.33743E-01
1.56000E+01 -2.32000E-01 5.76257E-07  -2.31764E-01
1.56667E+01 -2.30000E-01 5.88544E-07  -2.29785E-01
1.57333E+01 -2.28000E-01 6.05284E-07  -2.27806E-01
1.58000E+01 -2.26000E-01 5.98219E-07  -2.25675E-01
1.58667E+01 -2.24000E-01 6.04055E-07  -2.23696E-01
1.59333E+01 -2.22000E-01 6.22178E-07  -2.21718E-01
1.60000E+01 -2.20000E-01 6.15727E-07  -2.19739E-01
1.60667E+01 -2.18000E-01 6.21410E-07  -2.17760E-01
1.61333E+01 -2.16000E-01 6.38304E-07  -2.15781E-01
1.62000E+01 -2.14000E-01 6.36768E-07  -2.13650E-01
1.62667E+01 -2.12000E-01 6.43065E-07  -2.11671E-01
1.63333E+01 -2.10000E-01 6.55351E-07  -2.09692E-01
1.64000E+01 -2.08000E-01 6.55965E-07  -2.07713E-01
1.64667E+01 -2.06000E-01 6.63952E-07  -2.05734E-01
1.65333E+01 -2.04000E-01 6.70402E-07  -2.03603E-01
1.66000E+01 -2.02000E-01 6.80231E-07  -2.01777E-01
1.66667E+01 -2.00000E-01 6.81306E-07  -1.99798E-01
1.67333E+01 -1.98000E-01 6.88678E-07  -1.97667E-01
1.68000E+01 -1.96000E-01 7.02193E-07  -1.95688E-01
1.68667E+01 -1.94000E-01 7.06033E-07  -1.93709E-01
1.69333E+01 -1.92000E-01 6.99275E-07  -1.91730E-01
1.70000E+01 -1.90000E-01 7.26766E-07  -1.89599E-01
1.70667E+01 -1.88000E-01 7.29838E-07  -1.87620E-01
1.71333E+01 -1.86000E-01 7.17705E-07  -1.85641E-01
1.72000E+01 -1.84000E-01 7.51492E-07  -1.83662E-01
1.72667E+01 -1.82000E-01 7.56561E-07  -1.81683E-01
1.73333E+01 -1.80000E-01 7.36902E-07  -1.79705E-01
1.74000E+01 -1.78000E-01 7.77448E-07  -1.77574E-01
1.74667E+01 -1.76000E-01 7.80519E-07  -1.75595E-01
1.75333E+01 -1.74000E-01 7.65468E-07  -1.73768E-01
1.76000E+01 -1.72000E-01 8.05706E-07  -1.71941E-01
1.76667E+01 -1.70000E-01 8.09853E-07  -1.69810E-01
1.77333E+01 -1.68000E-01 8.02174E-07  -1.67831E-01
1.78000E+01 -1.66000E-01 8.37190E-07  -1.65853E-01
1.78667E+01 -1.64000E-01 8.39340E-07  -1.63874E-01
1.79333E+01 -1.62000E-01 8.32583E-07  -1.61895E-01
1.80000E+01 -1.60000E-01 8.67292E-07  -1.59916E-01
1.80667E+01 -1.58000E-01 8.70210E-07  -1.57937E-01
1.81333E+01 -1.56000E-01 8.66678E-07  -1.55806E-01
1.82000E+01 -1.54000E-01 8.97855E-07  -1.53827E-01
1.82667E+01 -1.52000E-01 8.96165E-07  -1.51848E-01
1.83333E+01 -1.50000E-01 9.02308E-07  -1.49717E-01
1.84000E+01 -1.48000E-01 9.25345E-07  -1.47738E-01
1.84667E+01 -1.46000E-01 9.23042E-07  -1.45759E-01
1.85333E+01 -1.44000E-01 9.32564E-07  -1.43780E-01
1.86000E+01 -1.42000E-01 9.56369E-07  -1.41802E-01
1.86667E+01 -1.40000E-01 9.54065E-07  -1.39823E-01
1.87333E+01 -1.38000E-01 9.59901E-07  -1.37844E-01
1.88000E+01 -1.36000E-01 9.77409E-07  -1.35713E-01
1.88667E+01 -1.34000E-01 9.77409E-07  -1.33886E-01
1.89333E+01 -1.32000E-01 9.75720E-07  -1.31755E-01
1.90000E+01 -1.30000E-01 1.00214E-06  -1.29776E-01
1.90667E+01 -1.28000E-01 9.90003E-07  -1.27797E-01
1.91333E+01 -1.26000E-01 9.93382E-07  -1.25666E-01
1.92000E+01 -1.24000E-01 1.01580E-06  -1.23840E-01
1.92667E+01 -1.22000E-01 1.00551E-06  -1.21861E-01
1.93333E+01 -1.20000E-01 1.00659E-06  -1.19730E-01
1.94000E+01 -1.18000E-01 1.02579E-06  -1.17751E-01
1.94667E+01 -1.16000E-01 1.01411E-06  -1.15772E-01
1.95333E+01 -1.14000E-01 1.01166E-06  -1.13793E-01
1.96000E+01 -1.12000E-01 1.03070E-06  -1.11814E-01
1.96667E+01 -1.10000E-01 1.01504E-06  -1.09683E-01
1.97333E+01 -1.08000E-01 1.00889E-06  -1.07704E-01
1.98000E+01 -1.06000E-01 1.02671E-06  -1.05725E-01
1.98667E+01 -1.04000E-01 1.00905E-06  -1.03746E-01
1.99333E+01 -1.02000E-01 1.00644E-06  -1.01767E-01
2.00000E+01 -1.00000E-01 1.01872E-06  -9.97886E-02
2.00667E+01 -9.80000E-02 1.00521E-06  -9.76575E-02
2.01333E+01 -9.60000E-02 9.98450E-07  -9.56786E-02
2.02000E+01 -9.40000E-02 1.01120E-06  -9.38520E-02
2.02667E+01 -9.20000E-02 9.93382E-07  -9.18731E-02
2.03333E+01 -9.00000E-02 9.90617E-07  -8.97420E-02
2.04000E+01 -8.80000E-02 1.00214E-06  -8.77631E-02
2.04667E+01 -8.60000E-02 9.83399E-07  -8.57843E-02
2.05333E+01 -8.40000E-02 9.80634E-07  -8.38054E-02
2.06000E+01 -8.20000E-02 9.87546E-07  -8.18265E-02
2.06667E+01 -8.00000E-02 9.74952E-07  -7.98477E-02
2.07333E+01 -7.80000E-02 9.71420E-07  -7.77166E-02
2.08000E+01 -7.60000E-02 9.77563E-07  -7.57377E-02
2.08667E+01 -7.40000E-02 9.67887E-07  -7.37588E-02
2.09333E+01 -7.20000E-02 9.62358E-07  -7.17799E-02
2.10000E+01 -7.00000E-02 9.67580E-07  -6.96489E-02
2.10667E+01 -6.80000E-02 9.59594E-07  -6.76700E-02
2.11333E+01 -6.60000E-02 9.57905E-07  -6.58433E-02
2.12000E+01 -6.40000E-02 9.52529E-07  -6.37122E-02
2.12667E+01 -6.20000E-02 9.54526E-07  -6.17334E-02
2.13333E+01 -6.00000E-02 9.52068E-07  -5.97545E-02
2.14000E+01 -5.80000E-02 9.40396E-07  -5.77756E-02
2.14667E+01 -5.60000E-02 9.50686E-07  -5.57967E-02
2.15333E+01 -5.40000E-02 9.47307E-07  -5.36657E-02
2.16000E+01 -5.20000E-02 9.35328E-07  -5.16868E-02
2.16667E+01 -5.00000E-02 9.50840E-07  -4.97079E-02
2.17333E+01 -4.80000E-02 9.47307E-07  -4.77290E-02
2.18000E+01 -4.60000E-02 9.32410E-07  -4.57502E-02
2.18667E+01 -4.40000E-02 9.45772E-07  -4.37713E-02
2.19333E+01 -4.20000E-02 9.47307E-07  -4.17924E-02
2.20000E+01 -4.00000E-02 9.18281E-07  -3.96613E-02
2.20667E+01 -3.80000E-02 9.49150E-07  -3.76825E-02
2.21333E+01 -3.60000E-02 9.48997E-07  -3.57036E-02
2.22000E+01 -3.40000E-02 9.22120E-07  -3.37247E-02
2.22667E+01 -3.20000E-02 9.52376E-07  -3.15936E-02
2.23333E+01 -3.00000E-02 9.53297E-07  -2.96147E-02
2.24000E+01 -2.80000E-02 9.25345E-07  -2.76359E-02
2.24667E+01 -2.60000E-02 9.56369E-07  -2.56570E-02
2.25333E+01 -2.40000E-02 9.56522E-07  -2.36781E-02
2.26000E+01 -2.20000E-02 9.36557E-07  -2.16993E-02
2.26667E+01 -2.00000E-02 9.64508E-07  -1.97204E-02
2.27333E+01 -1.80000E-02 9.60669E-07  -1.77415E-02
2.28000E+01 -1.60000E-02 9.41779E-07  -1.59149E-02
2.28667E+01 -1.40000E-02 9.68962E-07  -1.39360E-02
2.29333E+01 -1.20000E-02 9.66966E-07  -1.19571E-02
2.30000E+01 -1.00000E-02 9.56062E-07  -9.82602E-03
2.30667E+01 -8.00000E-03 9.75106E-07  -7.99936E-03
2.31333E+01 -6.00000E-03 9.74184E-07  -6.02049E-03
2.32000E+01 -4.00000E-03 9.68194E-07  -3.88940E-03
2.32667E+01 -2.00000E-03 9.82938E-07  -1.91053E-03
2.33333E+01 1.45825E-17  9.83552E-07  6.83472E-05 
2.34000E+01 2.00000E-03  9.80788E-07  2.04722E-03 
2.34667E+01 4.00000E-03  9.92767E-07  4.02609E-03 
2.35333E+01 6.00000E-03  9.93382E-07  6.15719E-03 
2.36000E+01 8.00000E-03  9.90310E-07  8.13606E-03 
2.36667E+01 1.00000E-02  1.00429E-06  1.01149E-02 
2.37333E+01 1.20000E-02  1.00106E-06  1.20938E-02 
2.38000E+01 1.40000E-02  1.00505E-06  1.40727E-02 
2.38667E+01 1.60000E-02  1.01688E-06  1.60515E-02 
2.39333E+01 1.80000E-02  1.01289E-06  1.81826E-02 
2.40000E+01 2.00000E-02  1.01319E-06  2.01615E-02 
2.40667E+01 2.20000E-02  1.02640E-06  2.21404E-02 
2.41333E+01 2.40000E-02  1.02210E-06  2.41193E-02 
2.42000E+01 2.60000E-02  1.02717E-06  2.60981E-02 
2.42667E+01 2.80000E-02  1.03439E-06  2.82292E-02 
2.43333E+01 3.00000E-02  1.03193E-06  3.02081E-02 
2.44000E+01 3.20000E-02  1.03377E-06  3.20347E-02 
2.44667E+01 3.40000E-02  1.04959E-06  3.41658E-02 
2.45333E+01 3.60000E-02  1.04299E-06  3.61447E-02 
2.46000E+01 3.80000E-02  1.05036E-06  3.81236E-02 
2.46667E+01 4.00000E-02  1.06326E-06  4.01025E-02 
2.47333E+01 4.20000E-02  1.05881E-06  4.22336E-02 
2.48000E+01 4.40000E-02  1.06311E-06  4.42124E-02 
2.48667E+01 4.60000E-02  1.07754E-06  4.61913E-02 
2.49333E+01 4.80000E-02  1.07063E-06  4.81702E-02 
2.50000E+01 5.00000E-02  1.07585E-06  5.03013E-02 
2.50667E+01 5.20000E-02  1.09075E-06  5.21279E-02 
2.51333E+01 5.40000E-02  1.08430E-06  5.41068E-02 
2.52000E+01 5.60000E-02  1.08891E-06  5.62379E-02 
2.52667E+01 5.80000E-02  1.10503E-06  5.82168E-02 
2.53333E+01 6.00000E-02  1.10089E-06  6.01956E-02 
2.54000E+01 6.20000E-02  1.10887E-06  6.21745E-02 
2.54667E+01 6.40000E-02  1.12270E-06  6.41534E-02 
2.55333E+01 6.60000E-02  1.11870E-06  6.61322E-02 
2.56000E+01 6.80000E-02  1.12346E-06  6.81111E-02 
2.56667E+01 7.00000E-02  1.14113E-06  7.00900E-02 
2.57333E+01 7.20000E-02  1.13437E-06  7.20689E-02 
2.58000E+01 7.40000E-02  1.14174E-06  7.40477E-02 
2.58667E+01 7.60000E-02  1.15249E-06  7.60266E-02 
2.59333E+01 7.80000E-02  1.15725E-06  7.81577E-02 
2.60000E+01 8.00000E-02  1.17153E-06  8.01366E-02 
2.60667E+01 8.20000E-02  1.18198E-06  8.21154E-02 
2.61333E+01 8.40000E-02  1.20010E-06  8.42465E-02 
2.62000E+01 8.60000E-02  1.21807E-06  8.62254E-02 
2.62667E+01 8.80000E-02  1.21208E-06  8.82043E-02 
2.63333E+01 9.00000E-02  1.23082E-06  9.01832E-02 
2.64000E+01 9.20000E-02  1.23988E-06  9.21620E-02 
2.64667E+01 9.40000E-02  1.22943E-06  9.41409E-02 
2.65333E+01 9.60000E-02  1.25001E-06  9.61198E-02 
2.66000E+01 9.80000E-02  1.26399E-06  9.80986E-02 
2.66667E+01 1.00000E-01  1.22145E-06  1.00078E-01 
2.67333E+01 9.80000E-02  6.76238E-07  9.82509E-02 
2.68000E+01 9.60000E-02  4.67676E-07  9.62720E-02 
2.68667E+01 9.40000E-02  3.23618E-07  9.42931E-02 
2.69333E+01 9.20000E-02  2.60496E-07  9.23142E-02 
2.70000E+01 9.00000E-02  1.99832E-07  9.01832E-02 
2.70667E+01 8.80000E-02  1.15977E-07  8.83565E-02 
2.71333E+01 8.60000E-02  9.80080E-08  8.63776E-02 
2.72000E+01 8.40000E-02  5.97665E-08  8.42465E-02 
2.72667E+01 8.20000E-02  -6.27311E-09 8.22677E-02 
2.73333E+01 8.00000E-02  -1.11877E-08 8.02888E-02 
2.74000E+01 7.80000E-02  -4.02144E-08 7.83099E-02 
2.74667E+01 7.60000E-02  -8.81315E-08 7.61788E-02 
2.75333E+01 7.40000E-02  -8.85922E-08 7.42000E-02 
2.76000E+01 7.20000E-02  -1.12704E-07 7.22211E-02 
2.76667E+01 7.00000E-02  -1.46799E-07 7.02422E-02 
2.77333E+01 6.80000E-02  -1.49103E-07 6.82633E-02 
2.78000E+01 6.60000E-02  -1.69068E-07 6.62845E-02 
2.78667E+01 6.40000E-02  -1.98709E-07 6.41534E-02 
2.79333E+01 6.20000E-02  -1.97481E-07 6.21745E-02 
2.80000E+01 6.00000E-02  -2.13914E-07 6.01956E-02 
2.80667E+01 5.80000E-02  -2.37719E-07 5.83690E-02 
2.81333E+01 5.60000E-02  -2.40176E-07 5.62379E-02 
2.82000E+01 5.40000E-02  -2.57070E-07 5.42590E-02 
2.82667E+01 5.20000E-02  -2.69663E-07 5.22801E-02 
2.83333E+01 5.00000E-02  -2.72274E-07 5.03013E-02 
2.84000E+01 4.80000E-02  -2.89475E-07 4.83224E-02 
2.84667E+01 4.60000E-02  -2.96540E-07 4.63435E-02 
2.85333E+01 4.40000E-02  -2.98844E-07 4.42124E-02 
2.86000E+01 4.20000E-02  -3.15891E-07 4.22336E-02 
2.86667E+01 4.00000E-02  -3.21727E-07 4.02547E-02 
2.87333E+01 3.80000E-02  -3.24492E-07 3.82758E-02 
2.88000E+01 3.60000E-02  -3.45071E-07 3.61447E-02 
2.88667E+01 3.40000E-02  -3.46300E-07 3.41658E-02 
2.89333E+01 3.20000E-02  -3.45379E-07 3.21870E-02 
2.90000E+01 3.00000E-02  -3.66419E-07 3.02081E-02 
2.90667E+01 2.80000E-02  -3.69030E-07 2.82292E-02 
2.91333E+01 2.60000E-02  -3.65498E-07 2.62504E-02 
2.92000E+01 2.40000E-02  -3.82852E-07 2.42715E-02 
2.92667E+01 2.20000E-02  -3.84081E-07 2.21404E-02 
2.93333E+01 2.00000E-02  -3.80856E-07 2.01615E-02 
2.94000E+01 1.80000E-02  -4.01435E-07 1.81826E-02 
2.94667E+01 1.60000E-02  -4.01743E-07 1.62038E-02 
2.95333E+01 1.40000E-02  -3.97442E-07 1.42249E-02 
2.96000E+01 1.20000E-02  -4.18944E-07 1.20938E-02 
2.96667E+01 1.00000E-02  -4.18483E-07 1.02672E-02 
2.97333E+01 8.00000E-03  -4.13261E-07 8.13606E-03 
2.98000E+01 6.00000E-03  -4.35223E-07 6.30941E-03 
2.98667E+01 4.00000E-03  -4.33994E-07 4.17831E-03 
2.99333E+01 2.00000E-03  -4.25240E-07 2.19944E-03 
3.00000E+01 1.45825E-17  -4.47817E-07 6.83472E-05 
3.00667E+01 -2.00000E-03 -4.45974E-07 -1.91053E-03
3.01333E+01 -4.00000E-03 -4.39063E-07 -3.88940E-03
3.02000E+01 -6.00000E-03 -4.60871E-07 -5.86827E-03
3.02667E+01 -8.00000E-03 -4.60717E-07 -7.84714E-03
3.03333E+01 -1.00000E-02 -4.56417E-07 -9.82602E-03
3.04000E+01 -1.20000E-02 -4.73311E-07 -1.18049E-02
3.04667E+01 -1.40000E-02 -4.75768E-07 -1.37838E-02
3.05333E+01 -1.60000E-02 -4.71161E-07 -1.59149E-02
3.06000E+01 -1.80000E-02 -4.88976E-07 -1.75893E-02
3.06667E+01 -2.00000E-02 -4.88362E-07 -1.95682E-02
3.07333E+01 -2.20000E-02 -4.87287E-07 -2.16993E-02
3.08000E+01 -2.40000E-02 -5.00956E-07 -2.36781E-02
3.08667E+01 -2.60000E-02 -4.99113E-07 -2.56570E-02
3.09333E+01 -2.80000E-02 -5.05717E-07 -2.76359E-02
3.10000E+01 -3.00000E-02 -5.10170E-07 -2.94625E-02
3.10667E+01 -3.20000E-02 -5.13088E-07 -3.15936E-02
3.11333E+01 -3.40000E-02 -5.23378E-07 -3.35725E-02
3.12000E+01 -3.60000E-02 -5.26296E-07 -3.57036E-02
3.12667E+01 -3.80000E-02 -5.27679E-07 -3.76825E-02
3.13333E+01 -4.00000E-02 -5.42269E-07 -3.96613E-02
3.14000E+01 -4.20000E-02 -5.37815E-07 -4.16402E-02
3.14667E+01 -4.40000E-02 -5.41501E-07 -4.37713E-02
3.15333E+01 -4.60000E-02 -5.64077E-07 -4.57502E-02
3.16000E+01 -4.80000E-02 -5.50869E-07 -4.75768E-02
3.16667E+01 -5.00000E-02 -5.58855E-07 -4.95557E-02
3.17333E+01 -5.20000E-02 -5.86346E-07 -5.16868E-02
3.18000E+01 -5.40000E-02 -5.66534E-07 -5.36657E-02
3.18667E+01 -5.60000E-02 -5.77285E-07 -5.56445E-02
3.19333E+01 -5.80000E-02 -6.01397E-07 -5.76234E-02
3.20000E+01 -6.00000E-02 -5.84810E-07 -5.96023E-02
3.20667E+01 -6.20000E-02 -5.93872E-07 -6.17334E-02
3.21333E+01 -6.40000E-02 -6.22591E-07 -6.37122E-02
3.22000E+01 -6.60000E-02 -6.01704E-07 -6.56911E-02
3.22667E+01 -6.80000E-02 -6.10458E-07 -6.76700E-02
3.23333E+01 -7.00000E-02 -6.37949E-07 -6.96489E-02
3.24000E+01 -7.20000E-02 -6.19212E-07 -7.16277E-02
3.24667E+01 -7.40000E-02 -6.30117E-07 -7.36066E-02
3.25333E+01 -7.60000E-02 -6.49468E-07 -7.55855E-02
3.26000E+01 -7.80000E-02 -6.35492E-07 -7.77166E-02
3.26667E+01 -8.00000E-02 -6.49468E-07 -7.96954E-02
3.27333E+01 -8.20000E-02 -6.60218E-07 -8.16743E-02
3.28000E+01 -8.40000E-02 -6.51771E-07 -8.38054E-02
3.28667E+01 -8.60000E-02 -6.68512E-07 -8.57843E-02
3.29333E+01 -8.80000E-02 -6.78341E-07 -8.76109E-02
3.30000E+01 -9.00000E-02 -6.72505E-07 -8.97420E-02
3.30667E+01 -9.20000E-02 -6.90474E-07 -9.17209E-02
3.31333E+01 -9.40000E-02 -6.96924E-07 -9.36998E-02
3.32000E+01 -9.60000E-02 -6.94160E-07 -9.56786E-02
3.32667E+01 -9.80000E-02 -7.16736E-07 -9.76575E-02
3.33333E+01 -1.00000E-01 -7.22726E-07 -9.96364E-02
3.34000E+01 -1.02000E-01 -7.21497E-07 -1.01615E-01
3.34667E+01 -1.04000E-01 -7.42537E-07 -1.03746E-01
3.35333E+01 -1.06000E-01 -7.50370E-07 -1.05573E-01
3.36000E+01 -1.08000E-01 -7.48066E-07 -1.07704E-01
3.36667E+01 -1.10000E-01 -7.70182E-07 -1.09683E-01
3.37333E+01 -1.12000E-01 -7.76786E-07 -1.11662E-01
3.38000E+01 -1.14000E-01 -7.67417E-07 -1.13641E-01
3.38667E+01 -1.16000E-01 -7.91837E-07 -1.15620E-01
3.39333E+01 -1.18000E-01 -7.97826E-07 -1.17751E-01
3.40000E+01 -1.20000E-01 -7.86922E-07 -1.19730E-01
3.40667E+01 -1.22000E-01 -8.13492E-07 -1.21708E-01
3.41333E+01 -1.24000E-01 -8.23781E-07 -1.23840E-01
3.42000E+01 -1.26000E-01 -8.07963E-07 -1.25666E-01
3.42667E+01 -1.28000E-01 -8.32843E-07 -1.27797E-01
3.43333E+01 -1.30000E-01 -8.37450E-07 -1.29776E-01
3.44000E+01 -1.32000E-01 -8.23781E-07 -1.31755E-01
3.44667E+01 -1.34000E-01 -8.45283E-07 -1.33734E-01
3.45333E+01 -1.36000E-01 -8.45129E-07 -1.35713E-01
3.46000E+01 -1.38000E-01 -8.28082E-07 -1.37692E-01
3.46667E+01 -1.40000E-01 -8.51426E-07 -1.39670E-01
3.47333E+01 -1.42000E-01 -8.52040E-07 -1.41802E-01
3.48000E+01 -1.44000E-01 -8.32689E-07 -1.43780E-01
3.48667E+01 -1.46000E-01 -8.55265E-07 -1.45607E-01
3.49333E+01 -1.48000E-01 -8.56494E-07 -1.47738E-01
3.50000E+01 -1.50000E-01 -8.37297E-07 -1.49717E-01
3.50667E+01 -1.52000E-01 -8.60026E-07 -1.51696E-01
3.51333E+01 -1.54000E-01 -8.56187E-07 -1.53675E-01
3.52000E+01 -1.56000E-01 -8.38832E-07 -1.55806E-01
3.52667E+01 -1.58000E-01 -8.55112E-07 -1.57785E-01
3.53333E+01 -1.60000E-01 -8.53883E-07 -1.59764E-01
3.54000E+01 -1.62000E-01 -8.41904E-07 -1.61895E-01
3.54667E+01 -1.64000E-01 -8.51272E-07 -1.63721E-01
3.55333E+01 -1.66000E-01 -8.53115E-07 -1.65700E-01
3.56000E+01 -1.68000E-01 -8.46665E-07 -1.67831E-01
3.56667E+01 -1.70000E-01 -8.52501E-07 -1.69810E-01
3.57333E+01 -1.72000E-01 -8.56648E-07 -1.71789E-01
3.58000E+01 -1.74000E-01 -8.54498E-07 -1.73616E-01
3.58667E+01 -1.76000E-01 -8.57262E-07 -1.75595E-01
3.59333E+01 -1.78000E-01 -8.59566E-07 -1.77574E-01
3.60000E+01 -1.80000E-01 -8.65095E-07 -1.79552E-01
3.60667E+01 -1.82000E-01 -8.58644E-07 -1.81531E-01
3.61333E+01 -1.84000E-01 -8.64480E-07 -1.83510E-01
3.62000E+01 -1.86000E-01 -8.80453E-07 -1.85489E-01
3.62667E+01 -1.88000E-01 -8.66477E-07 -1.87468E-01
3.63333E+01 -1.90000E-01 -8.73081E-07 -1.89599E-01
3.64000E+01 -1.92000E-01 -9.00879E-07 -1.91578E-01
3.64667E+01 -1.94000E-01 -8.80453E-07 -1.93557E-01
3.65333E+01 -1.96000E-01 -8.90282E-07 -1.95688E-01
3.66000E+01 -1.98000E-01 -9.20537E-07 -1.97667E-01
3.66667E+01 -2.00000E-01 -9.01647E-07 -1.99646E-01
3.67333E+01 -2.02000E-01 -9.08097E-07 -2.01624E-01
3.68000E+01 -2.04000E-01 -9.41885E-07 -2.03603E-01
3.68667E+01 -2.06000E-01 -9.16851E-07 -2.05582E-01
3.69333E+01 -2.08000E-01 -9.31595E-07 -2.07561E-01
3.70000E+01 -2.10000E-01 -9.64768E-07 -2.09540E-01
3.70667E+01 -2.12000E-01 -9.46185E-07 -2.11671E-01
3.71333E+01 -2.14000E-01 -9.59547E-07 -2.13650E-01
3.72000E+01 -2.16000E-01 -9.93181E-07 -2.15629E-01
3.72667E+01 -2.18000E-01 -9.75058E-07 -2.17608E-01
3.73333E+01 -2.20000E-01 -9.92566E-07 -2.19586E-01
3.74000E+01 -2.22000E-01 -1.01852E-06 -2.21718E-01
3.74667E+01 -2.24000E-01 -1.00915E-06 -2.23544E-01
3.75333E+01 -2.26000E-01 -1.02543E-06 -2.25523E-01
3.76000E+01 -2.28000E-01 -1.04924E-06 -2.27654E-01
3.76667E+01 -2.30000E-01 -1.04217E-06 -2.29633E-01
3.77333E+01 -2.32000E-01 -1.06260E-06 -2.31612E-01
3.78000E+01 -2.34000E-01 -1.08226E-06 -2.33591E-01
3.78667E+01 -2.36000E-01 -1.07811E-06 -2.35722E-01
3.79333E+01 -2.38000E-01 -1.10222E-06 -2.37701E-01
3.80000E+01 -2.40000E-01 -1.11543E-06 -2.39680E-01
3.80667E+01 -2.42000E-01 -1.11604E-06 -2.41659E-01
3.81333E+01 -2.44000E-01 -1.13954E-06 -2.43637E-01
3.82000E+01 -2.46000E-01 -1.15183E-06 -2.45616E-01
3.82667E+01 -2.48000E-01 -1.15290E-06 -2.47747E-01
3.83333E+01 -2.50000E-01 -1.17318E-06 -2.49726E-01
3.84000E+01 -2.52000E-01 -1.18531E-06 -2.51705E-01
3.84667E+01 -2.54000E-01 -1.18516E-06 -2.53684E-01
3.85333E+01 -2.56000E-01 -1.20451E-06 -2.55663E-01
3.86000E+01 -2.58000E-01 -1.21557E-06 -2.57642E-01
3.86667E+01 -2.60000E-01 -1.21265E-06 -2.59773E-01
3.87333E+01 -2.62000E-01 -1.23522E-06 -2.61599E-01
3.88000E+01 -2.64000E-01 -1.24367E-06 -2.63578E-01
3.88667E+01 -2.66000E-01 -1.23968E-06 -2.65557E-01
3.89333E+01 -2.68000E-01 -1.25734E-06 -2.67688E-01
3.90000E+01 -2.70000E-01 -1.26701E-06 -2.69667E-01
3.90667E+01 -2.72000E-01 -1.25396E-06 -2.71646E-01
3.91333E+01 -2.74000E-01 -1.27454E-06 -2.73625E-01
3.92000E+01 -2.76000E-01 -1.28391E-06 -2.75756E-01
3.92667E+01 -2.78000E-01 -1.27393E-06 -2.77735E-01
3.93333E+01 -2.80000E-01 -1.29051E-06 -2.79714E-01
3.94000E+01 -2.82000E-01 -1.29558E-06 -2.81693E-01
3.94667E+01 -2.84000E-01 -1.28729E-06 -2.83672E-01
3.95333E+01 -2.86000E-01 -1.30049E-06 -2.85650E-01
3.96000E+01 -2.88000E-01 -1.30587E-06 -2.87781E-01
3.96667E+01 -2.90000E-01 -1.29650E-06 -2.89760E-01
3.97333E+01 -2.92000E-01 -1.30618E-06 -2.91739E-01
3.98000E+01 -2.94000E-01 -1.31217E-06 -2.93718E-01
3.98667E+01 -2.96000E-01 -1.29742E-06 -2.95697E-01
3.99333E+01 -2.98000E-01 -1.30863E-06 -2.97676E-01
4.00000E+01 -3.00000E-01 -1.31509E-06 -2.99655E-01
4.00667E+01 -3.02000E-01 -1.29589E-06 -3.01634E-01
4.01333E+01 -3.04000E-01 -1.31401E-06 -3.03765E-01
4.02000E+01 -3.06000E-01 -1.31509E-06 -3.05744E-01
4.02667E+01 -3.08000E-01 -1.30633E-06 -3.07722E-01
4.03333E+01 -3.10000E-01 -1.31109E-06 -3.09701E-01
4.04000E+01 -3.12000E-01 -1.31708E-06 -3.11680E-01
4.04667E+01 -3.14000E-01 -1.30802E-06 -3.13811E-01
4.05333E+01 -3.16000E-01 -1.31109E-06 -3.15790E-01
4.06000E+01 -3.18000E-01 -1.31247E-06 -3.17769E-01
4.06667E+01 -3.20000E-01 -1.31032E-06 -3.19748E-01
4.07333E+01 -3.22000E-01 -1.30817E-06 -3.21727E-01
4.08000E+01 -3.24000E-01 -1.30940E-06 -3.23706E-01
4.08667E+01 -3.26000E-01 -1.31800E-06 -3.25685E-01
4.09333E+01 -3.28000E-01 -1.30449E-06 -3.27816E-01
4.10000E+01 -3.30000E-01 -1.30449E-06 -3.29642E-01
4.10667E+01 -3.32000E-01 -1.32077E-06 -3.31773E-01
4.11333E+01 -3.34000E-01 -1.30372E-06 -3.33752E-01
4.12000E+01 -3.36000E-01 -1.30341E-06 -3.35731E-01
4.12667E+01 -3.38000E-01 -1.32353E-06 -3.37710E-01
4.13333E+01 -3.40000E-01 -1.29758E-06 -3.39689E-01
4.14000E+01 -3.42000E-01 -1.29896E-06 -3.41668E-01
4.14667E+01 -3.44000E-01 -1.32614E-06 -3.43647E-01
4.15333E+01 -3.46000E-01 -1.29328E-06 -3.45778E-01
4.16000E+01 -3.48000E-01 -1.29512E-06 -3.47757E-01
4.16667E+01 -3.50000E-01 -1.32507E-06 -3.49735E-01
4.17333E+01 -3.52000E-01 -1.29143E-06 -3.51714E-01
4.18000E+01 -3.54000E-01 -1.29389E-06 -3.53845E-01
4.18667E+01 -3.56000E-01 -1.31923E-06 -3.55824E-01
4.19333E+01 -3.58000E-01 -1.28683E-06 -3.57803E-01
4.20000E+01 -3.60000E-01 -1.28821E-06 -3.59782E-01
4.20667E+01 -3.62000E-01 -1.30971E-06 -3.61761E-01
4.21333E+01 -3.64000E-01 -1.28698E-06 -3.63740E-01
4.22000E+01 -3.66000E-01 -1.28329E-06 -3.65871E-01
4.22667E+01 -3.68000E-01 -1.30188E-06 -3.67850E-01
4.23333E+01 -3.70000E-01 -1.27884E-06 -3.69829E-01
4.24000E+01 -3.72000E-01 -1.28022E-06 -3.71807E-01
4.24667E+01 -3.74000E-01 -1.29497E-06 -3.73786E-01
4.25333E+01 -3.76000E-01 -1.27531E-06 -3.75765E-01
4.26000E+01 -3.78000E-01 -1.27669E-06 -3.77896E-01
4.26667E+01 -3.80000E-01 -1.28606E-06 -3.79723E-01
4.27333E+01 -3.82000E-01 -1.27239E-06 -3.81702E-01
4.28000E+01 -3.84000E-01 -1.27346E-06 -3.83833E-01
4.28667E+01 -3.86000E-01 -1.27777E-06 -3.85812E-01
4.29333E+01 -3.88000E-01 -1.26916E-06 -3.87791E-01
4.30000E+01 -3.90000E-01 -1.26947E-06 -3.89770E-01
4.30667E+01 -3.92000E-01 -1.27423E-06 -3.91901E-01
4.31333E+01 -3.94000E-01 -1.26701E-06 -3.93879E-01
4.32000E+01 -3.96000E-01 -1.26763E-06 -3.95858E-01
4.32667E+01 -3.98000E-01 -1.27469E-06 -3.97837E-01
4.33333E+01 -4.00000E-01 -1.25918E-06 -3.99816E-01
4.34000E+01 -4.02000E-01 -1.26609E-06 -4.01795E-01
4.34667E+01 -4.04000E-01 -1.26748E-06 -4.03926E-01
4.35333E+01 -4.06000E-01 -1.25765E-06 -4.05905E-01
4.36000E+01 -4.08000E-01 -1.26164E-06 -4.07732E-01
4.36667E+01 -4.10000E-01 -1.26179E-06 -4.09710E-01
4.37333E+01 -4.12000E-01 -1.25212E-06 -4.11842E-01
4.38000E+01 -4.14000E-01 -1.26056E-06 -4.13820E-01
4.38667E+01 -4.16000E-01 -1.26010E-06 -4.15799E-01
4.39333E+01 -4.18000E-01 -1.24751E-06 -4.17778E-01
4.40000E+01 -4.20000E-01 -1.26026E-06 -4.19757E-01
4.40667E+01 -4.22000E-01 -1.25872E-06 -4.21736E-01
4.41333E+01 -4.24000E-01 -1.24597E-06 -4.23867E-01
4.42000E+01 -4.26000E-01 -1.25857E-06 -4.25846E-01
4.42667E+01 -4.28000E-01 -1.25550E-06 -4.27825E-01
4.43333E+01 -4.30000E-01 -1.24413E-06 -4.29804E-01
4.44000E+01 -4.32000E-01 -1.25365E-06 -4.31935E-01
4.44667E+01 -4.34000E-01 -1.25196E-06 -4.33914E-01
4.45333E+01 -4.36000E-01 -1.24029E-06 -4.35892E-01
4.46000E+01 -4.38000E-01 -1.25381E-06 -4.37871E-01
4.46667E+01 -4.40000E-01 -1.25073E-06 -4.39850E-01
4.47333E+01 -4.42000E-01 -1.23645E-06 -4.41829E-01
4.48000E+01 -4.44000E-01 -1.25304E-06 -4.43808E-01
4.48667E+01 -4.46000E-01 -1.24828E-06 -4.45939E-01
4.49333E+01 -4.48000E-01 -1.23829E-06 -4.47766E-01
4.50000E+01 -4.50000E-01 -1.24828E-06 -4.49897E-01
4.50667E+01 -4.52000E-01 -1.24490E-06 -4.51876E-01
4.51333E+01 -4.54000E-01 -1.23906E-06 -4.53855E-01
4.52000E+01 -4.56000E-01 -1.24567E-06 -4.55833E-01
4.52667E+01 -4.58000E-01 -1.24444E-06 -4.57812E-01
4.53333E+01 -4.60000E-01 -1.24137E-06 -4.59791E-01
4.54000E+01 -4.62000E-01 -1.24674E-06 -4.61922E-01
4.54667E+01 -4.64000E-01 -1.24137E-06 -4.63901E-01
4.55333E+01 -4.66000E-01 -1.24935E-06 -4.65880E-01
4.56000E+01 -4.68000E-01 -1.24505E-06 -4.67859E-01
4.56667E+01 -4.70000E-01 -1.24183E-06 -4.69838E-01
4.57333E+01 -4.72000E-01 -1.25550E-06 -4.71969E-01
4.58000E+01 -4.74000E-01 -1.24321E-06 -4.73948E-01
4.58667E+01 -4.76000E-01 -1.24290E-06 -4.75927E-01
4.59333E+01 -4.78000E-01 -1.25964E-06 -4.77905E-01
4.60000E+01 -4.80000E-01 -1.23829E-06 -4.79884E-01
4.60667E+01 -4.82000E-01 -1.23814E-06 -4.81863E-01
4.61333E+01 -4.84000E-01 -1.26594E-06 -4.83994E-01
4.62000E+01 -4.86000E-01 -1.24045E-06 -4.85669E-01
4.62667E+01 -4.88000E-01 -1.23876E-06 -4.87648E-01
4.63333E+01 -4.90000E-01 -1.26916E-06 -4.89779E-01
4.64000E+01 -4.92000E-01 -1.24014E-06 -4.91758E-01
4.64667E+01 -4.94000E-01 -1.23860E-06 -4.93736E-01
4.65333E+01 -4.96000E-01 -1.26824E-06 -4.95563E-01
4.66000E+01 -4.98000E-01 -1.23937E-06 -4.97694E-01
4.66667E+01 -5.00000E-01 -1.23937E-06 -4.99673E-01
4.67333E+01 -5.02000E-01 -1.26517E-06 -5.01652E-01
4.68000E+01 -5.04000E-01 -1.23922E-06 -5.03783E-01
4.68667E+01 -5.06000E-01 -1.24075E-06 -5.05762E-01
4.69333E+01 -5.08000E-01 -1.26333E-06 -5.07741E-01
4.70000E+01 -5.10000E-01 -1.23922E-06 -5.09720E-01
4.70667E+01 -5.12000E-01 -1.24198E-06 -5.11851E-01
4.71333E+01 -5.14000E-01 -1.25688E-06 -5.13830E-01
4.72000E+01 -5.16000E-01 -1.23906E-06 -5.15656E-01
4.72667E+01 -5.18000E-01 -1.24306E-06 -5.17787E-01
4.73333E+01 -5.20000E-01 -1.25258E-06 -5.19766E-01
4.74000E+01 -5.22000E-01 -1.23845E-06 -5.21745E-01
4.74667E+01 -5.24000E-01 -1.24029E-06 -5.23876E-01
4.75333E+01 -5.26000E-01 -1.24751E-06 -5.25703E-01
4.76000E+01 -5.28000E-01 -1.23998E-06 -5.27682E-01
4.76667E+01 -5.30000E-01 -1.24444E-06 -5.29813E-01
4.77333E+01 -5.32000E-01 -1.24628E-06 -5.31792E-01
4.78000E+01 -5.34000E-01 -1.23998E-06 -5.33771E-01
4.78667E+01 -5.36000E-01 -1.24628E-06 -5.35749E-01
4.79333E+01 -5.38000E-01 -1.24521E-06 -5.37728E-01
4.80000E+01 -5.40000E-01 -1.24244E-06 -5.39707E-01
4.80667E+01 -5.42000E-01 -1.24643E-06 -5.41838E-01
4.81333E+01 -5.44000E-01 -1.24659E-06 -5.43817E-01
4.82000E+01 -5.46000E-01 -1.24121E-06 -5.45796E-01
4.82667E+01 -5.48000E-01 -1.25227E-06 -5.47775E-01
4.83333E+01 -5.50000E-01 -1.24812E-06 -5.49906E-01
4.84000E+01 -5.52000E-01 -1.24060E-06 -5.51885E-01
4.84667E+01 -5.54000E-01 -1.25319E-06 -5.53712E-01
4.85333E+01 -5.56000E-01 -1.25089E-06 -5.55843E-01
4.86000E+01 -5.58000E-01 -1.24275E-06 -5.57821E-01
4.86667E+01 -5.60000E-01 -1.25626E-06 -5.59800E-01
4.87333E+01 -5.62000E-01 -1.25396E-06 -5.61931E-01
4.88000E+01 -5.64000E-01 -1.24582E-06 -5.63758E-01
4.88667E+01 -5.66000E-01 -1.26133E-06 -5.65737E-01
4.89333E+01 -5.68000E-01 -1.25473E-06 -5.67716E-01
4.90000E+01 -5.70000E-01 -1.24505E-06 -5.69847E-01
4.90667E+01 -5.72000E-01 -1.26302E-06 -5.71826E-01
4.91333E+01 -5.74000E-01 -1.25872E-06 -5.73652E-01
4.92000E+01 -5.76000E-01 -1.24567E-06 -5.75784E-01
4.92667E+01 -5.78000E-01 -1.26563E-06 -5.77762E-01
4.93333E+01 -5.80000E-01 -1.26579E-06 -5.79741E-01
4.94000E+01 -5.82000E-01 -1.25181E-06 -5.81720E-01
4.94667E+01 -5.84000E-01 -1.27101E-06 -5.83851E-01
4.95333E+01 -5.86000E-01 -1.26947E-06 -5.85830E-01
4.96000E+01 -5.88000E-01 -1.25872E-06 -5.87809E-01
4.96667E+01 -5.90000E-01 -1.27761E-06 -5.89788E-01
4.97333E+01 -5.92000E-01 -1.27116E-06 -5.91919E-01
4.98000E+01 -5.94000E-01 -1.26271E-06 -5.93746E-01
4.98667E+01 -5.96000E-01 -1.28207E-06 -5.95724E-01
4.99333E+01 -5.98000E-01 -1.27899E-06 -5.97856E-01
5.00000E+01 -6.00000E-01 -1.26886E-06 -5.99834E-01
5.00667E+01 -6.02000E-01 -1.28713E-06 -6.01813E-01
5.01333E+01 -6.04000E-01 -1.28406E-06 -6.03792E-01
5.02000E+01 -6.06000E-01 -1.28022E-06 -6.05771E-01
5.02667E+01 -6.08000E-01 -1.29282E-06 -6.07750E-01
5.03333E+01 -6.10000E-01 -1.28698E-06 -6.09881E-01
5.04000E+01 -6.12000E-01 -1.29404E-06 -6.11860E-01
5.04667E+01 -6.14000E-01 -1.29819E-06 -6.13839E-01
5.05333E+01 -6.16000E-01 -1.29558E-06 -6.15818E-01
5.06000E+01 -6.18000E-01 -1.30833E-06 -6.17797E-01
5.06667E+01 -6.20000E-01 -1.30357E-06 -6.19775E-01
5.07333E+01 -6.22000E-01 -1.30326E-06 -6.21906E-01
5.08000E+01 -6.24000E-01 -1.32522E-06 -6.23885E-01
5.08667E+01 -6.26000E-01 -1.31048E-06 -6.25864E-01
5.09333E+01 -6.28000E-01 -1.31094E-06 -6.27995E-01
5.10000E+01 -6.30000E-01 -1.33705E-06 -6.29974E-01
5.10667E+01 -6.32000E-01 -1.31770E-06 -6.31801E-01
5.11333E+01 -6.34000E-01 -1.31770E-06 -6.33932E-01
5.12000E+01 -6.36000E-01 -1.34780E-06 -6.35911E-01
5.12667E+01 -6.38000E-01 -1.32445E-06 -6.37890E-01
5.13333E+01 -6.40000E-01 -1.32691E-06 -6.39869E-01
5.14000E+01 -6.42000E-01 -1.35855E-06 -6.41847E-01
5.14667E+01 -6.44000E-01 -1.33229E-06 -6.43674E-01
5.15333E+01 -6.46000E-01 -1.33551E-06 -6.45653E-01
5.16000E+01 -6.48000E-01 -1.36607E-06 -6.47632E-01
5.16667E+01 -6.50000E-01 -1.33935E-06 -6.49611E-01
5.17333E+01 -6.52000E-01 -1.34672E-06 -6.51590E-01
5.18000E+01 -6.54000E-01 -1.36899E-06 -6.53568E-01
5.18667E+01 -6.56000E-01 -1.34642E-06 -6.55700E-01
5.19333E+01 -6.58000E-01 -1.35563E-06 -6.57678E-01
5.20000E+01 -6.60000E-01 -1.37329E-06 -6.59657E-01
5.20667E+01 -6.62000E-01 -1.35548E-06 -6.61636E-01
5.21333E+01 -6.64000E-01 -1.36423E-06 -6.63615E-01
5.22000E+01 -6.66000E-01 -1.37944E-06 -6.65594E-01
5.22667E+01 -6.68000E-01 -1.36730E-06 -6.67725E-01
5.23333E+01 -6.70000E-01 -1.37652E-06 -6.69704E-01
5.24000E+01 -6.72000E-01 -1.39034E-06 -6.71683E-01
5.24667E+01 -6.74000E-01 -1.37836E-06 -6.73662E-01
5.25333E+01 -6.76000E-01 -1.39188E-06 -6.75793E-01
5.26000E+01 -6.78000E-01 -1.39556E-06 -6.77772E-01
5.26667E+01 -6.80000E-01 -1.39034E-06 -6.79750E-01
5.27333E+01 -6.82000E-01 -1.40355E-06 -6.81729E-01
5.28000E+01 -6.84000E-01 -1.40600E-06 -6.83708E-01
5.28667E+01 -6.86000E-01 -1.39925E-06 -6.85687E-01
5.29333E+01 -6.88000E-01 -1.41722E-06 -6.87666E-01
5.30000E+01 -6.90000E-01 -1.41814E-06 -6.89645E-01
5.30667E+01 -6.92000E-01 -1.41230E-06 -6.91624E-01
5.31333E+01 -6.94000E-01 -1.43472E-06 -6.93603E-01
5.32000E+01 -6.96000E-01 -1.43595E-06 -6.95734E-01
5.32667E+01 -6.98000E-01 -1.42566E-06 -6.97713E-01
