time/s      E/V        I/A
0.00000E+00 -7.00000E-01 -5.31518E-07 -6.99691E-01
6.66667E-02 -6.98000E-01 -3.84849E-07 -6.97713E-01
1.33333E-01 -6.96000E-01 -2.34494E-07 -6.95734E-01
2.00000E-01 -6.94000E-01 -1.95177E-07 -6.93755E-01
2.66667E-01 -6.92000E-01 -1.71833E-07 -6.91624E-01
3.33333E-01 -6.90000E-01 -1.43574E-07 -6.89797E-01
4.00000E-01 -6.88000E-01 -1.30059E-07 -6.87818E-01
4.66667E-01 -6.86000E-01 -1.17158E-07 -6.85839E-01
5.33333E-01 -6.84000E-01 -1.01493E-07 -6.83708E-01
6.00000E-01 -6.82000E-01 -9.27389E-08 -6.81729E-01
6.66667E-01 -6.80000E-01 -8.65956E-08 -6.79750E-01
7.33333E-01 -6.78000E-01 -7.15448E-08 -6.77772E-01
8.00000E-01 -6.76000E-01 -6.77053E-08 -6.75640E-01
8.66667E-01 -6.74000E-01 -6.21764E-08 -6.73662E-01
9.33333E-01 -6.72000E-01 -4.92756E-08 -6.71683E-01
1.00000E+00 -6.70000E-01 -4.52825E-08 -6.69704E-01
1.06667E+00 -6.68000E-01 -4.26717E-08 -6.67725E-01
1.13333E+00 -6.66000E-01 -3.00781E-08 -6.65746E-01
1.20000E+00 -6.64000E-01 -2.68529E-08 -6.63767E-01
1.26667E+00 -6.62000E-01 -2.22455E-08 -6.61788E-01
1.33333E+00 -6.60000E-01 -1.48736E-08 -6.59657E-01
1.40000E+00 -6.58000E-01 -1.25699E-08 -6.57678E-01
1.46667E+00 -6.56000E-01 -7.80891E-09 -6.55700E-01
1.53333E+00 -6.54000E-01 -3.50866E-09 -6.53568E-01
1.60000E+00 -6.52000E-01 -1.20496E-09 -6.51590E-01
1.66667E+00 -6.50000E-01 3.86320E-09  -6.49763E-01
1.73333E+00 -6.48000E-01 8.00987E-09  -6.47632E-01
1.80000E+00 -6.46000E-01 1.09279E-08  -6.45653E-01
1.86667E+00 -6.44000E-01 1.58425E-08  -6.43674E-01
1.93333E+00 -6.42000E-01 2.09106E-08  -6.41847E-01
2.00000E+00 -6.40000E-01 2.47501E-08  -6.40021E-01
2.06667E+00 -6.38000E-01 2.78217E-08  -6.37890E-01
2.13333E+00 -6.36000E-01 2.99719E-08  -6.35911E-01
2.20000E+00 -6.34000E-01 3.56543E-08  -6.33932E-01
2.26667E+00 -6.32000E-01 3.61151E-08  -6.31953E-01
2.33333E+00 -6.30000E-01 3.73437E-08  -6.29974E-01
2.40000E+00 -6.28000E-01 3.78045E-08  -6.27995E-01
2.46667E+00 -6.26000E-01 4.22583E-08  -6.25864E-01
2.53333E+00 -6.24000E-01 4.27190E-08  -6.23885E-01
2.60000E+00 -6.22000E-01 4.93230E-08  -6.21906E-01
2.66667E+00 -6.20000E-01 5.33161E-08  -6.19928E-01
2.73333E+00 -6.18000E-01 5.27018E-08  -6.17949E-01
2.80000E+00 -6.16000E-01 5.93057E-08  -6.15818E-01
2.86667E+00 -6.14000E-01 5.97665E-08  -6.13839E-01
2.93333E+00 -6.12000E-01 5.94593E-08  -6.11860E-01
3.00000E+00 -6.10000E-01 6.59097E-08  -6.09881E-01
3.06667E+00 -6.08000E-01 6.42203E-08  -6.07902E-01
3.13333E+00 -6.06000E-01 6.52953E-08  -6.05923E-01
3.20000E+00 -6.04000E-01 7.14386E-08  -6.03792E-01
3.26667E+00 -6.02000E-01 7.32815E-08  -6.01966E-01
3.33333E+00 -6.00000E-01 7.05171E-08  -5.99834E-01
3.40000E+00 -5.98000E-01 8.17284E-08  -5.97856E-01
3.46667E+00 -5.96000E-01 8.18820E-08  -5.95877E-01
3.53333E+00 -5.94000E-01 8.03462E-08  -5.93746E-01
3.60000E+00 -5.92000E-01 8.94075E-08  -5.91919E-01
3.66667E+00 -5.90000E-01 8.67966E-08  -5.89940E-01
3.73333E+00 -5.88000E-01 8.72573E-08  -5.87809E-01
3.80000E+00 -5.86000E-01 9.38613E-08  -5.85830E-01
3.86667E+00 -5.84000E-01 9.26327E-08  -5.83851E-01
3.93333E+00 -5.82000E-01 9.43220E-08  -5.81872E-01
4.00000E+00 -5.80000E-01 9.80080E-08  -5.79894E-01
4.06667E+00 -5.78000E-01 1.00772E-07  -5.77762E-01
4.13333E+00 -5.76000E-01 9.80080E-08  -5.75784E-01
4.20000E+00 -5.74000E-01 1.05226E-07  -5.73805E-01
4.26667E+00 -5.72000E-01 1.05226E-07  -5.71826E-01
4.33333E+00 -5.70000E-01 1.06148E-07  -5.69847E-01
4.40000E+00 -5.68000E-01 1.09987E-07  -5.67868E-01
4.46667E+00 -5.66000E-01 1.13673E-07  -5.65737E-01
4.53333E+00 -5.64000E-01 1.11062E-07  -5.63758E-01
4.60000E+00 -5.62000E-01 1.13059E-07  -5.61931E-01
4.66667E+00 -5.60000E-01 1.17513E-07  -5.59800E-01
4.73333E+00 -5.58000E-01 1.20738E-07  -5.57821E-01
4.80000E+00 -5.56000E-01 1.19509E-07  -5.55843E-01
4.86667E+00 -5.54000E-01 1.22427E-07  -5.53864E-01
4.93333E+00 -5.52000E-01 1.21199E-07  -5.51885E-01
5.00000E+00 -5.50000E-01 1.29185E-07  -5.49906E-01
5.06667E+00 -5.48000E-01 1.27035E-07  -5.47927E-01
5.13333E+00 -5.46000E-01 1.28263E-07  -5.45796E-01
5.20000E+00 -5.44000E-01 1.33024E-07  -5.43817E-01
5.26667E+00 -5.42000E-01 1.34253E-07  -5.41838E-01
5.33333E+00 -5.40000E-01 1.32103E-07  -5.39859E-01
5.40000E+00 -5.38000E-01 1.37478E-07  -5.37728E-01
5.46667E+00 -5.36000E-01 1.39628E-07  -5.35749E-01
5.53333E+00 -5.34000E-01 1.37478E-07  -5.33771E-01
5.60000E+00 -5.32000E-01 1.42700E-07  -5.31944E-01
5.66667E+00 -5.30000E-01 1.44236E-07  -5.29813E-01
5.73333E+00 -5.28000E-01 1.44236E-07  -5.27834E-01
5.80000E+00 -5.26000E-01 1.52375E-07  -5.25855E-01
5.86667E+00 -5.24000E-01 1.48229E-07  -5.23876E-01
5.93333E+00 -5.22000E-01 1.49765E-07  -5.21897E-01
6.00000E+00 -5.20000E-01 1.54986E-07  -5.19766E-01
6.06667E+00 -5.18000E-01 1.54833E-07  -5.17787E-01
6.13333E+00 -5.16000E-01 1.51147E-07  -5.15808E-01
6.20000E+00 -5.14000E-01 1.59901E-07  -5.13830E-01
6.26667E+00 -5.12000E-01 1.59440E-07  -5.11851E-01
6.33333E+00 -5.10000E-01 1.59594E-07  -5.09872E-01
6.40000E+00 -5.08000E-01 1.67273E-07  -5.07741E-01
6.46667E+00 -5.06000E-01 1.71573E-07  -5.05762E-01
6.53333E+00 -5.04000E-01 1.65276E-07  -5.03783E-01
6.60000E+00 -5.02000E-01 1.71573E-07  -5.01804E-01
6.66667E+00 -5.00000E-01 1.72494E-07  -4.99673E-01
6.73333E+00 -4.98000E-01 1.73570E-07  -4.97694E-01
6.80000E+00 -4.96000E-01 1.75105E-07  -4.95715E-01
6.86667E+00 -4.94000E-01 1.77102E-07  -4.93736E-01
6.93333E+00 -4.92000E-01 1.77102E-07  -4.91758E-01
7.00000E+00 -4.90000E-01 1.79098E-07  -4.89779E-01
7.06667E+00 -4.88000E-01 1.80481E-07  -4.87648E-01
7.13333E+00 -4.86000E-01 1.83245E-07  -4.85669E-01
7.20000E+00 -4.84000E-01 1.82016E-07  -4.83994E-01
7.26667E+00 -4.82000E-01 1.88620E-07  -4.82015E-01
7.33333E+00 -4.80000E-01 1.91078E-07  -4.79884E-01
7.40000E+00 -4.78000E-01 1.86317E-07  -4.77905E-01
7.46667E+00 -4.76000E-01 1.93535E-07  -4.75927E-01
7.53333E+00 -4.74000E-01 1.97989E-07  -4.73948E-01
7.60000E+00 -4.72000E-01 1.91846E-07  -4.71969E-01
7.66667E+00 -4.70000E-01 1.97835E-07  -4.69990E-01
7.73333E+00 -4.68000E-01 2.01828E-07  -4.68011E-01
7.80000E+00 -4.66000E-01 1.97989E-07  -4.65880E-01
7.86667E+00 -4.64000E-01 2.04746E-07  -4.63901E-01
7.93333E+00 -4.62000E-01 2.08586E-07  -4.61922E-01
8.00000E+00 -4.60000E-01 2.03364E-07  -4.59791E-01
8.06667E+00 -4.58000E-01 2.14883E-07  -4.57812E-01
8.13333E+00 -4.56000E-01 2.16265E-07  -4.55833E-01
8.20000E+00 -4.54000E-01 2.10890E-07  -4.54007E-01
8.26667E+00 -4.52000E-01 2.21026E-07  -4.52028E-01
8.33333E+00 -4.50000E-01 2.23483E-07  -4.49897E-01
8.40000E+00 -4.48000E-01 2.17340E-07  -4.47918E-01
8.46667E+00 -4.46000E-01 2.25787E-07  -4.45939E-01
8.53333E+00 -4.44000E-01 2.27323E-07  -4.43960E-01
8.60000E+00 -4.42000E-01 2.25326E-07  -4.41981E-01
8.66667E+00 -4.40000E-01 2.32698E-07  -4.39850E-01
8.73333E+00 -4.38000E-01 2.36691E-07  -4.37871E-01
8.80000E+00 -4.36000E-01 2.35462E-07  -4.35892E-01
8.86667E+00 -4.34000E-01 2.41145E-07  -4.33914E-01
8.93333E+00 -4.32000E-01 2.44831E-07  -4.31935E-01
9.00000E+00 -4.30000E-01 2.41913E-07  -4.29956E-01
9.06667E+00 -4.28000E-01 2.49285E-07  -4.27977E-01
9.13333E+00 -4.26000E-01 2.53431E-07  -4.25846E-01
9.20000E+00 -4.24000E-01 2.48670E-07  -4.23867E-01
9.26667E+00 -4.22000E-01 2.57578E-07  -4.21888E-01
9.33333E+00 -4.20000E-01 2.58653E-07  -4.19909E-01
9.40000E+00 -4.18000E-01 2.59421E-07  -4.17778E-01
9.46667E+00 -4.16000E-01 2.65411E-07  -4.15952E-01
9.53333E+00 -4.14000E-01 2.67407E-07  -4.13820E-01
9.60000E+00 -4.12000E-01 2.66946E-07  -4.11842E-01
9.66667E+00 -4.10000E-01 2.74318E-07  -4.09863E-01
9.73333E+00 -4.08000E-01 2.76622E-07  -4.07884E-01
9.80000E+00 -4.06000E-01 2.76161E-07  -4.05905E-01
9.86667E+00 -4.04000E-01 2.80769E-07  -4.03926E-01
9.93333E+00 -4.02000E-01 2.88448E-07  -4.01947E-01
1.00000E+01 -4.00000E-01 2.84455E-07  -3.99816E-01
1.00667E+01 -3.98000E-01 2.88601E-07  -3.97837E-01
1.01333E+01 -3.96000E-01 2.89676E-07  -3.96011E-01
1.02000E+01 -3.94000E-01 2.93055E-07  -3.93879E-01
1.02667E+01 -3.92000E-01 3.02116E-07  -3.91901E-01
1.03333E+01 -3.90000E-01 3.00120E-07  -3.89922E-01
1.04000E+01 -3.88000E-01 2.99966E-07  -3.87791E-01
1.04667E+01 -3.86000E-01 3.09949E-07  -3.85812E-01
1.05333E+01 -3.84000E-01 3.09949E-07  -3.83833E-01
1.06000E+01 -3.82000E-01 3.13021E-07  -3.81854E-01
1.06667E+01 -3.80000E-01 3.19010E-07  -3.79723E-01
1.07333E+01 -3.78000E-01 3.17628E-07  -3.77896E-01
1.08000E+01 -3.76000E-01 3.21775E-07  -3.75917E-01
1.08667E+01 -3.74000E-01 3.25307E-07  -3.73786E-01
1.09333E+01 -3.72000E-01 3.27457E-07  -3.71807E-01
1.10000E+01 -3.70000E-01 3.30529E-07  -3.69829E-01
1.10667E+01 -3.68000E-01 3.38054E-07  -3.67850E-01
1.11333E+01 -3.66000E-01 3.37286E-07  -3.65871E-01
1.12000E+01 -3.64000E-01 3.40051E-07  -3.63892E-01
1.12667E+01 -3.62000E-01 3.46655E-07  -3.61761E-01
1.13333E+01 -3.60000E-01 3.44812E-07  -3.59782E-01
1.14000E+01 -3.58000E-01 3.52184E-07  -3.57955E-01
1.14667E+01 -3.56000E-01 3.58480E-07  -3.55824E-01
1.15333E+01 -3.54000E-01 3.57559E-07  -3.53845E-01
1.16000E+01 -3.52000E-01 3.60784E-07  -3.51867E-01
1.16667E+01 -3.50000E-01 3.61091E-07  -3.49888E-01
1.17333E+01 -3.48000E-01 3.65391E-07  -3.47757E-01
1.18000E+01 -3.46000E-01 3.71688E-07  -3.45778E-01
1.18667E+01 -3.44000E-01 3.73992E-07  -3.43799E-01
1.19333E+01 -3.42000E-01 3.78753E-07  -3.41668E-01
1.20000E+01 -3.40000E-01 3.83975E-07  -3.39689E-01
1.20667E+01 -3.38000E-01 3.81364E-07  -3.37862E-01
1.21333E+01 -3.36000E-01 3.87661E-07  -3.35883E-01
1.22000E+01 -3.34000E-01 3.94879E-07  -3.33752E-01
1.22667E+01 -3.32000E-01 3.87353E-07  -3.31773E-01
1.23333E+01 -3.30000E-01 4.00868E-07  -3.29642E-01
1.24000E+01 -3.28000E-01 4.05476E-07  -3.27816E-01
1.24667E+01 -3.26000E-01 4.01636E-07  -3.25837E-01
1.25333E+01 -3.24000E-01 4.07319E-07  -3.23858E-01
1.26000E+01 -3.22000E-01 4.19145E-07  -3.21727E-01
1.26667E+01 -3.20000E-01 4.12387E-07  -3.19748E-01
1.27333E+01 -3.18000E-01 4.24827E-07  -3.17921E-01
1.28000E+01 -3.16000E-01 4.28974E-07  -3.15790E-01
1.28667E+01 -3.14000E-01 4.24981E-07  -3.13811E-01
1.29333E+01 -3.12000E-01 4.39110E-07  -3.11832E-01
1.30000E+01 -3.10000E-01 4.35424E-07  -3.09854E-01
1.30667E+01 -3.08000E-01 4.38189E-07  -3.07722E-01
1.31333E+01 -3.06000E-01 4.51396E-07  -3.05744E-01
1.32000E+01 -3.04000E-01 4.54314E-07  -3.03765E-01
1.32667E+01 -3.02000E-01 4.56157E-07  -3.01634E-01
1.33333E+01 -3.00000E-01 4.62301E-07  -2.99807E-01
1.34000E+01 -2.98000E-01 4.72437E-07  -2.97828E-01
1.34667E+01 -2.96000E-01 4.70287E-07  -2.95849E-01
1.35333E+01 -2.94000E-01 4.77198E-07  -2.93718E-01
1.36000E+01 -2.92000E-01 4.83188E-07  -2.91739E-01
1.36667E+01 -2.90000E-01 4.86873E-07  -2.89760E-01
1.37333E+01 -2.88000E-01 4.92402E-07  -2.87781E-01
1.38000E+01 -2.86000E-01 4.96549E-07  -2.85803E-01
1.38667E+01 -2.84000E-01 4.99928E-07  -2.83672E-01
1.39333E+01 -2.82000E-01 5.06225E-07  -2.81693E-01
1.40000E+01 -2.80000E-01 5.12368E-07  -2.79866E-01
1.40667E+01 -2.78000E-01 5.16207E-07  -2.77735E-01
1.41333E+01 -2.76000E-01 5.21583E-07  -2.75756E-01
1.42000E+01 -2.74000E-01 5.30951E-07  -2.73777E-01
1.42667E+01 -2.72000E-01 5.32180E-07  -2.71798E-01
1.43333E+01 -2.70000E-01 5.38477E-07  -2.69667E-01
1.44000E+01 -2.68000E-01 5.46156E-07  -2.67688E-01
1.44667E+01 -2.66000E-01 5.52145E-07  -2.65709E-01
1.45333E+01 -2.64000E-01 5.57060E-07  -2.63731E-01
1.46000E+01 -2.62000E-01 5.60131E-07  -2.61599E-01
1.46667E+01 -2.60000E-01 5.64585E-07  -2.59773E-01
1.47333E+01 -2.58000E-01 5.70882E-07  -2.57794E-01
1.48000E+01 -2.56000E-01 5.77640E-07  -2.55663E-01
1.48667E+01 -2.54000E-01 5.82554E-07  -2.53684E-01
1.49333E+01 -2.52000E-01 5.90540E-07  -2.51705E-01
1.50000E+01 -2.50000E-01 5.97451E-07  -2.49726E-01
1.50667E+01 -2.48000E-01 6.02366E-07  -2.47747E-01
1.51333E+01 -2.46000E-01 6.10199E-07  -2.45769E-01
1.52000E+01 -2.44000E-01 6.13424E-07  -2.43637E-01
1.52667E+01 -2.42000E-01 6.18953E-07  -2.41811E-01
1.53333E+01 -2.40000E-01 6.26324E-07  -2.39832E-01
1.54000E+01 -2.38000E-01 6.31085E-07  -2.37701E-01
1.54667E+01 -2.36000E-01 6.35693E-07  -2.35722E-01
1.55333E+01 -2.34000E-01 6.44754E-07  -2.33743E-01
1.56000E+01 -2.32000E-01 6.49515E-07  -2.31764E-01
1.56667E+01 -2.30000E-01 6.56426E-07  -2.29633E-01
1.57333E+01 -2.28000E-01 6.65027E-07  -2.27654E-01
1.58000E+01 -2.26000E-01 6.68866E-07  -2.25675E-01
1.58667E+01 -2.24000E-01 6.75777E-07  -2.23696E-01
1.59333E+01 -2.22000E-01 6.84839E-07  -2.21718E-01
1.60000E+01 -2.20000E-01 6.87449E-07  -2.19739E-01
1.60667E+01 -2.18000E-01 6.94207E-07  -2.17760E-01
1.61333E+01 -2.16000E-01 7.02961E-07  -2.15629E-01
1.62000E+01 -2.14000E-01 7.06647E-07  -2.13650E-01
1.62667E+01 -2.12000E-01 7.13865E-07  -2.11671E-01
1.63333E+01 -2.10000E-01 7.24923E-07  -2.09692E-01
1.64000E+01 -2.08000E-01 7.28763E-07  -2.07713E-01
1.64667E+01 -2.06000E-01 7.36595E-07  -2.05582E-01
1.65333E+01 -2.04000E-01 7.42892E-07  -2.03603E-01
1.66000E+01 -2.02000E-01 7.51646E-07  -2.01777E-01
1.66667E+01 -2.00000E-01 7.60400E-07  -1.99798E-01
1.67333E+01 -1.98000E-01 7.64700E-07  -1.97667E-01
1.68000E+01 -1.96000E-01 7.69308E-07  -1.95688E-01
1.68667E+01 -1.94000E-01 7.84512E-07  -1.93709E-01
1.69333E+01 -1.92000E-01 7.85280E-07  -1.91578E-01
1.70000E+01 -1.90000E-01 7.94188E-07  -1.89599E-01
1.70667E+01 -1.88000E-01 8.06167E-07  -1.87620E-01
1.71333E+01 -1.86000E-01 8.11542E-07  -1.85641E-01
1.72000E+01 -1.84000E-01 8.23061E-07  -1.83510E-01
1.72667E+01 -1.82000E-01 8.36883E-07  -1.81683E-01
1.73333E+01 -1.80000E-01 8.33965E-07  -1.79552E-01
1.74000E+01 -1.78000E-01 8.51473E-07  -1.77574E-01
1.74667E+01 -1.76000E-01 8.63453E-07  -1.75595E-01
1.75333E+01 -1.74000E-01 8.62685E-07  -1.73768E-01
1.76000E+01 -1.72000E-01 8.79271E-07  -1.71789E-01
1.76667E+01 -1.70000E-01 8.93708E-07  -1.69810E-01
1.77333E+01 -1.68000E-01 8.93554E-07  -1.67831E-01
1.78000E+01 -1.66000E-01 9.10141E-07  -1.65853E-01
1.78667E+01 -1.64000E-01 9.21967E-07  -1.63874E-01
1.79333E+01 -1.62000E-01 9.27342E-07  -1.61895E-01
1.80000E+01 -1.60000E-01 9.43161E-07  -1.59916E-01
1.80667E+01 -1.58000E-01 9.55447E-07  -1.57937E-01
1.81333E+01 -1.56000E-01 9.60208E-07  -1.55806E-01
1.82000E+01 -1.54000E-01 9.75566E-07  -1.53827E-01
1.82667E+01 -1.52000E-01 9.88006E-07  -1.51848E-01
1.83333E+01 -1.50000E-01 9.91231E-07  -1.49717E-01
1.84000E+01 -1.48000E-01 1.00690E-06  -1.47738E-01
1.84667E+01 -1.46000E-01 1.02164E-06  -1.45759E-01
1.85333E+01 -1.44000E-01 1.02072E-06  -1.43780E-01
1.86000E+01 -1.42000E-01 1.03715E-06  -1.41802E-01
1.86667E+01 -1.40000E-01 1.04437E-06  -1.39823E-01
1.87333E+01 -1.38000E-01 1.05527E-06  -1.37692E-01
1.88000E+01 -1.36000E-01 1.06311E-06  -1.35713E-01
1.88667E+01 -1.34000E-01 1.06986E-06  -1.33734E-01
1.89333E+01 -1.32000E-01 1.07632E-06  -1.31755E-01
1.90000E+01 -1.30000E-01 1.08553E-06  -1.29776E-01
1.90667E+01 -1.28000E-01 1.08998E-06  -1.27797E-01
1.91333E+01 -1.26000E-01 1.09060E-06  -1.25818E-01
1.92000E+01 -1.24000E-01 1.09904E-06  -1.23840E-01
1.92667E+01 -1.22000E-01 1.10273E-06  -1.21861E-01
1.93333E+01 -1.20000E-01 1.10657E-06  -1.19730E-01
1.94000E+01 -1.18000E-01 1.11056E-06  -1.17751E-01
1.94667E+01 -1.16000E-01 1.10949E-06  -1.15772E-01
1.95333E+01 -1.14000E-01 1.11579E-06  -1.13793E-01
1.96000E+01 -1.12000E-01 1.11440E-06  -1.11662E-01
1.96667E+01 -1.10000E-01 1.11179E-06  -1.09683E-01
1.97333E+01 -1.08000E-01 1.11164E-06  -1.07704E-01
1.98000E+01 -1.06000E-01 1.11671E-06  -1.05573E-01
1.98667E+01 -1.04000E-01 1.10626E-06  -1.03746E-01
1.99333E+01 -1.02000E-01 1.10872E-06  -1.01767E-01
2.00000E+01 -1.00000E-01 1.10795E-06  -9.96364E-02
2.00667E+01 -9.80000E-02 1.10104E-06  -9.76575E-02
2.01333E+01 -9.60000E-02 1.10027E-06  -9.56786E-02
2.02000E+01 -9.40000E-02 1.10058E-06  -9.38520E-02
2.02667E+01 -9.20000E-02 1.09306E-06  -9.17209E-02
2.03333E+01 -9.00000E-02 1.09505E-06  -8.97420E-02
2.04000E+01 -8.80000E-02 1.09183E-06  -8.77631E-02
2.04667E+01 -8.60000E-02 1.08430E-06  -8.57843E-02
2.05333E+01 -8.40000E-02 1.08292E-06  -8.38054E-02
2.06000E+01 -8.20000E-02 1.08108E-06  -8.18265E-02
2.06667E+01 -8.00000E-02 1.07309E-06  -7.96954E-02
2.07333E+01 -7.80000E-02 1.07217E-06  -7.77166E-02
2.08000E+01 -7.60000E-02 1.06925E-06  -7.57377E-02
2.08667E+01 -7.40000E-02 1.06464E-06  -7.37588E-02
2.09333E+01 -7.20000E-02 1.06495E-06  -7.16277E-02
2.10000E+01 -7.00000E-02 1.05650E-06  -6.96489E-02
2.10667E+01 -6.80000E-02 1.05758E-06  -6.76700E-02
2.11333E+01 -6.60000E-02 1.05789E-06  -6.56911E-02
2.12000E+01 -6.40000E-02 1.05389E-06  -6.37122E-02
2.12667E+01 -6.20000E-02 1.04975E-06  -6.17334E-02
2.13333E+01 -6.00000E-02 1.05097E-06  -5.97545E-02
2.14000E+01 -5.80000E-02 1.04729E-06  -5.77756E-02
2.14667E+01 -5.60000E-02 1.04545E-06  -5.57967E-02
2.15333E+01 -5.40000E-02 1.04867E-06  -5.36657E-02
2.16000E+01 -5.20000E-02 1.04253E-06  -5.16868E-02
2.16667E+01 -5.00000E-02 1.04437E-06  -4.97079E-02
2.17333E+01 -4.80000E-02 1.04483E-06  -4.77290E-02
2.18000E+01 -4.60000E-02 1.03992E-06  -4.57502E-02
2.18667E+01 -4.40000E-02 1.04391E-06  -4.37713E-02
2.19333E+01 -4.20000E-02 1.04713E-06  -4.17924E-02
2.20000E+01 -4.00000E-02 1.03531E-06  -3.96613E-02
2.20667E+01 -3.80000E-02 1.04591E-06  -3.76825E-02
2.21333E+01 -3.60000E-02 1.04437E-06  -3.57036E-02
2.22000E+01 -3.40000E-02 1.03838E-06  -3.35725E-02
2.22667E+01 -3.20000E-02 1.04376E-06  -3.15936E-02
2.23333E+01 -3.00000E-02 1.04744E-06  -2.96147E-02
2.24000E+01 -2.80000E-02 1.04068E-06  -2.76359E-02
2.24667E+01 -2.60000E-02 1.05051E-06  -2.56570E-02
2.25333E+01 -2.40000E-02 1.05343E-06  -2.36781E-02
2.26000E+01 -2.20000E-02 1.04683E-06  -2.16993E-02
2.26667E+01 -2.00000E-02 1.05466E-06  -1.95682E-02
2.27333E+01 -1.80000E-02 1.06004E-06  -1.77415E-02
2.28000E+01 -1.60000E-02 1.05359E-06  -1.59149E-02
2.28667E+01 -1.40000E-02 1.06188E-06  -1.39360E-02
2.29333E+01 -1.20000E-02 1.06295E-06  -1.19571E-02
2.30000E+01 -1.00000E-02 1.06357E-06  -9.82602E-03
2.30667E+01 -8.00000E-03 1.06756E-06  -7.84714E-03
2.31333E+01 -6.00000E-03 1.07278E-06  -6.02049E-03
2.32000E+01 -4.00000E-03 1.07201E-06  -3.88940E-03
2.32667E+01 -2.00000E-03 1.07939E-06  -1.91053E-03
2.33333E+01 1.45825E-17  1.08123E-06  6.83472E-05 
2.34000E+01 2.00000E-03  1.08323E-06  2.19944E-03 
2.34667E+01 4.00000E-03  1.08461E-06  4.17831E-03 
2.35333E+01 6.00000E-03  1.09213E-06  6.15719E-03 
2.36000E+01 8.00000E-03  1.08722E-06  8.13606E-03 
2.36667E+01 1.00000E-02  1.09290E-06  1.01149E-02 
2.37333E+01 1.20000E-02  1.09935E-06  1.20938E-02 
2.38000E+01 1.40000E-02  1.10350E-06  1.40727E-02 
2.38667E+01 1.60000E-02  1.10411E-06  1.62038E-02 
2.39333E+01 1.80000E-02  1.10980E-06  1.81826E-02 
2.40000E+01 2.00000E-02  1.11287E-06  2.01615E-02 
2.40667E+01 2.20000E-02  1.12024E-06  2.21404E-02 
2.41333E+01 2.40000E-02  1.11993E-06  2.41193E-02 
2.42000E+01 2.60000E-02  1.12561E-06  2.60981E-02 
2.42667E+01 2.80000E-02  1.12915E-06  2.82292E-02 
2.43333E+01 3.00000E-02  1.13406E-06  3.02081E-02 
2.44000E+01 3.20000E-02  1.13652E-06  3.20347E-02 
2.44667E+01 3.40000E-02  1.14343E-06  3.41658E-02 
2.45333E+01 3.60000E-02  1.13421E-06  3.61447E-02 
2.46000E+01 3.80000E-02  1.14819E-06  3.81236E-02 
2.46667E+01 4.00000E-02  1.16324E-06  4.01025E-02 
2.47333E+01 4.20000E-02  1.15802E-06  4.22336E-02 
2.48000E+01 4.40000E-02  1.16094E-06  4.42124E-02 
2.48667E+01 4.60000E-02  1.17153E-06  4.61913E-02 
2.49333E+01 4.80000E-02  1.17722E-06  4.83224E-02 
2.50000E+01 5.00000E-02  1.17845E-06  5.03013E-02 
2.50667E+01 5.20000E-02  1.18351E-06  5.21279E-02 
2.51333E+01 5.40000E-02  1.18520E-06  5.42590E-02 
2.52000E+01 5.60000E-02  1.19073E-06  5.62379E-02 
2.52667E+01 5.80000E-02  1.20240E-06  5.82168E-02 
2.53333E+01 6.00000E-02  1.20240E-06  6.01956E-02 
2.54000E+01 6.20000E-02  1.20809E-06  6.20223E-02 
2.54667E+01 6.40000E-02  1.22160E-06  6.41534E-02 
2.55333E+01 6.60000E-02  1.21515E-06  6.61322E-02 
2.56000E+01 6.80000E-02  1.22606E-06  6.81111E-02 
2.56667E+01 7.00000E-02  1.23174E-06  7.00900E-02 
2.57333E+01 7.20000E-02  1.23358E-06  7.20689E-02 
2.58000E+01 7.40000E-02  1.24725E-06  7.40477E-02 
2.58667E+01 7.60000E-02  1.25201E-06  7.61788E-02 
2.59333E+01 7.80000E-02  1.24602E-06  7.81577E-02 
2.60000E+01 8.00000E-02  1.26599E-06  8.01366E-02 
2.60667E+01 8.20000E-02  1.27704E-06  8.21154E-02 
2.61333E+01 8.40000E-02  1.28488E-06  8.40943E-02 
2.62000E+01 8.60000E-02  1.30715E-06  8.60732E-02 
2.62667E+01 8.80000E-02  1.31559E-06  8.82043E-02 
2.63333E+01 9.00000E-02  1.32435E-06  9.00309E-02 
2.64000E+01 9.20000E-02  1.34308E-06  9.21620E-02 
2.64667E+01 9.40000E-02  1.34938E-06  9.41409E-02 
2.65333E+01 9.60000E-02  1.35783E-06  9.61198E-02 
2.66000E+01 9.80000E-02  1.37242E-06  9.80986E-02 
2.66667E+01 1.00000E-01  1.37395E-06  1.00078E-01 
2.67333E+01 9.80000E-02  7.60247E-07  9.84031E-02 
2.68000E+01 9.60000E-02  5.57828E-07  9.62720E-02 
2.68667E+01 9.40000E-02  4.24366E-07  9.42931E-02 
2.69333E+01 9.20000E-02  3.39129E-07  9.23142E-02 
2.70000E+01 9.00000E-02  2.74165E-07  9.03354E-02 
2.70667E+01 8.80000E-02  2.02135E-07  8.83565E-02 
2.71333E+01 8.60000E-02  1.61590E-07  8.62254E-02 
2.72000E+01 8.40000E-02  1.20584E-07  8.43988E-02 
2.72667E+01 8.20000E-02  6.92884E-08  8.22677E-02 
2.73333E+01 8.00000E-02  4.14904E-08  8.02888E-02 
2.74000E+01 7.80000E-02  1.56889E-08  7.81577E-02 
2.74667E+01 7.60000E-02  -2.53171E-08 7.61788E-02 
2.75333E+01 7.40000E-02  -4.52825E-08 7.42000E-02 
2.76000E+01 7.20000E-02  -6.70909E-08 7.22211E-02 
2.76667E+01 7.00000E-02  -9.62712E-08 7.02422E-02 
2.77333E+01 6.80000E-02  -1.13626E-07 6.82633E-02 
2.78000E+01 6.60000E-02  -1.25912E-07 6.62845E-02 
2.78667E+01 6.40000E-02  -1.48642E-07 6.41534E-02 
2.79333E+01 6.20000E-02  -1.62925E-07 6.21745E-02 
2.80000E+01 6.00000E-02  -1.79973E-07 6.01956E-02 
2.80667E+01 5.80000E-02  -1.95023E-07 5.83690E-02 
2.81333E+01 5.60000E-02  -2.07771E-07 5.62379E-02 
2.82000E+01 5.40000E-02  -2.20825E-07 5.42590E-02 
2.82667E+01 5.20000E-02  -2.34494E-07 5.22801E-02 
2.83333E+01 5.00000E-02  -2.46780E-07 5.03013E-02 
2.84000E+01 4.80000E-02  -2.58145E-07 4.83224E-02 
2.84667E+01 4.60000E-02  -2.68896E-07 4.63435E-02 
2.85333E+01 4.40000E-02  -2.80107E-07 4.43646E-02 
2.86000E+01 4.20000E-02  -2.86864E-07 4.22336E-02 
2.86667E+01 4.00000E-02  -2.98229E-07 4.02547E-02 
2.87333E+01 3.80000E-02  -3.05755E-07 3.82758E-02 
2.88000E+01 3.60000E-02  -3.15738E-07 3.61447E-02 
2.88667E+01 3.40000E-02  -3.22649E-07 3.41658E-02 
2.89333E+01 3.20000E-02  -3.30788E-07 3.21870E-02 
2.90000E+01 3.00000E-02  -3.42153E-07 3.02081E-02 
2.90667E+01 2.80000E-02  -3.45993E-07 2.82292E-02 
2.91333E+01 2.60000E-02  -3.50447E-07 2.62504E-02 
2.92000E+01 2.40000E-02  -3.63808E-07 2.42715E-02 
2.92667E+01 2.20000E-02  -3.67341E-07 2.21404E-02 
2.93333E+01 2.00000E-02  -3.69644E-07 2.03137E-02 
2.94000E+01 1.80000E-02  -3.82391E-07 1.81826E-02 
2.94667E+01 1.60000E-02  -3.85770E-07 1.62038E-02 
2.95333E+01 1.40000E-02  -3.87460E-07 1.42249E-02 
2.96000E+01 1.20000E-02  -3.98671E-07 1.20938E-02 
2.96667E+01 1.00000E-02  -4.00053E-07 1.02672E-02 
2.97333E+01 8.00000E-03  -4.05275E-07 8.28828E-03 
2.98000E+01 6.00000E-03  -4.16026E-07 6.15719E-03 
2.98667E+01 4.00000E-03  -4.18636E-07 4.17831E-03 
2.99333E+01 2.00000E-03  -4.20479E-07 2.19944E-03 
3.00000E+01 1.45825E-17  -4.30155E-07 2.20568E-04 
3.00667E+01 -2.00000E-03 -4.32919E-07 -1.91053E-03
3.01333E+01 -4.00000E-03 -4.33534E-07 -3.88940E-03
3.02000E+01 -6.00000E-03 -4.47202E-07 -5.86827E-03
3.02667E+01 -8.00000E-03 -4.46588E-07 -7.84714E-03
3.03333E+01 -1.00000E-02 -4.50581E-07 -9.82602E-03
3.04000E+01 -1.20000E-02 -4.63943E-07 -1.18049E-02
3.04667E+01 -1.40000E-02 -4.61946E-07 -1.37838E-02
3.05333E+01 -1.60000E-02 -4.67168E-07 -1.59149E-02
3.06000E+01 -1.80000E-02 -4.79147E-07 -1.75893E-02
3.06667E+01 -2.00000E-02 -4.76843E-07 -1.95682E-02
3.07333E+01 -2.20000E-02 -4.81604E-07 -2.15470E-02
3.08000E+01 -2.40000E-02 -4.90973E-07 -2.36781E-02
3.08667E+01 -2.60000E-02 -4.90666E-07 -2.56570E-02
3.09333E+01 -2.80000E-02 -4.92048E-07 -2.74836E-02
3.10000E+01 -3.00000E-02 -5.02952E-07 -2.94625E-02
3.10667E+01 -3.20000E-02 -5.04334E-07 -3.15936E-02
3.11333E+01 -3.40000E-02 -5.08481E-07 -3.35725E-02
3.12000E+01 -3.60000E-02 -5.15853E-07 -3.55514E-02
3.12667E+01 -3.80000E-02 -5.20153E-07 -3.76825E-02
3.13333E+01 -4.00000E-02 -5.25375E-07 -3.96613E-02
3.14000E+01 -4.20000E-02 -5.31518E-07 -4.16402E-02
3.14667E+01 -4.40000E-02 -5.34897E-07 -4.36191E-02
3.15333E+01 -4.60000E-02 -5.44112E-07 -4.57502E-02
3.16000E+01 -4.80000E-02 -5.49641E-07 -4.75768E-02
3.16667E+01 -5.00000E-02 -5.49180E-07 -4.95557E-02
3.17333E+01 -5.20000E-02 -5.63002E-07 -5.16868E-02
3.18000E+01 -5.40000E-02 -5.64999E-07 -5.36657E-02
3.18667E+01 -5.60000E-02 -5.66074E-07 -5.56445E-02
3.19333E+01 -5.80000E-02 -5.85118E-07 -5.76234E-02
3.20000E+01 -6.00000E-02 -5.86039E-07 -5.96023E-02
3.20667E+01 -6.20000E-02 -5.89264E-07 -6.17334E-02
3.21333E+01 -6.40000E-02 -6.02165E-07 -6.37122E-02
3.22000E+01 -6.60000E-02 -6.08001E-07 -6.56911E-02
3.22667E+01 -6.80000E-02 -6.09998E-07 -6.76700E-02
3.23333E+01 -7.00000E-02 -6.19366E-07 -6.96489E-02
3.24000E+01 -7.20000E-02 -6.24434E-07 -7.16277E-02
3.24667E+01 -7.40000E-02 -6.25356E-07 -7.36066E-02
3.25333E+01 -7.60000E-02 -6.38256E-07 -7.57377E-02
3.26000E+01 -7.80000E-02 -6.37949E-07 -7.77166E-02
3.26667E+01 -8.00000E-02 -6.45628E-07 -7.96954E-02
3.27333E+01 -8.20000E-02 -6.53307E-07 -8.16743E-02
3.28000E+01 -8.40000E-02 -6.62061E-07 -8.38054E-02
3.28667E+01 -8.60000E-02 -6.68051E-07 -8.57843E-02
3.29333E+01 -8.80000E-02 -6.75576E-07 -8.76109E-02
3.30000E+01 -9.00000E-02 -6.87095E-07 -8.97420E-02
3.30667E+01 -9.20000E-02 -6.96156E-07 -9.17209E-02
3.31333E+01 -9.40000E-02 -6.99074E-07 -9.36998E-02
3.32000E+01 -9.60000E-02 -7.10746E-07 -9.56786E-02
3.32667E+01 -9.80000E-02 -7.20268E-07 -9.76575E-02
3.33333E+01 -1.00000E-01 -7.28715E-07 -9.96364E-02
3.34000E+01 -1.02000E-01 -7.38698E-07 -1.01615E-01
3.34667E+01 -1.04000E-01 -7.51445E-07 -1.03594E-01
3.35333E+01 -1.06000E-01 -7.56974E-07 -1.05573E-01
3.36000E+01 -1.08000E-01 -7.69107E-07 -1.07552E-01
3.36667E+01 -1.10000E-01 -7.79397E-07 -1.09683E-01
3.37333E+01 -1.12000E-01 -7.87229E-07 -1.11662E-01
3.38000E+01 -1.14000E-01 -7.94448E-07 -1.13641E-01
3.38667E+01 -1.16000E-01 -8.06273E-07 -1.15620E-01
3.39333E+01 -1.18000E-01 -8.11495E-07 -1.17751E-01
3.40000E+01 -1.20000E-01 -8.14720E-07 -1.19730E-01
3.40667E+01 -1.22000E-01 -8.28082E-07 -1.21708E-01
3.41333E+01 -1.24000E-01 -8.33764E-07 -1.23687E-01
3.42000E+01 -1.26000E-01 -8.35454E-07 -1.25666E-01
3.42667E+01 -1.28000E-01 -8.47126E-07 -1.27645E-01
3.43333E+01 -1.30000E-01 -8.50351E-07 -1.29776E-01
3.44000E+01 -1.32000E-01 -8.50965E-07 -1.31755E-01
3.44667E+01 -1.34000E-01 -8.64020E-07 -1.33734E-01
3.45333E+01 -1.36000E-01 -8.42979E-07 -1.35713E-01
3.46000E+01 -1.38000E-01 -8.56341E-07 -1.37692E-01
3.46667E+01 -1.40000E-01 -8.69241E-07 -1.39823E-01
3.47333E+01 -1.42000E-01 -8.66938E-07 -1.41802E-01
3.48000E+01 -1.44000E-01 -8.91050E-07 -1.43780E-01
3.48667E+01 -1.46000E-01 -8.38525E-07 -1.45607E-01
3.49333E+01 -1.48000E-01 -8.60026E-07 -1.47738E-01
3.50000E+01 -1.50000E-01 -8.61869E-07 -1.49717E-01
3.50667E+01 -1.52000E-01 -8.77535E-07 -1.51696E-01
3.51333E+01 -1.54000E-01 -8.69241E-07 -1.53675E-01
3.52000E+01 -1.56000E-01 -8.65555E-07 -1.55806E-01
3.52667E+01 -1.58000E-01 -8.74617E-07 -1.57785E-01
3.53333E+01 -1.60000E-01 -8.70623E-07 -1.59764E-01
3.54000E+01 -1.62000E-01 -8.60334E-07 -1.61895E-01
3.54667E+01 -1.64000E-01 -8.69088E-07 -1.63721E-01
3.55333E+01 -1.66000E-01 -8.60180E-07 -1.65700E-01
3.56000E+01 -1.68000E-01 -8.58798E-07 -1.67831E-01
3.56667E+01 -1.70000E-01 -8.69395E-07 -1.69810E-01
3.57333E+01 -1.72000E-01 -8.64787E-07 -1.71789E-01
3.58000E+01 -1.74000E-01 -8.59873E-07 -1.73616E-01
3.58667E+01 -1.76000E-01 -8.70009E-07 -1.75442E-01
3.59333E+01 -1.78000E-01 -8.68934E-07 -1.77574E-01
3.60000E+01 -1.80000E-01 -8.64787E-07 -1.79552E-01
3.60667E+01 -1.82000E-01 -8.72313E-07 -1.81531E-01
3.61333E+01 -1.84000E-01 -8.73849E-07 -1.83510E-01
3.62000E+01 -1.86000E-01 -8.74924E-07 -1.85489E-01
3.62667E+01 -1.88000E-01 -8.79070E-07 -1.87620E-01
3.63333E+01 -1.90000E-01 -8.85060E-07 -1.89599E-01
3.64000E+01 -1.92000E-01 -8.89053E-07 -1.91578E-01
3.64667E+01 -1.94000E-01 -8.90435E-07 -1.93557E-01
3.65333E+01 -1.96000E-01 -8.93507E-07 -1.95688E-01
3.66000E+01 -1.98000E-01 -9.06868E-07 -1.97667E-01
3.66667E+01 -2.00000E-01 -9.07022E-07 -1.99646E-01
3.67333E+01 -2.02000E-01 -9.12397E-07 -2.01624E-01
3.68000E+01 -2.04000E-01 -9.26834E-07 -2.03603E-01
3.68667E+01 -2.06000E-01 -9.26834E-07 -2.05582E-01
3.69333E+01 -2.08000E-01 -9.35281E-07 -2.07561E-01
3.70000E+01 -2.10000E-01 -9.46031E-07 -2.09540E-01
3.70667E+01 -2.12000E-01 -9.51868E-07 -2.11671E-01
3.71333E+01 -2.14000E-01 -9.62157E-07 -2.13650E-01
3.72000E+01 -2.16000E-01 -9.74597E-07 -2.15629E-01
3.72667E+01 -2.18000E-01 -9.79666E-07 -2.17608E-01
3.73333E+01 -2.20000E-01 -9.91798E-07 -2.19586E-01
3.74000E+01 -2.22000E-01 -1.00547E-06 -2.21565E-01
3.74667E+01 -2.24000E-01 -1.01100E-06 -2.23544E-01
3.75333E+01 -2.26000E-01 -1.02543E-06 -2.25523E-01
3.76000E+01 -2.28000E-01 -1.03480E-06 -2.27654E-01
3.76667E+01 -2.30000E-01 -1.04693E-06 -2.29633E-01
3.77333E+01 -2.32000E-01 -1.06014E-06 -2.31612E-01
3.78000E+01 -2.34000E-01 -1.06936E-06 -2.33591E-01
3.78667E+01 -2.36000E-01 -1.07995E-06 -2.35722E-01
3.79333E+01 -2.38000E-01 -1.09823E-06 -2.37701E-01
3.80000E+01 -2.40000E-01 -1.10591E-06 -2.39680E-01
3.80667E+01 -2.42000E-01 -1.11497E-06 -2.41659E-01
3.81333E+01 -2.44000E-01 -1.13570E-06 -2.43637E-01
3.82000E+01 -2.46000E-01 -1.14139E-06 -2.45616E-01
3.82667E+01 -2.48000E-01 -1.15229E-06 -2.47747E-01
3.83333E+01 -2.50000E-01 -1.16872E-06 -2.49726E-01
3.84000E+01 -2.52000E-01 -1.17410E-06 -2.51705E-01
3.84667E+01 -2.54000E-01 -1.18255E-06 -2.53532E-01
3.85333E+01 -2.56000E-01 -1.20005E-06 -2.55663E-01
3.86000E+01 -2.58000E-01 -1.20512E-06 -2.57642E-01
3.86667E+01 -2.60000E-01 -1.21050E-06 -2.59621E-01
3.87333E+01 -2.62000E-01 -1.22585E-06 -2.61599E-01
3.88000E+01 -2.64000E-01 -1.23246E-06 -2.63578E-01
3.88667E+01 -2.66000E-01 -1.23568E-06 -2.65557E-01
3.89333E+01 -2.68000E-01 -1.25227E-06 -2.67688E-01
3.90000E+01 -2.70000E-01 -1.25381E-06 -2.69667E-01
3.90667E+01 -2.72000E-01 -1.25795E-06 -2.71646E-01
3.91333E+01 -2.74000E-01 -1.27039E-06 -2.73625E-01
3.92000E+01 -2.76000E-01 -1.27147E-06 -2.75756E-01
3.92667E+01 -2.78000E-01 -1.27147E-06 -2.77735E-01
3.93333E+01 -2.80000E-01 -1.28422E-06 -2.79714E-01
3.94000E+01 -2.82000E-01 -1.28529E-06 -2.81693E-01
3.94667E+01 -2.84000E-01 -1.28283E-06 -2.83672E-01
3.95333E+01 -2.86000E-01 -1.29343E-06 -2.85650E-01
3.96000E+01 -2.88000E-01 -1.29497E-06 -2.87781E-01
3.96667E+01 -2.90000E-01 -1.29159E-06 -2.89760E-01
3.97333E+01 -2.92000E-01 -1.30265E-06 -2.91587E-01
3.98000E+01 -2.94000E-01 -1.30126E-06 -2.93718E-01
3.98667E+01 -2.96000E-01 -1.29681E-06 -2.95697E-01
3.99333E+01 -2.98000E-01 -1.30526E-06 -2.97676E-01
4.00000E+01 -3.00000E-01 -1.30587E-06 -2.99655E-01
4.00667E+01 -3.02000E-01 -1.29758E-06 -3.01634E-01
4.01333E+01 -3.04000E-01 -1.30848E-06 -3.03612E-01
4.02000E+01 -3.06000E-01 -1.30602E-06 -3.05744E-01
4.02667E+01 -3.08000E-01 -1.29804E-06 -3.07722E-01
4.03333E+01 -3.10000E-01 -1.30679E-06 -3.09701E-01
4.04000E+01 -3.12000E-01 -1.31017E-06 -3.11832E-01
4.04667E+01 -3.14000E-01 -1.29957E-06 -3.13811E-01
4.05333E+01 -3.16000E-01 -1.30602E-06 -3.15790E-01
4.06000E+01 -3.18000E-01 -1.30480E-06 -3.17769E-01
4.06667E+01 -3.20000E-01 -1.29804E-06 -3.19748E-01
4.07333E+01 -3.22000E-01 -1.30433E-06 -3.21727E-01
4.08000E+01 -3.24000E-01 -1.30295E-06 -3.23706E-01
4.08667E+01 -3.26000E-01 -1.29896E-06 -3.25685E-01
4.09333E+01 -3.28000E-01 -1.30003E-06 -3.27816E-01
4.10000E+01 -3.30000E-01 -1.29957E-06 -3.29642E-01
4.10667E+01 -3.32000E-01 -1.30003E-06 -3.31773E-01
4.11333E+01 -3.34000E-01 -1.29850E-06 -3.33752E-01
4.12000E+01 -3.36000E-01 -1.29819E-06 -3.35731E-01
4.12667E+01 -3.38000E-01 -1.29973E-06 -3.37710E-01
4.13333E+01 -3.40000E-01 -1.29389E-06 -3.39689E-01
4.14000E+01 -3.42000E-01 -1.29619E-06 -3.41668E-01
4.14667E+01 -3.44000E-01 -1.29911E-06 -3.43647E-01
4.15333E+01 -3.46000E-01 -1.29220E-06 -3.45625E-01
4.16000E+01 -3.48000E-01 -1.29266E-06 -3.47757E-01
4.16667E+01 -3.50000E-01 -1.29558E-06 -3.49735E-01
4.17333E+01 -3.52000E-01 -1.28974E-06 -3.51714E-01
4.18000E+01 -3.54000E-01 -1.28744E-06 -3.53693E-01
4.18667E+01 -3.56000E-01 -1.29251E-06 -3.55824E-01
4.19333E+01 -3.58000E-01 -1.28667E-06 -3.57803E-01
4.20000E+01 -3.60000E-01 -1.28805E-06 -3.59782E-01
4.20667E+01 -3.62000E-01 -1.29067E-06 -3.61761E-01
4.21333E+01 -3.64000E-01 -1.28084E-06 -3.63740E-01
4.22000E+01 -3.66000E-01 -1.28560E-06 -3.65719E-01
4.22667E+01 -3.68000E-01 -1.28529E-06 -3.67850E-01
4.23333E+01 -3.70000E-01 -1.27592E-06 -3.69829E-01
4.24000E+01 -3.72000E-01 -1.28084E-06 -3.71807E-01
4.24667E+01 -3.74000E-01 -1.27945E-06 -3.73786E-01
4.25333E+01 -3.76000E-01 -1.27531E-06 -3.75765E-01
4.26000E+01 -3.78000E-01 -1.27777E-06 -3.77744E-01
4.26667E+01 -3.80000E-01 -1.27531E-06 -3.79723E-01
4.27333E+01 -3.82000E-01 -1.27131E-06 -3.81702E-01
4.28000E+01 -3.84000E-01 -1.27761E-06 -3.83833E-01
4.28667E+01 -3.86000E-01 -1.27515E-06 -3.85812E-01
4.29333E+01 -3.88000E-01 -1.26978E-06 -3.87791E-01
4.30000E+01 -3.90000E-01 -1.27393E-06 -3.89770E-01
4.30667E+01 -3.92000E-01 -1.27101E-06 -3.91901E-01
4.31333E+01 -3.94000E-01 -1.26533E-06 -3.93879E-01
4.32000E+01 -3.96000E-01 -1.27316E-06 -3.95858E-01
4.32667E+01 -3.98000E-01 -1.27024E-06 -3.97837E-01
4.33333E+01 -4.00000E-01 -1.26118E-06 -3.99816E-01
4.34000E+01 -4.02000E-01 -1.26824E-06 -4.01795E-01
4.34667E+01 -4.04000E-01 -1.26901E-06 -4.03774E-01
4.35333E+01 -4.06000E-01 -1.26041E-06 -4.05905E-01
4.36000E+01 -4.08000E-01 -1.26840E-06 -4.07732E-01
4.36667E+01 -4.10000E-01 -1.26640E-06 -4.09710E-01
4.37333E+01 -4.12000E-01 -1.25811E-06 -4.11842E-01
4.38000E+01 -4.14000E-01 -1.26502E-06 -4.13820E-01
4.38667E+01 -4.16000E-01 -1.26241E-06 -4.15799E-01
4.39333E+01 -4.18000E-01 -1.25427E-06 -4.17778E-01
4.40000E+01 -4.20000E-01 -1.26102E-06 -4.19757E-01
4.40667E+01 -4.22000E-01 -1.26102E-06 -4.21736E-01
4.41333E+01 -4.24000E-01 -1.25104E-06 -4.23715E-01
4.42000E+01 -4.26000E-01 -1.26149E-06 -4.25694E-01
4.42667E+01 -4.28000E-01 -1.25949E-06 -4.27825E-01
4.43333E+01 -4.30000E-01 -1.24828E-06 -4.29804E-01
4.44000E+01 -4.32000E-01 -1.26271E-06 -4.31935E-01
4.44667E+01 -4.34000E-01 -1.25672E-06 -4.33914E-01
4.45333E+01 -4.36000E-01 -1.24736E-06 -4.35892E-01
4.46000E+01 -4.38000E-01 -1.25672E-06 -4.37719E-01
4.46667E+01 -4.40000E-01 -1.25488E-06 -4.39850E-01
4.47333E+01 -4.42000E-01 -1.24398E-06 -4.41829E-01
4.48000E+01 -4.44000E-01 -1.25504E-06 -4.43808E-01
4.48667E+01 -4.46000E-01 -1.25350E-06 -4.45939E-01
4.49333E+01 -4.48000E-01 -1.24198E-06 -4.47766E-01
4.50000E+01 -4.50000E-01 -1.25381E-06 -4.49745E-01
4.50667E+01 -4.52000E-01 -1.25319E-06 -4.51876E-01
4.51333E+01 -4.54000E-01 -1.24290E-06 -4.53855E-01
4.52000E+01 -4.56000E-01 -1.25304E-06 -4.55833E-01
4.52667E+01 -4.58000E-01 -1.25073E-06 -4.57812E-01
4.53333E+01 -4.60000E-01 -1.24306E-06 -4.59791E-01
4.54000E+01 -4.62000E-01 -1.24966E-06 -4.61770E-01
4.54667E+01 -4.64000E-01 -1.24828E-06 -4.63901E-01
4.55333E+01 -4.66000E-01 -1.24306E-06 -4.65880E-01
4.56000E+01 -4.68000E-01 -1.24597E-06 -4.67859E-01
4.56667E+01 -4.70000E-01 -1.24858E-06 -4.69838E-01
4.57333E+01 -4.72000E-01 -1.24321E-06 -4.71969E-01
4.58000E+01 -4.74000E-01 -1.24889E-06 -4.73948E-01
4.58667E+01 -4.76000E-01 -1.24766E-06 -4.75774E-01
4.59333E+01 -4.78000E-01 -1.24966E-06 -4.77905E-01
4.60000E+01 -4.80000E-01 -1.24690E-06 -4.79884E-01
4.60667E+01 -4.82000E-01 -1.24398E-06 -4.81863E-01
4.61333E+01 -4.84000E-01 -1.24981E-06 -4.83842E-01
4.62000E+01 -4.86000E-01 -1.24244E-06 -4.85669E-01
4.62667E+01 -4.88000E-01 -1.24551E-06 -4.87648E-01
4.63333E+01 -4.90000E-01 -1.25304E-06 -4.89626E-01
4.64000E+01 -4.92000E-01 -1.24444E-06 -4.91758E-01
4.64667E+01 -4.94000E-01 -1.24382E-06 -4.93736E-01
4.65333E+01 -4.96000E-01 -1.25411E-06 -4.95563E-01
4.66000E+01 -4.98000E-01 -1.24321E-06 -4.97542E-01
4.66667E+01 -5.00000E-01 -1.24490E-06 -4.99673E-01
4.67333E+01 -5.02000E-01 -1.25473E-06 -5.01652E-01
4.68000E+01 -5.04000E-01 -1.24137E-06 -5.03783E-01
4.68667E+01 -5.06000E-01 -1.24367E-06 -5.05762E-01
4.69333E+01 -5.08000E-01 -1.25365E-06 -5.07741E-01
4.70000E+01 -5.10000E-01 -1.24106E-06 -5.09720E-01
4.70667E+01 -5.12000E-01 -1.24521E-06 -5.11851E-01
4.71333E+01 -5.14000E-01 -1.25104E-06 -5.13830E-01
4.72000E+01 -5.16000E-01 -1.23906E-06 -5.15656E-01
4.72667E+01 -5.18000E-01 -1.24843E-06 -5.17635E-01
4.73333E+01 -5.20000E-01 -1.24966E-06 -5.19766E-01
4.74000E+01 -5.22000E-01 -1.24152E-06 -5.21745E-01
4.74667E+01 -5.24000E-01 -1.24613E-06 -5.23724E-01
4.75333E+01 -5.26000E-01 -1.24905E-06 -5.25703E-01
4.76000E+01 -5.28000E-01 -1.24183E-06 -5.27682E-01
4.76667E+01 -5.30000E-01 -1.24490E-06 -5.29813E-01
4.77333E+01 -5.32000E-01 -1.24797E-06 -5.31792E-01
4.78000E+01 -5.34000E-01 -1.23829E-06 -5.33771E-01
4.78667E+01 -5.36000E-01 -1.24720E-06 -5.35749E-01
4.79333E+01 -5.38000E-01 -1.25027E-06 -5.37728E-01
4.80000E+01 -5.40000E-01 -1.24352E-06 -5.39707E-01
4.80667E+01 -5.42000E-01 -1.24858E-06 -5.41686E-01
4.81333E+01 -5.44000E-01 -1.25212E-06 -5.43817E-01
4.82000E+01 -5.46000E-01 -1.24597E-06 -5.45796E-01
4.82667E+01 -5.48000E-01 -1.25227E-06 -5.47775E-01
4.83333E+01 -5.50000E-01 -1.25381E-06 -5.49906E-01
4.84000E+01 -5.52000E-01 -1.24797E-06 -5.51885E-01
4.84667E+01 -5.54000E-01 -1.25089E-06 -5.53712E-01
4.85333E+01 -5.56000E-01 -1.25642E-06 -5.55690E-01
4.86000E+01 -5.58000E-01 -1.25089E-06 -5.57821E-01
4.86667E+01 -5.60000E-01 -1.25411E-06 -5.59800E-01
4.87333E+01 -5.62000E-01 -1.25826E-06 -5.61779E-01
4.88000E+01 -5.64000E-01 -1.25427E-06 -5.63758E-01
4.88667E+01 -5.66000E-01 -1.25857E-06 -5.65737E-01
4.89333E+01 -5.68000E-01 -1.26195E-06 -5.67716E-01
4.90000E+01 -5.70000E-01 -1.25565E-06 -5.69695E-01
4.90667E+01 -5.72000E-01 -1.26517E-06 -5.71826E-01
4.91333E+01 -5.74000E-01 -1.26456E-06 -5.73652E-01
4.92000E+01 -5.76000E-01 -1.25734E-06 -5.75784E-01
4.92667E+01 -5.78000E-01 -1.26502E-06 -5.77762E-01
4.93333E+01 -5.80000E-01 -1.26855E-06 -5.79741E-01
4.94000E+01 -5.82000E-01 -1.26102E-06 -5.81720E-01
4.94667E+01 -5.84000E-01 -1.26794E-06 -5.83699E-01
4.95333E+01 -5.86000E-01 -1.27546E-06 -5.85830E-01
4.96000E+01 -5.88000E-01 -1.26579E-06 -5.87809E-01
4.96667E+01 -5.90000E-01 -1.27377E-06 -5.89788E-01
4.97333E+01 -5.92000E-01 -1.28068E-06 -5.91767E-01
4.98000E+01 -5.94000E-01 -1.27116E-06 -5.93746E-01
4.98667E+01 -5.96000E-01 -1.27869E-06 -5.95724E-01
4.99333E+01 -5.98000E-01 -1.28237E-06 -5.97856E-01
5.00000E+01 -6.00000E-01 -1.27408E-06 -5.99834E-01
5.00667E+01 -6.02000E-01 -1.27976E-06 -6.01813E-01
5.01333E+01 -6.04000E-01 -1.28590E-06 -6.03792E-01
5.02000E+01 -6.06000E-01 -1.28130E-06 -6.05771E-01
5.02667E+01 -6.08000E-01 -1.28790E-06 -6.07750E-01
5.03333E+01 -6.10000E-01 -1.29021E-06 -6.09881E-01
5.04000E+01 -6.12000E-01 -1.28898E-06 -6.11860E-01
5.04667E+01 -6.14000E-01 -1.29420E-06 -6.13687E-01
5.05333E+01 -6.16000E-01 -1.29681E-06 -6.15818E-01
5.06000E+01 -6.18000E-01 -1.29850E-06 -6.17797E-01
5.06667E+01 -6.20000E-01 -1.29865E-06 -6.19775E-01
5.07333E+01 -6.22000E-01 -1.30142E-06 -6.21754E-01
5.08000E+01 -6.24000E-01 -1.30756E-06 -6.23885E-01
5.08667E+01 -6.26000E-01 -1.30572E-06 -6.25864E-01
5.09333E+01 -6.28000E-01 -1.30817E-06 -6.27843E-01
5.10000E+01 -6.30000E-01 -1.32061E-06 -6.29974E-01
5.10667E+01 -6.32000E-01 -1.31493E-06 -6.31801E-01
5.11333E+01 -6.34000E-01 -1.31693E-06 -6.33780E-01
5.12000E+01 -6.36000E-01 -1.32768E-06 -6.35911E-01
5.12667E+01 -6.38000E-01 -1.32399E-06 -6.37890E-01
5.13333E+01 -6.40000E-01 -1.32461E-06 -6.39869E-01
5.14000E+01 -6.42000E-01 -1.33782E-06 -6.41695E-01
5.14667E+01 -6.44000E-01 -1.31800E-06 -6.43674E-01
5.15333E+01 -6.46000E-01 -1.33014E-06 -6.45653E-01
5.16000E+01 -6.48000E-01 -1.34473E-06 -6.47632E-01
5.16667E+01 -6.50000E-01 -1.33505E-06 -6.49611E-01
5.17333E+01 -6.52000E-01 -1.33874E-06 -6.51590E-01
5.18000E+01 -6.54000E-01 -1.35271E-06 -6.53568E-01
5.18667E+01 -6.56000E-01 -1.34488E-06 -6.55547E-01
5.19333E+01 -6.58000E-01 -1.34642E-06 -6.57678E-01
5.20000E+01 -6.60000E-01 -1.36024E-06 -6.59657E-01
5.20667E+01 -6.62000E-01 -1.35532E-06 -6.61636E-01
5.21333E+01 -6.64000E-01 -1.35809E-06 -6.63615E-01
5.22000E+01 -6.66000E-01 -1.36884E-06 -6.65746E-01
5.22667E+01 -6.68000E-01 -1.36485E-06 -6.67725E-01
5.23333E+01 -6.70000E-01 -1.36761E-06 -6.69704E-01
5.24000E+01 -6.72000E-01 -1.37606E-06 -6.71683E-01
5.24667E+01 -6.74000E-01 -1.37375E-06 -6.73662E-01
5.25333E+01 -6.76000E-01 -1.37867E-06 -6.75640E-01
5.26000E+01 -6.78000E-01 -1.38788E-06 -6.77619E-01
5.26667E+01 -6.80000E-01 -1.38558E-06 -6.79750E-01
5.27333E+01 -6.82000E-01 -1.38834E-06 -6.81577E-01
5.28000E+01 -6.84000E-01 -1.40109E-06 -6.83708E-01
5.28667E+01 -6.86000E-01 -1.39879E-06 -6.85687E-01
5.29333E+01 -6.88000E-01 -1.40201E-06 -6.87666E-01
5.30000E+01 -6.90000E-01 -1.40723E-06 -6.89645E-01
5.30667E+01 -6.92000E-01 -1.41030E-06 -6.91624E-01
5.31333E+01 -6.94000E-01 -1.41706E-06 -6.93603E-01
5.32000E+01 -6.96000E-01 -1.42474E-06 -6.95734E-01
5.32667E+01 -6.98000E-01 -1.42290E-06 -6.97713E-01
