time/s      E/V        I/A
0.00000E+00 -7.00000E-01 -2.43708E-07 -6.99539E-01
6.66667E-02 -6.98000E-01 -3.86786E-08 -6.97713E-01
1.33333E-01 -6.96000E-01 -7.19459E-09 -6.95581E-01
2.00000E-01 -6.94000E-01 1.67639E-08  -6.93603E-01
2.66667E-01 -6.92000E-01 2.84361E-08  -6.91624E-01
3.33333E-01 -6.90000E-01 4.05689E-08  -6.89645E-01
4.00000E-01 -6.88000E-01 5.56198E-08  -6.87666E-01
4.66667E-01 -6.86000E-01 7.14386E-08  -6.85687E-01
5.33333E-01 -6.84000E-01 7.28208E-08  -6.83708E-01
6.00000E-01 -6.82000E-01 8.58751E-08  -6.81577E-01
6.66667E-01 -6.80000E-01 9.40149E-08  -6.79598E-01
7.33333E-01 -6.78000E-01 9.53971E-08  -6.77619E-01
8.00000E-01 -6.76000E-01 1.05533E-07  -6.75640E-01
8.66667E-01 -6.74000E-01 1.13673E-07  -6.73509E-01
9.33333E-01 -6.72000E-01 1.13827E-07  -6.71531E-01
1.00000E+00 -6.70000E-01 1.27035E-07  -6.69704E-01
1.06667E+00 -6.68000E-01 1.33639E-07  -6.67573E-01
1.13333E+00 -6.66000E-01 1.31642E-07  -6.65594E-01
1.20000E+00 -6.64000E-01 1.46847E-07  -6.63615E-01
1.26667E+00 -6.62000E-01 1.50225E-07  -6.61636E-01
1.33333E+00 -6.60000E-01 1.47000E-07  -6.59505E-01
1.40000E+00 -6.58000E-01 1.57751E-07  -6.57526E-01
1.46667E+00 -6.56000E-01 1.62512E-07  -6.55547E-01
1.53333E+00 -6.54000E-01 1.59747E-07  -6.53416E-01
1.60000E+00 -6.52000E-01 1.72955E-07  -6.51590E-01
1.66667E+00 -6.50000E-01 1.73262E-07  -6.49611E-01
1.73333E+00 -6.48000E-01 1.76795E-07  -6.47632E-01
1.80000E+00 -6.46000E-01 1.87085E-07  -6.45501E-01
1.86667E+00 -6.44000E-01 1.84474E-07  -6.43522E-01
1.93333E+00 -6.42000E-01 1.84781E-07  -6.41695E-01
2.00000E+00 -6.40000E-01 1.91999E-07  -6.39869E-01
2.06667E+00 -6.38000E-01 1.92921E-07  -6.37737E-01
2.13333E+00 -6.36000E-01 1.90156E-07  -6.35759E-01
2.20000E+00 -6.34000E-01 2.10429E-07  -6.33780E-01
2.26667E+00 -6.32000E-01 1.97682E-07  -6.31801E-01
2.33333E+00 -6.30000E-01 1.99832E-07  -6.29822E-01
2.40000E+00 -6.28000E-01 2.09200E-07  -6.27843E-01
2.46667E+00 -6.26000E-01 2.03364E-07  -6.25864E-01
2.53333E+00 -6.24000E-01 2.08125E-07  -6.23733E-01
2.60000E+00 -6.22000E-01 2.19951E-07  -6.21754E-01
2.66667E+00 -6.20000E-01 2.12118E-07  -6.19775E-01
2.73333E+00 -6.18000E-01 2.13654E-07  -6.17644E-01
2.80000E+00 -6.16000E-01 2.29166E-07  -6.15665E-01
2.86667E+00 -6.14000E-01 2.19490E-07  -6.13687E-01
2.93333E+00 -6.12000E-01 2.20719E-07  -6.11708E-01
3.00000E+00 -6.10000E-01 2.33005E-07  -6.09729E-01
3.06667E+00 -6.08000E-01 2.25326E-07  -6.07750E-01
3.13333E+00 -6.06000E-01 2.35770E-07  -6.05771E-01
3.20000E+00 -6.04000E-01 2.54506E-07  -6.03640E-01
3.26667E+00 -6.02000E-01 2.28398E-07  -6.01813E-01
3.33333E+00 -6.00000E-01 2.32237E-07  -5.99834E-01
3.40000E+00 -5.98000E-01 2.28091E-07  -5.97703E-01
3.46667E+00 -5.96000E-01 2.21179E-07  -5.95724E-01
3.53333E+00 -5.94000E-01 2.33619E-07  -5.93746E-01
3.60000E+00 -5.92000E-01 2.44984E-07  -5.91767E-01
3.66667E+00 -5.90000E-01 2.36077E-07  -5.89788E-01
3.73333E+00 -5.88000E-01 2.51281E-07  -5.87809E-01
3.80000E+00 -5.86000E-01 2.72782E-07  -5.85678E-01
3.86667E+00 -5.84000E-01 2.46059E-07  -5.83699E-01
3.93333E+00 -5.82000E-01 2.50206E-07  -5.81720E-01
4.00000E+00 -5.80000E-01 2.59728E-07  -5.79741E-01
4.06667E+00 -5.78000E-01 2.46213E-07  -5.77610E-01
4.13333E+00 -5.76000E-01 2.52203E-07  -5.75631E-01
4.20000E+00 -5.74000E-01 2.56657E-07  -5.73652E-01
4.26667E+00 -5.72000E-01 2.57578E-07  -5.71674E-01
4.33333E+00 -5.70000E-01 2.58039E-07  -5.69695E-01
4.40000E+00 -5.68000E-01 2.69404E-07  -5.67716E-01
4.46667E+00 -5.66000E-01 2.54046E-07  -5.65737E-01
4.53333E+00 -5.64000E-01 2.49745E-07  -5.63758E-01
4.60000E+00 -5.62000E-01 2.64643E-07  -5.61779E-01
4.66667E+00 -5.60000E-01 2.58346E-07  -5.59800E-01
4.73333E+00 -5.58000E-01 2.64796E-07  -5.57669E-01
4.80000E+00 -5.56000E-01 2.74165E-07  -5.55690E-01
4.86667E+00 -5.54000E-01 2.52510E-07  -5.53712E-01
4.93333E+00 -5.52000E-01 2.71707E-07  -5.51733E-01
5.00000E+00 -5.50000E-01 2.72782E-07  -5.49754E-01
5.06667E+00 -5.48000E-01 2.06282E-07  -5.47775E-01
5.13333E+00 -5.46000E-01 2.74625E-07  -5.45796E-01
5.20000E+00 -5.44000E-01 2.65871E-07  -5.43665E-01
5.26667E+00 -5.42000E-01 2.66639E-07  -5.41686E-01
5.33333E+00 -5.40000E-01 2.78926E-07  -5.39707E-01
5.40000E+00 -5.38000E-01 2.68482E-07  -5.37728E-01
5.46667E+00 -5.36000E-01 2.66025E-07  -5.35597E-01
5.53333E+00 -5.34000E-01 2.77543E-07  -5.33771E-01
5.60000E+00 -5.32000E-01 2.72629E-07  -5.31792E-01
5.66667E+00 -5.30000E-01 2.68943E-07  -5.29661E-01
5.73333E+00 -5.28000E-01 2.81076E-07  -5.27682E-01
5.80000E+00 -5.26000E-01 2.75854E-07  -5.25703E-01
5.86667E+00 -5.24000E-01 2.75393E-07  -5.23724E-01
5.93333E+00 -5.22000E-01 2.81844E-07  -5.21745E-01
6.00000E+00 -5.20000E-01 2.72475E-07  -5.19614E-01
6.06667E+00 -5.18000E-01 2.79540E-07  -5.17635E-01
6.13333E+00 -5.16000E-01 2.78618E-07  -5.15656E-01
6.20000E+00 -5.14000E-01 2.86912E-07  -5.13677E-01
6.26667E+00 -5.12000E-01 2.97509E-07  -5.11699E-01
6.33333E+00 -5.10000E-01 2.86912E-07  -5.09720E-01
6.40000E+00 -5.08000E-01 2.88755E-07  -5.07741E-01
6.46667E+00 -5.06000E-01 2.89369E-07  -5.05610E-01
6.53333E+00 -5.04000E-01 3.42201E-07  -5.03631E-01
6.60000E+00 -5.02000E-01 2.33159E-07  -5.01652E-01
6.66667E+00 -5.00000E-01 3.28071E-07  -4.99673E-01
6.73333E+00 -4.98000E-01 2.78311E-07  -4.97542E-01
6.80000E+00 -4.96000E-01 3.08260E-07  -4.95563E-01
6.86667E+00 -4.94000E-01 2.92287E-07  -4.93584E-01
6.93333E+00 -4.92000E-01 3.13788E-07  -4.91605E-01
7.00000E+00 -4.90000E-01 3.20700E-07  -4.89626E-01
7.06667E+00 -4.88000E-01 2.99813E-07  -4.87648E-01
7.13333E+00 -4.86000E-01 3.00888E-07  -4.85669E-01
7.20000E+00 -4.84000E-01 3.04727E-07  -4.83842E-01
7.26667E+00 -4.82000E-01 3.08567E-07  -4.81863E-01
7.33333E+00 -4.80000E-01 3.01348E-07  -4.79884E-01
7.40000E+00 -4.78000E-01 2.36537E-07  -4.77753E-01
7.46667E+00 -4.76000E-01 3.21314E-07  -4.75774E-01
7.53333E+00 -4.74000E-01 2.70172E-07  -4.73948E-01
7.60000E+00 -4.72000E-01 2.62185E-07  -4.71817E-01
7.66667E+00 -4.70000E-01 3.19471E-07  -4.69838E-01
7.73333E+00 -4.68000E-01 3.36825E-07  -4.67859E-01
7.80000E+00 -4.66000E-01 3.14863E-07  -4.65728E-01
7.86667E+00 -4.64000E-01 3.04881E-07  -4.63749E-01
7.93333E+00 -4.62000E-01 3.11178E-07  -4.61770E-01
8.00000E+00 -4.60000E-01 2.91212E-07  -4.59639E-01
8.06667E+00 -4.58000E-01 3.57405E-07  -4.57660E-01
8.13333E+00 -4.56000E-01 3.27303E-07  -4.55833E-01
8.20000E+00 -4.54000E-01 3.05956E-07  -4.53855E-01
8.26667E+00 -4.52000E-01 3.11792E-07  -4.51876E-01
8.33333E+00 -4.50000E-01 2.78926E-07  -4.49745E-01
8.40000E+00 -4.48000E-01 3.27303E-07  -4.47766E-01
8.46667E+00 -4.46000E-01 3.29454E-07  -4.45787E-01
8.53333E+00 -4.44000E-01 3.33907E-07  -4.43808E-01
8.60000E+00 -4.42000E-01 3.04420E-07  -4.41677E-01
8.66667E+00 -4.40000E-01 3.16399E-07  -4.39698E-01
8.73333E+00 -4.38000E-01 3.22850E-07  -4.37719E-01
8.80000E+00 -4.36000E-01 3.10256E-07  -4.35892E-01
8.86667E+00 -4.34000E-01 3.28839E-07  -4.33761E-01
8.93333E+00 -4.32000E-01 3.24846E-07  -4.31783E-01
9.00000E+00 -4.30000E-01 3.23618E-07  -4.29804E-01
9.06667E+00 -4.28000E-01 3.36211E-07  -4.27673E-01
9.13333E+00 -4.26000E-01 3.22389E-07  -4.25694E-01
9.20000E+00 -4.24000E-01 3.34368E-07  -4.23715E-01
9.26667E+00 -4.22000E-01 3.41586E-07  -4.21736E-01
9.33333E+00 -4.20000E-01 3.30375E-07  -4.19757E-01
9.40000E+00 -4.18000E-01 3.32525E-07  -4.17626E-01
9.46667E+00 -4.16000E-01 3.40819E-07  -4.15799E-01
9.53333E+00 -4.14000E-01 3.37133E-07  -4.13668E-01
9.60000E+00 -4.12000E-01 3.38515E-07  -4.11689E-01
9.66667E+00 -4.10000E-01 3.97490E-07  -4.09710E-01
9.73333E+00 -4.08000E-01 3.47576E-07  -4.07732E-01
9.80000E+00 -4.06000E-01 3.27918E-07  -4.05753E-01
9.86667E+00 -4.04000E-01 3.42508E-07  -4.03774E-01
9.93333E+00 -4.02000E-01 3.29761E-07  -4.01795E-01
1.00000E+01 -4.00000E-01 3.49880E-07  -3.99664E-01
1.00667E+01 -3.98000E-01 3.56484E-07  -3.97837E-01
1.01333E+01 -3.96000E-01 3.32372E-07  -3.95858E-01
1.02000E+01 -3.94000E-01 3.20546E-07  -3.93727E-01
1.02667E+01 -3.92000E-01 3.53105E-07  -3.91748E-01
1.03333E+01 -3.90000E-01 3.43737E-07  -3.89770E-01
1.04000E+01 -3.88000E-01 3.95493E-07  -3.87791E-01
1.04667E+01 -3.86000E-01 3.43429E-07  -3.85660E-01
1.05333E+01 -3.84000E-01 3.27150E-07  -3.83681E-01
1.06000E+01 -3.82000E-01 3.84435E-07  -3.81702E-01
1.06667E+01 -3.80000E-01 3.23464E-07  -3.79723E-01
1.07333E+01 -3.78000E-01 3.27918E-07  -3.77744E-01
1.08000E+01 -3.76000E-01 3.83667E-07  -3.75765E-01
1.08667E+01 -3.74000E-01 3.58173E-07  -3.73634E-01
1.09333E+01 -3.72000E-01 3.57559E-07  -3.71655E-01
1.10000E+01 -3.70000E-01 3.58941E-07  -3.69676E-01
1.10667E+01 -3.68000E-01 3.64470E-07  -3.67697E-01
1.11333E+01 -3.66000E-01 3.57712E-07  -3.65719E-01
1.12000E+01 -3.64000E-01 3.66159E-07  -3.63740E-01
1.12667E+01 -3.62000E-01 3.68924E-07  -3.61761E-01
1.13333E+01 -3.60000E-01 3.64624E-07  -3.59630E-01
1.14000E+01 -3.58000E-01 3.67234E-07  -3.57803E-01
1.14667E+01 -3.56000E-01 3.70152E-07  -3.55824E-01
1.15333E+01 -3.54000E-01 3.60938E-07  -3.53693E-01
1.16000E+01 -3.52000E-01 3.73992E-07  -3.51714E-01
1.16667E+01 -3.50000E-01 3.81978E-07  -3.49735E-01
1.17333E+01 -3.48000E-01 3.69538E-07  -3.47604E-01
1.18000E+01 -3.46000E-01 3.77985E-07  -3.45625E-01
1.18667E+01 -3.44000E-01 3.71381E-07  -3.43647E-01
1.19333E+01 -3.42000E-01 3.75067E-07  -3.41668E-01
1.20000E+01 -3.40000E-01 3.82439E-07  -3.39537E-01
1.20667E+01 -3.38000E-01 3.91500E-07  -3.37710E-01
1.21333E+01 -3.36000E-01 3.84589E-07  -3.35731E-01
1.22000E+01 -3.34000E-01 3.81057E-07  -3.33600E-01
1.22667E+01 -3.32000E-01 3.85971E-07  -3.31621E-01
1.23333E+01 -3.30000E-01 3.86432E-07  -3.29642E-01
1.24000E+01 -3.28000E-01 3.89811E-07  -3.27663E-01
1.24667E+01 -3.26000E-01 3.91961E-07  -3.25685E-01
1.25333E+01 -3.24000E-01 3.93343E-07  -3.23706E-01
1.26000E+01 -3.22000E-01 3.91654E-07  -3.21727E-01
1.26667E+01 -3.20000E-01 4.02251E-07  -3.19748E-01
1.27333E+01 -3.18000E-01 3.90271E-07  -3.17769E-01
1.28000E+01 -3.16000E-01 3.97029E-07  -3.15790E-01
1.28667E+01 -3.14000E-01 4.05629E-07  -3.13659E-01
1.29333E+01 -3.12000E-01 3.97490E-07  -3.11680E-01
1.30000E+01 -3.10000E-01 4.04862E-07  -3.09701E-01
1.30667E+01 -3.08000E-01 4.02865E-07  -3.07570E-01
1.31333E+01 -3.06000E-01 4.05783E-07  -3.05591E-01
1.32000E+01 -3.04000E-01 4.05783E-07  -3.03612E-01
1.32667E+01 -3.02000E-01 4.03479E-07  -3.01634E-01
1.33333E+01 -3.00000E-01 4.01483E-07  -2.99655E-01
1.34000E+01 -2.98000E-01 3.90579E-07  -2.97676E-01
1.34667E+01 -2.96000E-01 4.38342E-07  -2.95697E-01
1.35333E+01 -2.94000E-01 4.22063E-07  -2.93566E-01
1.36000E+01 -2.92000E-01 4.17916E-07  -2.91587E-01
1.36667E+01 -2.90000E-01 4.21141E-07  -2.89608E-01
1.37333E+01 -2.88000E-01 4.23598E-07  -2.87629E-01
1.38000E+01 -2.86000E-01 3.94879E-07  -2.85650E-01
1.38667E+01 -2.84000E-01 4.18223E-07  -2.83672E-01
1.39333E+01 -2.82000E-01 4.32967E-07  -2.81540E-01
1.40000E+01 -2.80000E-01 4.25441E-07  -2.79714E-01
1.40667E+01 -2.78000E-01 3.90271E-07  -2.77583E-01
1.41333E+01 -2.76000E-01 4.41414E-07  -2.75604E-01
1.42000E+01 -2.74000E-01 4.34503E-07  -2.73625E-01
1.42667E+01 -2.72000E-01 4.31892E-07  -2.71646E-01
1.43333E+01 -2.70000E-01 4.39724E-07  -2.69515E-01
1.44000E+01 -2.68000E-01 4.31738E-07  -2.67536E-01
1.44667E+01 -2.66000E-01 4.38803E-07  -2.65557E-01
1.45333E+01 -2.64000E-01 4.39264E-07  -2.63426E-01
1.46000E+01 -2.62000E-01 4.40031E-07  -2.61447E-01
1.46667E+01 -2.60000E-01 4.42796E-07  -2.59621E-01
1.47333E+01 -2.58000E-01 4.40799E-07  -2.57642E-01
1.48000E+01 -2.56000E-01 4.48939E-07  -2.55511E-01
1.48667E+01 -2.54000E-01 4.45714E-07  -2.53532E-01
1.49333E+01 -2.52000E-01 4.42950E-07  -2.51553E-01
1.50000E+01 -2.50000E-01 4.49861E-07  -2.49726E-01
1.50667E+01 -2.48000E-01 4.48632E-07  -2.47595E-01
1.51333E+01 -2.46000E-01 4.40031E-07  -2.45616E-01
1.52000E+01 -2.44000E-01 4.63069E-07  -2.43637E-01
1.52667E+01 -2.42000E-01 4.53239E-07  -2.41659E-01
1.53333E+01 -2.40000E-01 4.48478E-07  -2.39680E-01
1.54000E+01 -2.38000E-01 4.56772E-07  -2.37701E-01
1.54667E+01 -2.36000E-01 4.59536E-07  -2.35570E-01
1.55333E+01 -2.34000E-01 4.48478E-07  -2.33591E-01
1.56000E+01 -2.32000E-01 4.67215E-07  -2.31612E-01
1.56667E+01 -2.30000E-01 4.64297E-07  -2.29633E-01
1.57333E+01 -2.28000E-01 4.55543E-07  -2.27502E-01
1.58000E+01 -2.26000E-01 4.72437E-07  -2.25523E-01
1.58667E+01 -2.24000E-01 4.71208E-07  -2.23544E-01
1.59333E+01 -2.22000E-01 4.63990E-07  -2.21565E-01
1.60000E+01 -2.20000E-01 4.78119E-07  -2.19586E-01
1.60667E+01 -2.18000E-01 4.74280E-07  -2.17608E-01
1.61333E+01 -2.16000E-01 4.69672E-07  -2.15477E-01
1.62000E+01 -2.14000E-01 4.84416E-07  -2.13498E-01
1.62667E+01 -2.12000E-01 4.79194E-07  -2.11519E-01
1.63333E+01 -2.10000E-01 4.80884E-07  -2.09540E-01
1.64000E+01 -2.08000E-01 4.91788E-07  -2.07561E-01
1.64667E+01 -2.06000E-01 4.84109E-07  -2.05430E-01
1.65333E+01 -2.04000E-01 4.90099E-07  -2.03603E-01
1.66000E+01 -2.02000E-01 4.97471E-07  -2.01624E-01
1.66667E+01 -2.00000E-01 4.90559E-07  -1.99646E-01
1.67333E+01 -1.98000E-01 4.97317E-07  -1.97514E-01
1.68000E+01 -1.96000E-01 5.01003E-07  -1.95536E-01
1.68667E+01 -1.94000E-01 4.96395E-07  -1.93557E-01
1.69333E+01 -1.92000E-01 5.04689E-07  -1.91578E-01
1.70000E+01 -1.90000E-01 5.10525E-07  -1.89447E-01
1.70667E+01 -1.88000E-01 4.99928E-07  -1.87468E-01
1.71333E+01 -1.86000E-01 5.08375E-07  -1.85489E-01
1.72000E+01 -1.84000E-01 5.15900E-07  -1.83510E-01
1.72667E+01 -1.82000E-01 5.13136E-07  -1.81531E-01
1.73333E+01 -1.80000E-01 5.16668E-07  -1.79552E-01
1.74000E+01 -1.78000E-01 5.23886E-07  -1.77421E-01
1.74667E+01 -1.76000E-01 5.13596E-07  -1.75442E-01
1.75333E+01 -1.74000E-01 5.21583E-07  -1.73616E-01
1.76000E+01 -1.72000E-01 5.28494E-07  -1.71789E-01
1.76667E+01 -1.70000E-01 5.23118E-07  -1.69810E-01
1.77333E+01 -1.68000E-01 5.28801E-07  -1.67679E-01
1.78000E+01 -1.66000E-01 5.40473E-07  -1.65700E-01
1.78667E+01 -1.64000E-01 5.25422E-07  -1.63721E-01
1.79333E+01 -1.62000E-01 5.34330E-07  -1.61743E-01
1.80000E+01 -1.60000E-01 5.42930E-07  -1.59764E-01
1.80667E+01 -1.58000E-01 5.31719E-07  -1.57785E-01
1.81333E+01 -1.56000E-01 5.38784E-07  -1.55654E-01
1.82000E+01 -1.54000E-01 5.54602E-07  -1.53675E-01
1.82667E+01 -1.52000E-01 5.39244E-07  -1.51696E-01
1.83333E+01 -1.50000E-01 5.46616E-07  -1.49717E-01
1.84000E+01 -1.48000E-01 5.55831E-07  -1.47586E-01
1.84667E+01 -1.46000E-01 5.46616E-07  -1.45607E-01
1.85333E+01 -1.44000E-01 5.54449E-07  -1.43780E-01
1.86000E+01 -1.42000E-01 5.64432E-07  -1.41649E-01
1.86667E+01 -1.40000E-01 5.52299E-07  -1.39670E-01
1.87333E+01 -1.38000E-01 5.64278E-07  -1.37692E-01
1.88000E+01 -1.36000E-01 5.73646E-07  -1.35561E-01
1.88667E+01 -1.34000E-01 5.61514E-07  -1.33734E-01
1.89333E+01 -1.32000E-01 5.65967E-07  -1.31603E-01
1.90000E+01 -1.30000E-01 5.75950E-07  -1.29624E-01
1.90667E+01 -1.28000E-01 5.64892E-07  -1.27645E-01
1.91333E+01 -1.26000E-01 5.73339E-07  -1.25666E-01
1.92000E+01 -1.24000E-01 5.76104E-07  -1.23687E-01
1.92667E+01 -1.22000E-01 5.74261E-07  -1.21708E-01
1.93333E+01 -1.20000E-01 5.84090E-07  -1.19730E-01
1.94000E+01 -1.18000E-01 5.83168E-07  -1.17598E-01
1.94667E+01 -1.16000E-01 5.81786E-07  -1.15620E-01
1.95333E+01 -1.14000E-01 5.89465E-07  -1.13641E-01
1.96000E+01 -1.12000E-01 5.86240E-07  -1.11662E-01
1.96667E+01 -1.10000E-01 5.89772E-07  -1.09531E-01
1.97333E+01 -1.08000E-01 5.96069E-07  -1.07552E-01
1.98000E+01 -1.06000E-01 5.86854E-07  -1.05573E-01
1.98667E+01 -1.04000E-01 6.03595E-07  -1.03594E-01
1.99333E+01 -1.02000E-01 6.08048E-07  -1.01615E-01
2.00000E+01 -1.00000E-01 5.92230E-07  -9.96364E-02
2.00667E+01 -9.80000E-02 6.06820E-07  -9.75053E-02
2.01333E+01 -9.60000E-02 6.15881E-07  -9.56786E-02
2.02000E+01 -9.40000E-02 5.91001E-07  -9.36998E-02
2.02667E+01 -9.20000E-02 6.18799E-07  -9.17209E-02
2.03333E+01 -9.00000E-02 6.25864E-07  -8.95898E-02
2.04000E+01 -8.80000E-02 6.06666E-07  -8.76109E-02
2.04667E+01 -8.60000E-02 6.26171E-07  -8.56321E-02
2.05333E+01 -8.40000E-02 6.32007E-07  -8.36532E-02
2.06000E+01 -8.20000E-02 6.17263E-07  -8.16743E-02
2.06667E+01 -8.00000E-02 6.39379E-07  -7.96954E-02
2.07333E+01 -7.80000E-02 6.39225E-07  -7.75643E-02
2.08000E+01 -7.60000E-02 6.26632E-07  -7.55855E-02
2.08667E+01 -7.40000E-02 6.44908E-07  -7.36066E-02
2.09333E+01 -7.20000E-02 6.50897E-07  -7.16277E-02
2.10000E+01 -7.00000E-02 6.43525E-07  -6.94966E-02
2.10667E+01 -6.80000E-02 6.57962E-07  -6.75178E-02
2.11333E+01 -6.60000E-02 6.61187E-07  -6.56911E-02
2.12000E+01 -6.40000E-02 6.53355E-07  -6.35600E-02
2.12667E+01 -6.20000E-02 6.65027E-07  -6.15811E-02
2.13333E+01 -6.00000E-02 6.70402E-07  -5.96023E-02
2.14000E+01 -5.80000E-02 6.72091E-07  -5.76234E-02
2.14667E+01 -5.60000E-02 6.82228E-07  -5.56445E-02
2.15333E+01 -5.40000E-02 6.80385E-07  -5.35134E-02
2.16000E+01 -5.20000E-02 6.80538E-07  -5.15346E-02
2.16667E+01 -5.00000E-02 6.95589E-07  -4.95557E-02
2.17333E+01 -4.80000E-02 6.93746E-07  -4.75768E-02
2.18000E+01 -4.60000E-02 6.96818E-07  -4.55979E-02
2.18667E+01 -4.40000E-02 7.05265E-07  -4.36191E-02
2.19333E+01 -4.20000E-02 7.02961E-07  -4.16402E-02
2.20000E+01 -4.00000E-02 7.05418E-07  -3.96613E-02
2.20667E+01 -3.80000E-02 7.16323E-07  -3.75302E-02
2.21333E+01 -3.60000E-02 7.10487E-07  -3.55514E-02
2.22000E+01 -3.40000E-02 7.13251E-07  -3.35725E-02
2.22667E+01 -3.20000E-02 7.30452E-07  -3.15936E-02
2.23333E+01 -3.00000E-02 7.22312E-07  -2.94625E-02
2.24000E+01 -2.80000E-02 7.24616E-07  -2.74836E-02
2.24667E+01 -2.60000E-02 7.45503E-07  -2.56570E-02
2.25333E+01 -2.40000E-02 7.35213E-07  -2.35259E-02
2.26000E+01 -2.20000E-02 7.37363E-07  -2.15470E-02
2.26667E+01 -2.00000E-02 7.57175E-07  -1.95682E-02
2.27333E+01 -1.80000E-02 7.47346E-07  -1.75893E-02
2.28000E+01 -1.60000E-02 7.49957E-07  -1.57626E-02
2.28667E+01 -1.40000E-02 7.70536E-07  -1.37838E-02
2.29333E+01 -1.20000E-02 7.57021E-07  -1.18049E-02
2.30000E+01 -1.00000E-02 7.63165E-07  -9.82602E-03
2.30667E+01 -8.00000E-03 7.83284E-07  -7.84714E-03
2.31333E+01 -6.00000E-03 7.69615E-07  -5.86827E-03
2.32000E+01 -4.00000E-03 7.75758E-07  -3.73718E-03
2.32667E+01 -2.00000E-03 7.96952E-07  -1.75830E-03
2.33333E+01 1.45825E-17  7.84819E-07  2.20568E-04 
2.34000E+01 2.00000E-03  7.87737E-07  2.19944E-03 
2.34667E+01 4.00000E-03  8.07856E-07  4.33053E-03 
2.35333E+01 6.00000E-03  7.95877E-07  6.30941E-03 
2.36000E+01 8.00000E-03  8.02328E-07  8.28828E-03 
2.36667E+01 1.00000E-02  8.19989E-07  1.02672E-02 
2.37333E+01 1.20000E-02  8.04631E-07  1.22460E-02 
2.38000E+01 1.40000E-02  8.13846E-07  1.42249E-02 
2.38667E+01 1.60000E-02  8.32737E-07  1.62038E-02 
2.39333E+01 1.80000E-02  8.19682E-07  1.81826E-02 
2.40000E+01 2.00000E-02  8.25518E-07  2.03137E-02 
2.40667E+01 2.20000E-02  8.42873E-07  2.22926E-02 
2.41333E+01 2.40000E-02  8.31969E-07  2.42715E-02 
2.42000E+01 2.60000E-02  8.32276E-07  2.62504E-02 
2.42667E+01 2.80000E-02  8.49323E-07  2.82292E-02 
2.43333E+01 3.00000E-02  8.43641E-07  3.03603E-02 
2.44000E+01 3.20000E-02  8.55774E-07  3.21870E-02 
2.44667E+01 3.40000E-02  8.57002E-07  3.43181E-02 
2.45333E+01 3.60000E-02  8.53163E-07  3.62969E-02 
2.46000E+01 3.80000E-02  8.69289E-07  3.82758E-02 
2.46667E+01 4.00000E-02  8.64681E-07  4.02547E-02 
2.47333E+01 4.20000E-02  8.73896E-07  4.23858E-02 
2.48000E+01 4.40000E-02  8.83264E-07  4.43646E-02 
2.48667E+01 4.60000E-02  8.69903E-07  4.63435E-02 
2.49333E+01 4.80000E-02  8.87718E-07  4.83224E-02 
2.50000E+01 5.00000E-02  8.95704E-07  5.04535E-02 
2.50667E+01 5.20000E-02  8.81575E-07  5.22801E-02 
2.51333E+01 5.40000E-02  9.00465E-07  5.42590E-02 
2.52000E+01 5.60000E-02  9.12138E-07  5.63901E-02 
2.52667E+01 5.80000E-02  8.93708E-07  5.83690E-02 
2.53333E+01 6.00000E-02  9.16591E-07  6.03478E-02 
2.54000E+01 6.20000E-02  9.29646E-07  6.23267E-02 
2.54667E+01 6.40000E-02  9.18434E-07  6.43056E-02 
2.55333E+01 6.60000E-02  9.35789E-07  6.62845E-02 
2.56000E+01 6.80000E-02  9.44697E-07  6.82633E-02 
2.56667E+01 7.00000E-02  9.44850E-07  7.02422E-02 
2.57333E+01 7.20000E-02  9.53604E-07  7.22211E-02 
2.58000E+01 7.40000E-02  9.56522E-07  7.42000E-02 
2.58667E+01 7.60000E-02  9.62205E-07  7.63310E-02 
2.59333E+01 7.80000E-02  9.70191E-07  7.83099E-02 
2.60000E+01 8.00000E-02  9.83552E-07  8.02888E-02 
2.60667E+01 8.20000E-02  9.89081E-07  8.22677E-02 
2.61333E+01 8.40000E-02  1.00060E-06  8.43988E-02 
2.62000E+01 8.60000E-02  1.00843E-06  8.63776E-02 
2.62667E+01 8.80000E-02  1.01565E-06  8.83565E-02 
2.63333E+01 9.00000E-02  1.03024E-06  9.03354E-02 
2.64000E+01 9.20000E-02  1.03454E-06  9.23142E-02 
2.64667E+01 9.40000E-02  1.04283E-06  9.42931E-02 
2.65333E+01 9.60000E-02  1.04713E-06  9.62720E-02 
2.66000E+01 9.80000E-02  1.02886E-06  9.84031E-02 
2.66667E+01 1.00000E-01  1.04176E-06  1.00230E-01 
2.67333E+01 9.80000E-02  5.54910E-07  9.84031E-02 
2.68000E+01 9.60000E-02  4.24673E-07  9.64242E-02 
2.68667E+01 9.40000E-02  3.39436E-07  9.44453E-02 
2.69333E+01 9.20000E-02  2.80308E-07  9.23142E-02 
2.70000E+01 9.00000E-02  2.28705E-07  9.03354E-02 
2.70667E+01 8.80000E-02  1.83706E-07  8.85087E-02 
2.71333E+01 8.60000E-02  1.55447E-07  8.63776E-02 
2.72000E+01 8.40000E-02  1.04305E-07  8.43988E-02 
2.72667E+01 8.20000E-02  1.56522E-07  8.24199E-02 
2.73333E+01 8.00000E-02  7.32815E-08  8.02888E-02 
2.74000E+01 7.80000E-02  3.24291E-08  7.83099E-02 
2.74667E+01 7.60000E-02  6.01332E-09  7.63310E-02 
2.75333E+01 7.40000E-02  1.09875E-09  7.43522E-02 
2.76000E+01 7.20000E-02  -2.65457E-08 7.23733E-02 
2.76667E+01 7.00000E-02  -4.94292E-08 7.02422E-02 
2.77333E+01 6.80000E-02  -5.03507E-08 6.84156E-02 
2.78000E+01 6.60000E-02  -7.52307E-08 6.62845E-02 
2.78667E+01 6.40000E-02  -9.21245E-08 6.43056E-02 
2.79333E+01 6.20000E-02  -9.35068E-08 6.23267E-02 
2.80000E+01 6.00000E-02  -1.18233E-07 6.03478E-02 
2.80667E+01 5.80000E-02  -1.36049E-07 5.83690E-02 
2.81333E+01 5.60000E-02  -1.31441E-07 5.63901E-02 
2.82000E+01 5.40000E-02  -1.06715E-07 5.44112E-02 
2.82667E+01 5.20000E-02  -1.79819E-07 5.22801E-02 
2.83333E+01 5.00000E-02  -1.53403E-07 5.04535E-02 
2.84000E+01 4.80000E-02  -1.82737E-07 4.84746E-02 
2.84667E+01 4.60000E-02  -1.80894E-07 4.64957E-02 
2.85333E+01 4.40000E-02  -1.71218E-07 4.43646E-02 
2.86000E+01 4.20000E-02  -1.97634E-07 4.23858E-02 
2.86667E+01 4.00000E-02  -2.20825E-07 4.04069E-02 
2.87333E+01 3.80000E-02  -2.74117E-07 3.84280E-02 
2.88000E+01 3.60000E-02  -2.15142E-07 3.62969E-02 
2.88667E+01 3.40000E-02  -2.27582E-07 3.43181E-02 
2.89333E+01 3.20000E-02  -2.25279E-07 3.23392E-02 
2.90000E+01 3.00000E-02  -2.36183E-07 3.03603E-02 
2.90667E+01 2.80000E-02  -2.48777E-07 2.83814E-02 
2.91333E+01 2.60000E-02  -2.46166E-07 2.64026E-02 
2.92000E+01 2.40000E-02  -2.49544E-07 2.42715E-02 
2.92667E+01 2.20000E-02  -2.64135E-07 2.22926E-02 
2.93333E+01 2.00000E-02  -2.69049E-07 2.03137E-02 
2.94000E+01 1.80000E-02  -2.73503E-07 1.83349E-02 
2.94667E+01 1.60000E-02  -2.80107E-07 1.63560E-02 
2.95333E+01 1.40000E-02  -2.90397E-07 1.43771E-02 
2.96000E+01 1.20000E-02  -2.87940E-07 1.22460E-02 
2.96667E+01 1.00000E-02  -2.89629E-07 1.04194E-02 
2.97333E+01 8.00000E-03  -3.06062E-07 8.28828E-03 
2.98000E+01 6.00000E-03  -2.98690E-07 6.30941E-03 
2.98667E+01 4.00000E-03  -3.03758E-07 4.33053E-03 
2.99333E+01 2.00000E-03  -3.16966E-07 2.35166E-03 
3.00000E+01 1.45825E-17  -3.11284E-07 2.20568E-04 
3.00667E+01 -2.00000E-03 -3.10055E-07 -1.75830E-03
3.01333E+01 -4.00000E-03 -3.25413E-07 -3.73718E-03
3.02000E+01 -6.00000E-03 -3.16045E-07 -5.71605E-03
3.02667E+01 -8.00000E-03 -3.19424E-07 -7.69492E-03
3.03333E+01 -1.00000E-02 -3.38928E-07 -9.67379E-03
3.04000E+01 -1.20000E-02 -3.27870E-07 -1.16527E-02
3.04667E+01 -1.40000E-02 -3.42307E-07 -1.36315E-02
3.05333E+01 -1.60000E-02 -3.37239E-07 -1.57626E-02
3.06000E+01 -1.80000E-02 -3.36932E-07 -1.75893E-02
3.06667E+01 -2.00000E-02 -3.42614E-07 -1.94159E-02
3.07333E+01 -2.20000E-02 -3.41693E-07 -2.13948E-02
3.08000E+01 -2.40000E-02 -3.46761E-07 -2.35259E-02
3.08667E+01 -2.60000E-02 -3.50140E-07 -2.55048E-02
3.09333E+01 -2.80000E-02 -3.46761E-07 -2.74836E-02
3.10000E+01 -3.00000E-02 -3.50140E-07 -2.94625E-02
3.10667E+01 -3.20000E-02 -3.70719E-07 -3.14414E-02
3.11333E+01 -3.40000E-02 -3.28792E-07 -3.34203E-02
3.12000E+01 -3.60000E-02 -3.64883E-07 -3.55514E-02
3.12667E+01 -3.80000E-02 -3.90070E-07 -3.75302E-02
3.13333E+01 -4.00000E-02 -3.69337E-07 -3.95091E-02
3.14000E+01 -4.20000E-02 -3.74405E-07 -4.14880E-02
3.14667E+01 -4.40000E-02 -3.77016E-07 -4.36191E-02
3.15333E+01 -4.60000E-02 -4.10497E-07 -4.55979E-02
3.16000E+01 -4.80000E-02 -3.74559E-07 -4.74246E-02
3.16667E+01 -5.00000E-02 -4.05429E-07 -4.95557E-02
3.17333E+01 -5.20000E-02 -4.10650E-07 -5.15346E-02
3.18000E+01 -5.40000E-02 -4.05889E-07 -5.35134E-02
3.18667E+01 -5.60000E-02 -3.98978E-07 -5.54923E-02
3.19333E+01 -5.80000E-02 -3.92067E-07 -5.74712E-02
3.20000E+01 -6.00000E-02 -3.84234E-07 -5.96023E-02
3.20667E+01 -6.20000E-02 -4.01435E-07 -6.15811E-02
3.21333E+01 -6.40000E-02 -3.81009E-07 -6.35600E-02
3.22000E+01 -6.60000E-02 -3.73791E-07 -6.55389E-02
3.22667E+01 -6.80000E-02 -3.73637E-07 -6.75178E-02
3.23333E+01 -7.00000E-02 -3.84081E-07 -6.94966E-02
3.24000E+01 -7.20000E-02 -3.81931E-07 -7.14755E-02
3.24667E+01 -7.40000E-02 -3.89763E-07 -7.34544E-02
3.25333E+01 -7.60000E-02 -3.90685E-07 -7.55855E-02
3.26000E+01 -7.80000E-02 -3.83313E-07 -7.75643E-02
3.26667E+01 -8.00000E-02 -3.89610E-07 -7.95432E-02
3.27333E+01 -8.20000E-02 -4.40598E-07 -8.15221E-02
3.28000E+01 -8.40000E-02 -3.62580E-07 -8.36532E-02
3.28667E+01 -8.60000E-02 -3.88074E-07 -8.56321E-02
3.29333E+01 -8.80000E-02 -4.04968E-07 -8.74587E-02
3.30000E+01 -9.00000E-02 -3.89917E-07 -8.95898E-02
3.30667E+01 -9.20000E-02 -3.85617E-07 -9.15687E-02
3.31333E+01 -9.40000E-02 -3.71948E-07 -9.35475E-02
3.32000E+01 -9.60000E-02 -3.80548E-07 -9.55264E-02
3.32667E+01 -9.80000E-02 -3.96060E-07 -9.75053E-02
3.33333E+01 -1.00000E-01 -4.02510E-07 -9.94842E-02
3.34000E+01 -1.02000E-01 -3.91453E-07 -1.01615E-01
3.34667E+01 -1.04000E-01 -4.01743E-07 -1.03594E-01
3.35333E+01 -1.06000E-01 -4.03278E-07 -1.05421E-01
3.36000E+01 -1.08000E-01 -3.95446E-07 -1.07400E-01
3.36667E+01 -1.10000E-01 -4.03278E-07 -1.09531E-01
3.37333E+01 -1.12000E-01 -4.07425E-07 -1.11510E-01
3.38000E+01 -1.14000E-01 -3.99900E-07 -1.13488E-01
3.38667E+01 -1.16000E-01 -4.07271E-07 -1.15467E-01
3.39333E+01 -1.18000E-01 -4.09422E-07 -1.17598E-01
3.40000E+01 -1.20000E-01 -4.08500E-07 -1.19577E-01
3.40667E+01 -1.22000E-01 -4.10343E-07 -1.21556E-01
3.41333E+01 -1.24000E-01 -4.05889E-07 -1.23535E-01
3.42000E+01 -1.26000E-01 -4.13568E-07 -1.25514E-01
3.42667E+01 -1.28000E-01 -4.12493E-07 -1.27493E-01
3.43333E+01 -1.30000E-01 -4.17101E-07 -1.29624E-01
3.44000E+01 -1.32000E-01 -4.28926E-07 -1.31603E-01
3.44667E+01 -1.34000E-01 -4.14643E-07 -1.33582E-01
3.45333E+01 -1.36000E-01 -4.19251E-07 -1.35561E-01
3.46000E+01 -1.38000E-01 -4.31076E-07 -1.37539E-01
3.46667E+01 -1.40000E-01 -4.17254E-07 -1.39518E-01
3.47333E+01 -1.42000E-01 -4.19404E-07 -1.41649E-01
3.48000E+01 -1.44000E-01 -4.34762E-07 -1.43628E-01
3.48667E+01 -1.46000E-01 -4.24319E-07 -1.45455E-01
3.49333E+01 -1.48000E-01 -4.23705E-07 -1.47586E-01
3.50000E+01 -1.50000E-01 -4.34148E-07 -1.49565E-01
3.50667E+01 -1.52000E-01 -4.24165E-07 -1.51544E-01
3.51333E+01 -1.54000E-01 -4.26623E-07 -1.53523E-01
3.52000E+01 -1.56000E-01 -4.29080E-07 -1.55654E-01
3.52667E+01 -1.58000E-01 -4.23551E-07 -1.57633E-01
3.53333E+01 -1.60000E-01 -4.28158E-07 -1.59611E-01
3.54000E+01 -1.62000E-01 -4.31998E-07 -1.61590E-01
3.54667E+01 -1.64000E-01 -4.23858E-07 -1.63569E-01
3.55333E+01 -1.66000E-01 -4.30309E-07 -1.65548E-01
3.56000E+01 -1.68000E-01 -4.30309E-07 -1.67527E-01
3.56667E+01 -1.70000E-01 -4.27083E-07 -1.69658E-01
3.57333E+01 -1.72000E-01 -4.29541E-07 -1.71637E-01
3.58000E+01 -1.74000E-01 -4.28466E-07 -1.73616E-01
3.58667E+01 -1.76000E-01 -4.27698E-07 -1.75442E-01
3.59333E+01 -1.78000E-01 -4.31998E-07 -1.77421E-01
3.60000E+01 -1.80000E-01 -4.32152E-07 -1.79400E-01
3.60667E+01 -1.82000E-01 -4.28312E-07 -1.81379E-01
3.61333E+01 -1.84000E-01 -4.33841E-07 -1.83358E-01
3.62000E+01 -1.86000E-01 -4.34762E-07 -1.85337E-01
3.62667E+01 -1.88000E-01 -4.32766E-07 -1.87316E-01
3.63333E+01 -1.90000E-01 -4.34762E-07 -1.89447E-01
3.64000E+01 -1.92000E-01 -4.34455E-07 -1.91426E-01
3.64667E+01 -1.94000E-01 -4.32612E-07 -1.93404E-01
3.65333E+01 -1.96000E-01 -4.37220E-07 -1.95383E-01
3.66000E+01 -1.98000E-01 -4.31537E-07 -1.97514E-01
3.66667E+01 -2.00000E-01 -4.30769E-07 -1.99493E-01
3.67333E+01 -2.02000E-01 -4.37527E-07 -2.01472E-01
3.68000E+01 -2.04000E-01 -4.33534E-07 -2.03451E-01
3.68667E+01 -2.06000E-01 -4.30001E-07 -2.05430E-01
3.69333E+01 -2.08000E-01 -4.36759E-07 -2.07409E-01
3.70000E+01 -2.10000E-01 -4.34916E-07 -2.09388E-01
3.70667E+01 -2.12000E-01 -4.32459E-07 -2.11519E-01
3.71333E+01 -2.14000E-01 -4.36452E-07 -2.13345E-01
3.72000E+01 -2.16000E-01 -4.38448E-07 -2.15477E-01
3.72667E+01 -2.18000E-01 -4.24626E-07 -2.17455E-01
3.73333E+01 -2.20000E-01 -4.38602E-07 -2.19434E-01
3.74000E+01 -2.22000E-01 -4.20019E-07 -2.21565E-01
3.74667E+01 -2.24000E-01 -4.51656E-07 -2.23392E-01
3.75333E+01 -2.26000E-01 -4.37373E-07 -2.25371E-01
3.76000E+01 -2.28000E-01 -4.29387E-07 -2.27502E-01
3.76667E+01 -2.30000E-01 -4.44899E-07 -2.29481E-01
3.77333E+01 -2.32000E-01 -4.47049E-07 -2.31460E-01
3.78000E+01 -2.34000E-01 -4.24472E-07 -2.33439E-01
3.78667E+01 -2.36000E-01 -4.21554E-07 -2.35570E-01
3.79333E+01 -2.38000E-01 -4.39216E-07 -2.37549E-01
3.80000E+01 -2.40000E-01 -4.41981E-07 -2.39527E-01
3.80667E+01 -2.42000E-01 -4.33841E-07 -2.41506E-01
3.81333E+01 -2.44000E-01 -4.58107E-07 -2.43485E-01
3.82000E+01 -2.46000E-01 -4.59028E-07 -2.45464E-01
3.82667E+01 -2.48000E-01 -4.23244E-07 -2.47595E-01
3.83333E+01 -2.50000E-01 -4.46588E-07 -2.49574E-01
3.84000E+01 -2.52000E-01 -4.35377E-07 -2.51553E-01
3.84667E+01 -2.54000E-01 -4.58567E-07 -2.53380E-01
3.85333E+01 -2.56000E-01 -4.19404E-07 -2.55511E-01
3.86000E+01 -2.58000E-01 -4.45974E-07 -2.57490E-01
3.86667E+01 -2.60000E-01 -4.90205E-07 -2.59468E-01
3.87333E+01 -2.62000E-01 -4.21708E-07 -2.61447E-01
3.88000E+01 -2.64000E-01 -4.48277E-07 -2.63426E-01
3.88667E+01 -2.66000E-01 -4.50581E-07 -2.65405E-01
3.89333E+01 -2.68000E-01 -4.56110E-07 -2.67536E-01
3.90000E+01 -2.70000E-01 -4.56110E-07 -2.69515E-01
3.90667E+01 -2.72000E-01 -4.62714E-07 -2.71494E-01
3.91333E+01 -2.74000E-01 -4.52271E-07 -2.73473E-01
3.92000E+01 -2.76000E-01 -4.53653E-07 -2.75604E-01
3.92667E+01 -2.78000E-01 -4.79915E-07 -2.77583E-01
3.93333E+01 -2.80000E-01 -4.59182E-07 -2.79562E-01
3.94000E+01 -2.82000E-01 -4.61793E-07 -2.81540E-01
3.94667E+01 -2.84000E-01 -4.80529E-07 -2.83519E-01
3.95333E+01 -2.86000E-01 -4.59028E-07 -2.85498E-01
3.96000E+01 -2.88000E-01 -4.60257E-07 -2.87477E-01
3.96667E+01 -2.90000E-01 -4.82987E-07 -2.89456E-01
3.97333E+01 -2.92000E-01 -4.61639E-07 -2.91435E-01
3.98000E+01 -2.94000E-01 -4.61946E-07 -2.93566E-01
3.98667E+01 -2.96000E-01 -4.82833E-07 -2.95545E-01
3.99333E+01 -2.98000E-01 -4.63328E-07 -2.97524E-01
4.00000E+01 -3.00000E-01 -4.68243E-07 -2.99503E-01
4.00667E+01 -3.02000E-01 -4.82065E-07 -3.01481E-01
4.01333E+01 -3.04000E-01 -4.65632E-07 -3.03460E-01
4.02000E+01 -3.06000E-01 -4.57953E-07 -3.05439E-01
4.02667E+01 -3.08000E-01 -4.77765E-07 -3.07570E-01
4.03333E+01 -3.10000E-01 -4.63328E-07 -3.09549E-01
4.04000E+01 -3.12000E-01 -4.72543E-07 -3.11528E-01
4.04667E+01 -3.14000E-01 -4.76383E-07 -3.13659E-01
4.05333E+01 -3.16000E-01 -4.65632E-07 -3.15638E-01
4.06000E+01 -3.18000E-01 -4.74233E-07 -3.17617E-01
4.06667E+01 -3.20000E-01 -4.68550E-07 -3.19596E-01
4.07333E+01 -3.22000E-01 -4.66707E-07 -3.21575E-01
4.08000E+01 -3.24000E-01 -4.78226E-07 -3.23553E-01
4.08667E+01 -3.26000E-01 -4.71929E-07 -3.25532E-01
4.09333E+01 -3.28000E-01 -4.69779E-07 -3.27663E-01
4.10000E+01 -3.30000E-01 -4.76536E-07 -3.29490E-01
4.10667E+01 -3.32000E-01 -4.75154E-07 -3.31469E-01
4.11333E+01 -3.34000E-01 -4.70547E-07 -3.33448E-01
4.12000E+01 -3.36000E-01 -4.70239E-07 -3.35579E-01
4.12667E+01 -3.38000E-01 -4.78840E-07 -3.37558E-01
4.13333E+01 -3.40000E-01 -4.70854E-07 -3.39537E-01
4.14000E+01 -3.42000E-01 -4.81758E-07 -3.41515E-01
4.14667E+01 -3.44000E-01 -4.76843E-07 -3.43494E-01
4.15333E+01 -3.46000E-01 -4.71775E-07 -3.45625E-01
4.16000E+01 -3.48000E-01 -4.83601E-07 -3.47604E-01
4.16667E+01 -3.50000E-01 -4.79761E-07 -3.49583E-01
4.17333E+01 -3.52000E-01 -4.74540E-07 -3.51562E-01
4.18000E+01 -3.54000E-01 -4.86058E-07 -3.53693E-01
4.18667E+01 -3.56000E-01 -4.82219E-07 -3.55672E-01
4.19333E+01 -3.58000E-01 -4.75154E-07 -3.57651E-01
4.20000E+01 -3.60000E-01 -4.88362E-07 -3.59630E-01
4.20667E+01 -3.62000E-01 -4.83447E-07 -3.61609E-01
4.21333E+01 -3.64000E-01 -4.76383E-07 -3.63588E-01
4.22000E+01 -3.66000E-01 -4.84215E-07 -3.65566E-01
4.22667E+01 -3.68000E-01 -4.87594E-07 -3.67697E-01
4.23333E+01 -3.70000E-01 -4.77304E-07 -3.69524E-01
4.24000E+01 -3.72000E-01 -4.93891E-07 -3.71655E-01
4.24667E+01 -3.74000E-01 -4.88362E-07 -3.73634E-01
4.25333E+01 -3.76000E-01 -4.75768E-07 -3.75613E-01
4.26000E+01 -3.78000E-01 -4.93430E-07 -3.77592E-01
4.26667E+01 -3.80000E-01 -4.92201E-07 -3.79571E-01
4.27333E+01 -3.82000E-01 -4.77304E-07 -3.81550E-01
4.28000E+01 -3.84000E-01 -4.95427E-07 -3.83528E-01
4.28667E+01 -3.86000E-01 -4.89283E-07 -3.85660E-01
4.29333E+01 -3.88000E-01 -4.82679E-07 -3.87638E-01
4.30000E+01 -3.90000E-01 -4.95580E-07 -3.89617E-01
4.30667E+01 -3.92000E-01 -4.94044E-07 -3.91748E-01
4.31333E+01 -3.94000E-01 -4.92048E-07 -3.93727E-01
4.32000E+01 -3.96000E-01 -4.97577E-07 -3.95706E-01
4.32667E+01 -3.98000E-01 -5.04334E-07 -3.97685E-01
4.33333E+01 -4.00000E-01 -4.89437E-07 -3.99664E-01
4.34000E+01 -4.02000E-01 -5.02184E-07 -4.01643E-01
4.34667E+01 -4.04000E-01 -4.98959E-07 -4.03622E-01
4.35333E+01 -4.06000E-01 -4.94352E-07 -4.05753E-01
4.36000E+01 -4.08000E-01 -5.05717E-07 -4.07579E-01
4.36667E+01 -4.10000E-01 -4.98959E-07 -4.09558E-01
4.37333E+01 -4.12000E-01 -5.07099E-07 -4.11689E-01
4.38000E+01 -4.14000E-01 -5.05563E-07 -4.13668E-01
4.38667E+01 -4.16000E-01 -5.03720E-07 -4.15647E-01
4.39333E+01 -4.18000E-01 -5.12935E-07 -4.17626E-01
4.40000E+01 -4.20000E-01 -5.09095E-07 -4.19605E-01
4.40667E+01 -4.22000E-01 -5.08327E-07 -4.21584E-01
4.41333E+01 -4.24000E-01 -5.24453E-07 -4.23563E-01
4.42000E+01 -4.26000E-01 -5.05563E-07 -4.25694E-01
4.42667E+01 -4.28000E-01 -5.11399E-07 -4.27673E-01
4.43333E+01 -4.30000E-01 -5.31979E-07 -4.29651E-01
4.44000E+01 -4.32000E-01 -5.12628E-07 -4.31630E-01
4.44667E+01 -4.34000E-01 -5.14931E-07 -4.33761E-01
4.45333E+01 -4.36000E-01 -5.45955E-07 -4.35740E-01
4.46000E+01 -4.38000E-01 -5.14624E-07 -4.37567E-01
4.46667E+01 -4.40000E-01 -5.18157E-07 -4.39698E-01
4.47333E+01 -4.42000E-01 -5.42883E-07 -4.41677E-01
4.48000E+01 -4.44000E-01 -5.14624E-07 -4.43656E-01
4.48667E+01 -4.46000E-01 -5.19385E-07 -4.45635E-01
4.49333E+01 -4.48000E-01 -5.39197E-07 -4.47613E-01
4.50000E+01 -4.50000E-01 -5.17542E-07 -4.49592E-01
4.50667E+01 -4.52000E-01 -5.22150E-07 -4.51723E-01
4.51333E+01 -4.54000E-01 -5.34590E-07 -4.53702E-01
4.52000E+01 -4.56000E-01 -5.17389E-07 -4.55681E-01
4.52667E+01 -4.58000E-01 -5.34436E-07 -4.57660E-01
4.53333E+01 -4.60000E-01 -5.35818E-07 -4.59639E-01
4.54000E+01 -4.62000E-01 -5.22918E-07 -4.61618E-01
4.54667E+01 -4.64000E-01 -5.32132E-07 -4.63597E-01
4.55333E+01 -4.66000E-01 -5.32593E-07 -4.65728E-01
4.56000E+01 -4.68000E-01 -5.25375E-07 -4.67707E-01
4.56667E+01 -4.70000E-01 -5.35511E-07 -4.69686E-01
4.57333E+01 -4.72000E-01 -5.32900E-07 -4.71817E-01
4.58000E+01 -4.74000E-01 -5.27986E-07 -4.73796E-01
4.58667E+01 -4.76000E-01 -5.38736E-07 -4.75622E-01
4.59333E+01 -4.78000E-01 -5.37815E-07 -4.77753E-01
4.60000E+01 -4.80000E-01 -5.28446E-07 -4.79732E-01
4.60667E+01 -4.82000E-01 -5.44726E-07 -4.81711E-01
4.61333E+01 -4.84000E-01 -5.47490E-07 -4.83690E-01
4.62000E+01 -4.86000E-01 -5.33361E-07 -4.85517E-01
4.62667E+01 -4.88000E-01 -5.48565E-07 -4.87495E-01
4.63333E+01 -4.90000E-01 -5.43958E-07 -4.89474E-01
4.64000E+01 -4.92000E-01 -5.37047E-07 -4.91453E-01
4.64667E+01 -4.94000E-01 -5.50408E-07 -4.93584E-01
4.65333E+01 -4.96000E-01 -5.47798E-07 -4.95411E-01
4.66000E+01 -4.98000E-01 -5.39504E-07 -4.97390E-01
4.66667E+01 -5.00000E-01 -5.55016E-07 -4.99521E-01
4.67333E+01 -5.02000E-01 -5.51791E-07 -5.01500E-01
4.68000E+01 -5.04000E-01 -5.44726E-07 -5.03479E-01
4.68667E+01 -5.06000E-01 -5.61005E-07 -5.05610E-01
4.69333E+01 -5.08000E-01 -5.58087E-07 -5.07589E-01
4.70000E+01 -5.10000E-01 -5.47644E-07 -5.09567E-01
4.70667E+01 -5.12000E-01 -5.65152E-07 -5.11699E-01
4.71333E+01 -5.14000E-01 -5.62695E-07 -5.13677E-01
4.72000E+01 -5.16000E-01 -5.50255E-07 -5.15504E-01
4.72667E+01 -5.18000E-01 -5.71142E-07 -5.17483E-01
4.73333E+01 -5.20000E-01 -5.72524E-07 -5.19614E-01
4.74000E+01 -5.22000E-01 -5.51637E-07 -5.21593E-01
4.74667E+01 -5.24000E-01 -5.78053E-07 -5.23572E-01
4.75333E+01 -5.26000E-01 -5.71910E-07 -5.25551E-01
4.76000E+01 -5.28000E-01 -5.58548E-07 -5.27530E-01
4.76667E+01 -5.30000E-01 -5.82507E-07 -5.29508E-01
4.77333E+01 -5.32000E-01 -5.76978E-07 -5.31639E-01
4.78000E+01 -5.34000E-01 -5.65459E-07 -5.33618E-01
4.78667E+01 -5.36000E-01 -5.87575E-07 -5.35445E-01
4.79333E+01 -5.38000E-01 -5.80049E-07 -5.37576E-01
4.80000E+01 -5.40000E-01 -5.68838E-07 -5.39555E-01
4.80667E+01 -5.42000E-01 -5.90032E-07 -5.41534E-01
4.81333E+01 -5.44000E-01 -5.87882E-07 -5.43665E-01
4.82000E+01 -5.46000E-01 -5.82046E-07 -5.45644E-01
4.82667E+01 -5.48000E-01 -5.96483E-07 -5.47623E-01
4.83333E+01 -5.50000E-01 -5.91261E-07 -5.49602E-01
4.84000E+01 -5.52000E-01 -5.92029E-07 -5.51733E-01
4.84667E+01 -5.54000E-01 -6.04622E-07 -5.53559E-01
4.85333E+01 -5.56000E-01 -5.98633E-07 -5.55538E-01
4.86000E+01 -5.58000E-01 -6.06158E-07 -5.57669E-01
4.86667E+01 -5.60000E-01 -6.10151E-07 -5.59648E-01
4.87333E+01 -5.62000E-01 -6.05083E-07 -5.61779E-01
4.88000E+01 -5.64000E-01 -6.21823E-07 -5.63606E-01
4.88667E+01 -5.66000E-01 -6.17830E-07 -5.65585E-01
4.89333E+01 -5.68000E-01 -6.09690E-07 -5.67564E-01
4.90000E+01 -5.70000E-01 -6.37642E-07 -5.69542E-01
4.90667E+01 -5.72000E-01 -6.27352E-07 -5.71674E-01
4.91333E+01 -5.74000E-01 -6.19212E-07 -5.73500E-01
4.92000E+01 -5.76000E-01 -6.35031E-07 -5.75479E-01
4.92667E+01 -5.78000E-01 -6.28888E-07 -5.77610E-01
4.93333E+01 -5.80000E-01 -6.22591E-07 -5.79589E-01
4.94000E+01 -5.82000E-01 -6.56993E-07 -5.81568E-01
4.94667E+01 -5.84000E-01 -6.29502E-07 -5.83547E-01
4.95333E+01 -5.86000E-01 -6.32113E-07 -5.85678E-01
4.96000E+01 -5.88000E-01 -6.70355E-07 -5.87657E-01
4.96667E+01 -5.90000E-01 -6.36413E-07 -5.89636E-01
4.97333E+01 -5.92000E-01 -6.38564E-07 -5.91615E-01
4.98000E+01 -5.94000E-01 -6.70815E-07 -5.93593E-01
4.98667E+01 -5.96000E-01 -6.45475E-07 -5.95572E-01
4.99333E+01 -5.98000E-01 -6.46243E-07 -5.97551E-01
5.00000E+01 -6.00000E-01 -6.73119E-07 -5.99682E-01
5.00667E+01 -6.02000E-01 -6.52386E-07 -6.01661E-01
5.01333E+01 -6.04000E-01 -6.54997E-07 -6.03640E-01
5.02000E+01 -6.06000E-01 -6.65133E-07 -6.05619E-01
5.02667E+01 -6.08000E-01 -6.63136E-07 -6.07598E-01
5.03333E+01 -6.10000E-01 -6.63904E-07 -6.09729E-01
5.04000E+01 -6.12000E-01 -6.74348E-07 -6.11555E-01
5.04667E+01 -6.14000E-01 -6.65901E-07 -6.13534E-01
5.05333E+01 -6.16000E-01 -6.76498E-07 -6.15513E-01
5.06000E+01 -6.18000E-01 -6.81259E-07 -6.17644E-01
5.06667E+01 -6.20000E-01 -6.74655E-07 -6.19623E-01
5.07333E+01 -6.22000E-01 -6.85559E-07 -6.21602E-01
5.08000E+01 -6.24000E-01 -6.90167E-07 -6.23733E-01
5.08667E+01 -6.26000E-01 -6.80337E-07 -6.25712E-01
5.09333E+01 -6.28000E-01 -6.94620E-07 -6.27691E-01
5.10000E+01 -6.30000E-01 -6.97231E-07 -6.29670E-01
5.10667E+01 -6.32000E-01 -6.87402E-07 -6.31649E-01
5.11333E+01 -6.34000E-01 -7.05371E-07 -6.33628E-01
5.12000E+01 -6.36000E-01 -7.13818E-07 -6.35606E-01
5.12667E+01 -6.38000E-01 -6.99535E-07 -6.37737E-01
5.13333E+01 -6.40000E-01 -7.19654E-07 -6.39716E-01
5.14000E+01 -6.42000E-01 -7.27333E-07 -6.41695E-01
5.14667E+01 -6.44000E-01 -7.07982E-07 -6.43522E-01
5.15333E+01 -6.46000E-01 -7.32862E-07 -6.45349E-01
5.16000E+01 -6.48000E-01 -7.32248E-07 -6.47480E-01
5.16667E+01 -6.50000E-01 -7.18425E-07 -6.49458E-01
5.17333E+01 -6.52000E-01 -7.42691E-07 -6.51437E-01
5.18000E+01 -6.54000E-01 -7.41616E-07 -6.53416E-01
5.18667E+01 -6.56000E-01 -7.28254E-07 -6.55395E-01
5.19333E+01 -6.58000E-01 -7.54210E-07 -6.57374E-01
5.20000E+01 -6.60000E-01 -7.59124E-07 -6.59505E-01
5.20667E+01 -6.62000E-01 -7.39619E-07 -6.61484E-01
5.21333E+01 -6.64000E-01 -7.70028E-07 -6.63463E-01
5.22000E+01 -6.66000E-01 -7.62810E-07 -6.65442E-01
5.22667E+01 -6.68000E-01 -7.53442E-07 -6.67573E-01
5.23333E+01 -6.70000E-01 -7.85233E-07 -6.69552E-01
5.24000E+01 -6.72000E-01 -7.84772E-07 -6.71378E-01
5.24667E+01 -6.74000E-01 -7.65421E-07 -6.73509E-01
5.25333E+01 -6.76000E-01 -8.00437E-07 -6.75488E-01
5.26000E+01 -6.78000E-01 -7.98594E-07 -6.77467E-01
5.26667E+01 -6.80000E-01 -7.77093E-07 -6.79446E-01
5.27333E+01 -6.82000E-01 -8.14567E-07 -6.81425E-01
5.28000E+01 -6.84000E-01 -8.19942E-07 -6.83404E-01
5.28667E+01 -6.86000E-01 -7.98287E-07 -6.85535E-01
5.29333E+01 -6.88000E-01 -8.34686E-07 -6.87514E-01
5.30000E+01 -6.90000E-01 -8.34532E-07 -6.89493E-01
5.30667E+01 -6.92000E-01 -8.22706E-07 -6.91471E-01
5.31333E+01 -6.94000E-01 -8.62330E-07 -6.93450E-01
5.32000E+01 -6.96000E-01 -8.50812E-07 -6.95429E-01
5.32667E+01 -6.98000E-01 -8.49122E-07 -6.97560E-01
