time/s      E/V        I/A
0.00000E+00 -7.00000E-01 -8.19174E-07 -6.99539E-01
6.66667E-02 -6.98000E-01 -3.85924E-07 -6.97560E-01
1.33333E-01 -6.96000E-01 -3.41232E-07 -6.95581E-01
2.00000E-01 -6.94000E-01 -2.31115E-07 -6.93603E-01
2.66667E-01 -6.92000E-01 -1.89955E-07 -6.91471E-01
3.33333E-01 -6.90000E-01 -1.87959E-07 -6.89645E-01
4.00000E-01 -6.88000E-01 -1.16390E-07 -6.87666E-01
4.66667E-01 -6.86000E-01 -9.22781E-08 -6.85535E-01
5.33333E-01 -6.84000E-01 -1.17312E-07 -6.83556E-01
6.00000E-01 -6.82000E-01 -4.57433E-08 -6.81577E-01
6.66667E-01 -6.80000E-01 -2.63921E-08 -6.79598E-01
7.33333E-01 -6.78000E-01 -6.69374E-08 -6.77619E-01
8.00000E-01 -6.76000E-01 1.06207E-08  -6.75640E-01
8.66667E-01 -6.74000E-01 2.26000E-08  -6.73509E-01
9.33333E-01 -6.72000E-01 -2.37813E-08 -6.71531E-01
1.00000E+00 -6.70000E-01 4.99373E-08  -6.69552E-01
1.06667E+00 -6.68000E-01 5.54662E-08  -6.67573E-01
1.13333E+00 -6.66000E-01 1.30780E-08  -6.65594E-01
1.20000E+00 -6.64000E-01 7.68139E-08  -6.63615E-01
1.26667E+00 -6.62000E-01 8.40322E-08  -6.61484E-01
1.33333E+00 -6.60000E-01 5.65413E-08  -6.59505E-01
1.40000E+00 -6.58000E-01 1.04766E-07  -6.57526E-01
1.46667E+00 -6.56000E-01 1.10294E-07  -6.55395E-01
1.53333E+00 -6.54000E-01 9.07897E-08  -6.53416E-01
1.60000E+00 -6.52000E-01 1.22581E-07  -6.51437E-01
1.66667E+00 -6.50000E-01 1.32717E-07  -6.49611E-01
1.73333E+00 -6.48000E-01 1.21045E-07  -6.47480E-01
1.80000E+00 -6.46000E-01 1.47000E-07  -6.45501E-01
1.86667E+00 -6.44000E-01 1.43621E-07  -6.43522E-01
1.93333E+00 -6.42000E-01 1.46232E-07  -6.41695E-01
2.00000E+00 -6.40000E-01 1.65583E-07  -6.39869E-01
2.06667E+00 -6.38000E-01 1.60208E-07  -6.37737E-01
2.13333E+00 -6.36000E-01 1.62972E-07  -6.35759E-01
2.20000E+00 -6.34000E-01 1.80634E-07  -6.33780E-01
2.26667E+00 -6.32000E-01 1.78331E-07  -6.31801E-01
2.33333E+00 -6.30000E-01 1.75412E-07  -6.29822E-01
2.40000E+00 -6.28000E-01 1.94764E-07  -6.27843E-01
2.46667E+00 -6.26000E-01 1.86317E-07  -6.25712E-01
2.53333E+00 -6.24000E-01 1.87238E-07  -6.23733E-01
2.60000E+00 -6.22000E-01 2.08432E-07  -6.21754E-01
2.66667E+00 -6.20000E-01 1.95224E-07  -6.19775E-01
2.73333E+00 -6.18000E-01 1.94610E-07  -6.17644E-01
2.80000E+00 -6.16000E-01 2.19183E-07  -6.15665E-01
2.86667E+00 -6.14000E-01 2.04132E-07  -6.13687E-01
2.93333E+00 -6.12000E-01 2.01060E-07  -6.11708E-01
3.00000E+00 -6.10000E-01 2.30241E-07  -6.09729E-01
3.06667E+00 -6.08000E-01 2.11504E-07  -6.07750E-01
3.13333E+00 -6.06000E-01 1.94303E-07  -6.05771E-01
3.20000E+00 -6.04000E-01 2.44524E-07  -6.03792E-01
3.26667E+00 -6.02000E-01 2.17340E-07  -6.01813E-01
3.33333E+00 -6.00000E-01 2.16111E-07  -5.99682E-01
3.40000E+00 -5.98000E-01 2.52817E-07  -5.97703E-01
3.46667E+00 -5.96000E-01 2.23176E-07  -5.95724E-01
3.53333E+00 -5.94000E-01 2.22101E-07  -5.93746E-01
3.60000E+00 -5.92000E-01 2.56810E-07  -5.91767E-01
3.66667E+00 -5.90000E-01 2.28551E-07  -5.89788E-01
3.73333E+00 -5.88000E-01 2.25480E-07  -5.87809E-01
3.80000E+00 -5.86000E-01 2.66639E-07  -5.85678E-01
3.86667E+00 -5.84000E-01 2.36230E-07  -5.83699E-01
3.93333E+00 -5.82000E-01 2.27630E-07  -5.81720E-01
4.00000E+00 -5.80000E-01 2.75393E-07  -5.79741E-01
4.06667E+00 -5.78000E-01 2.37920E-07  -5.77610E-01
4.13333E+00 -5.76000E-01 2.34695E-07  -5.75631E-01
4.20000E+00 -5.74000E-01 2.73550E-07  -5.73652E-01
4.26667E+00 -5.72000E-01 2.37920E-07  -5.71674E-01
4.33333E+00 -5.70000E-01 2.35616E-07  -5.69695E-01
4.40000E+00 -5.68000E-01 2.68175E-07  -5.67716E-01
4.46667E+00 -5.66000E-01 2.46367E-07  -5.65585E-01
4.53333E+00 -5.64000E-01 2.41145E-07  -5.63606E-01
4.60000E+00 -5.62000E-01 2.65257E-07  -5.61779E-01
4.66667E+00 -5.60000E-01 2.47288E-07  -5.59800E-01
4.73333E+00 -5.58000E-01 2.49131E-07  -5.57669E-01
4.80000E+00 -5.56000E-01 2.50206E-07  -5.55690E-01
4.86667E+00 -5.54000E-01 2.54660E-07  -5.53712E-01
4.93333E+00 -5.52000E-01 2.53431E-07  -5.51733E-01
5.00000E+00 -5.50000E-01 2.37305E-07  -5.49754E-01
5.06667E+00 -5.48000E-01 2.53431E-07  -5.47775E-01
5.13333E+00 -5.46000E-01 2.55428E-07  -5.45796E-01
5.20000E+00 -5.44000E-01 2.27476E-07  -5.43665E-01
5.26667E+00 -5.42000E-01 2.62032E-07  -5.41686E-01
5.33333E+00 -5.40000E-01 2.56349E-07  -5.39707E-01
5.40000E+00 -5.38000E-01 2.14268E-07  -5.37728E-01
5.46667E+00 -5.36000E-01 2.66178E-07  -5.35597E-01
5.53333E+00 -5.34000E-01 2.62032E-07  -5.33618E-01
5.60000E+00 -5.32000E-01 2.08279E-07  -5.31639E-01
5.66667E+00 -5.30000E-01 2.69557E-07  -5.29661E-01
5.73333E+00 -5.28000E-01 2.68482E-07  -5.27682E-01
5.80000E+00 -5.26000E-01 2.14115E-07  -5.25703E-01
5.86667E+00 -5.24000E-01 2.67868E-07  -5.23724E-01
5.93333E+00 -5.22000E-01 2.71554E-07  -5.21745E-01
6.00000E+00 -5.20000E-01 2.24558E-07  -5.19614E-01
6.06667E+00 -5.18000E-01 2.72015E-07  -5.17635E-01
6.13333E+00 -5.16000E-01 2.65257E-07  -5.15656E-01
6.20000E+00 -5.14000E-01 2.41145E-07  -5.13677E-01
6.26667E+00 -5.12000E-01 2.78465E-07  -5.11699E-01
6.33333E+00 -5.10000E-01 2.77697E-07  -5.09720E-01
6.40000E+00 -5.08000E-01 2.53738E-07  -5.07589E-01
6.46667E+00 -5.06000E-01 2.86298E-07  -5.05610E-01
6.53333E+00 -5.04000E-01 2.80001E-07  -5.03631E-01
6.60000E+00 -5.02000E-01 2.66178E-07  -5.01652E-01
6.66667E+00 -5.00000E-01 2.89830E-07  -4.99521E-01
6.73333E+00 -4.98000E-01 2.83994E-07  -4.97542E-01
6.80000E+00 -4.96000E-01 2.81383E-07  -4.95563E-01
6.86667E+00 -4.94000E-01 2.91059E-07  -4.93584E-01
6.93333E+00 -4.92000E-01 2.88140E-07  -4.91605E-01
7.00000E+00 -4.90000E-01 2.86451E-07  -4.89626E-01
7.06667E+00 -4.88000E-01 2.99045E-07  -4.87648E-01
7.13333E+00 -4.86000E-01 2.87680E-07  -4.85517E-01
7.20000E+00 -4.84000E-01 2.87833E-07  -4.83842E-01
7.26667E+00 -4.82000E-01 3.06109E-07  -4.81863E-01
7.33333E+00 -4.80000E-01 2.94437E-07  -4.79732E-01
7.40000E+00 -4.78000E-01 2.87833E-07  -4.77753E-01
7.46667E+00 -4.76000E-01 3.07338E-07  -4.75774E-01
7.53333E+00 -4.74000E-01 2.96127E-07  -4.73796E-01
7.60000E+00 -4.72000E-01 2.94284E-07  -4.71817E-01
7.66667E+00 -4.70000E-01 3.18549E-07  -4.69838E-01
7.73333E+00 -4.68000E-01 2.97816E-07  -4.67859E-01
7.80000E+00 -4.66000E-01 2.94744E-07  -4.65728E-01
7.86667E+00 -4.64000E-01 3.23310E-07  -4.63749E-01
7.93333E+00 -4.62000E-01 3.01656E-07  -4.61770E-01
8.00000E+00 -4.60000E-01 2.95512E-07  -4.59791E-01
8.06667E+00 -4.58000E-01 3.30375E-07  -4.57660E-01
8.13333E+00 -4.56000E-01 3.01195E-07  -4.55833E-01
8.20000E+00 -4.54000E-01 3.00273E-07  -4.53855E-01
8.26667E+00 -4.52000E-01 3.32525E-07  -4.51723E-01
8.33333E+00 -4.50000E-01 3.02423E-07  -4.49745E-01
8.40000E+00 -4.48000E-01 3.01041E-07  -4.47766E-01
8.46667E+00 -4.46000E-01 3.43737E-07  -4.45787E-01
8.53333E+00 -4.44000E-01 3.04113E-07  -4.43808E-01
8.60000E+00 -4.42000E-01 3.03652E-07  -4.41829E-01
8.66667E+00 -4.40000E-01 3.49419E-07  -4.39698E-01
8.73333E+00 -4.38000E-01 3.08874E-07  -4.37719E-01
8.80000E+00 -4.36000E-01 3.04881E-07  -4.35740E-01
8.86667E+00 -4.34000E-01 3.47269E-07  -4.33761E-01
8.93333E+00 -4.32000E-01 3.10256E-07  -4.31783E-01
9.00000E+00 -4.30000E-01 3.06263E-07  -4.29804E-01
9.06667E+00 -4.28000E-01 3.44812E-07  -4.27825E-01
9.13333E+00 -4.26000E-01 3.13328E-07  -4.25694E-01
9.20000E+00 -4.24000E-01 3.11485E-07  -4.23715E-01
9.26667E+00 -4.22000E-01 3.41586E-07  -4.21736E-01
9.33333E+00 -4.20000E-01 3.15631E-07  -4.19605E-01
9.40000E+00 -4.18000E-01 3.15324E-07  -4.17626E-01
9.46667E+00 -4.16000E-01 3.31757E-07  -4.15799E-01
9.53333E+00 -4.14000E-01 3.17474E-07  -4.13668E-01
9.60000E+00 -4.12000E-01 3.17781E-07  -4.11689E-01
9.66667E+00 -4.10000E-01 3.17321E-07  -4.09710E-01
9.73333E+00 -4.08000E-01 3.21160E-07  -4.07732E-01
9.80000E+00 -4.06000E-01 3.22082E-07  -4.05753E-01
9.86667E+00 -4.04000E-01 3.04574E-07  -4.03774E-01
9.93333E+00 -4.02000E-01 3.28532E-07  -4.01795E-01
1.00000E+01 -4.00000E-01 3.24846E-07  -3.99664E-01
1.00667E+01 -3.98000E-01 2.89216E-07  -3.97685E-01
1.01333E+01 -3.96000E-01 3.26228E-07  -3.95858E-01
1.02000E+01 -3.94000E-01 3.31911E-07  -3.93727E-01
1.02667E+01 -3.92000E-01 2.78772E-07  -3.91748E-01
1.03333E+01 -3.90000E-01 3.31757E-07  -3.89770E-01
1.04000E+01 -3.88000E-01 3.32372E-07  -3.87791E-01
1.04667E+01 -3.86000E-01 2.80308E-07  -3.85660E-01
1.05333E+01 -3.84000E-01 3.34675E-07  -3.83681E-01
1.06000E+01 -3.82000E-01 3.36365E-07  -3.81702E-01
1.06667E+01 -3.80000E-01 2.85222E-07  -3.79571E-01
1.07333E+01 -3.78000E-01 3.41433E-07  -3.77744E-01
1.08000E+01 -3.76000E-01 3.40358E-07  -3.75765E-01
1.08667E+01 -3.74000E-01 2.97816E-07  -3.73786E-01
1.09333E+01 -3.72000E-01 3.42201E-07  -3.71655E-01
1.10000E+01 -3.70000E-01 3.45426E-07  -3.69676E-01
1.10667E+01 -3.68000E-01 3.10102E-07  -3.67697E-01
1.11333E+01 -3.66000E-01 3.47115E-07  -3.65719E-01
1.12000E+01 -3.64000E-01 3.45272E-07  -3.63740E-01
1.12667E+01 -3.62000E-01 3.25768E-07  -3.61609E-01
1.13333E+01 -3.60000E-01 3.57252E-07  -3.59630E-01
1.14000E+01 -3.58000E-01 3.50187E-07  -3.57803E-01
1.14667E+01 -3.56000E-01 3.36518E-07  -3.55824E-01
1.15333E+01 -3.54000E-01 3.62166E-07  -3.53693E-01
1.16000E+01 -3.52000E-01 3.56791E-07  -3.51714E-01
1.16667E+01 -3.50000E-01 3.45580E-07  -3.49735E-01
1.17333E+01 -3.48000E-01 3.66006E-07  -3.47757E-01
1.18000E+01 -3.46000E-01 3.59709E-07  -3.45625E-01
1.18667E+01 -3.44000E-01 3.53566E-07  -3.43647E-01
1.19333E+01 -3.42000E-01 3.69538E-07  -3.41668E-01
1.20000E+01 -3.40000E-01 3.62934E-07  -3.39537E-01
1.20667E+01 -3.38000E-01 3.59402E-07  -3.37710E-01
1.21333E+01 -3.36000E-01 3.39436E-07  -3.35731E-01
1.22000E+01 -3.34000E-01 3.67081E-07  -3.33600E-01
1.22667E+01 -3.32000E-01 3.63856E-07  -3.31621E-01
1.23333E+01 -3.30000E-01 3.87814E-07  -3.29642E-01
1.24000E+01 -3.28000E-01 3.68617E-07  -3.27663E-01
1.24667E+01 -3.26000E-01 3.68002E-07  -3.25685E-01
1.25333E+01 -3.24000E-01 3.95340E-07  -3.23706E-01
1.26000E+01 -3.22000E-01 3.71688E-07  -3.21727E-01
1.26667E+01 -3.20000E-01 3.70306E-07  -3.19596E-01
1.27333E+01 -3.18000E-01 4.02251E-07  -3.17769E-01
1.28000E+01 -3.16000E-01 3.72610E-07  -3.15790E-01
1.28667E+01 -3.14000E-01 3.74913E-07  -3.13659E-01
1.29333E+01 -3.12000E-01 4.09315E-07  -3.11680E-01
1.30000E+01 -3.10000E-01 3.77217E-07  -3.09701E-01
1.30667E+01 -3.08000E-01 3.78906E-07  -3.07570E-01
1.31333E+01 -3.06000E-01 4.06397E-07  -3.05744E-01
1.32000E+01 -3.04000E-01 3.84589E-07  -3.03612E-01
1.32667E+01 -3.02000E-01 3.80442E-07  -3.01634E-01
1.33333E+01 -3.00000E-01 4.20680E-07  -2.99655E-01
1.34000E+01 -2.98000E-01 3.85971E-07  -2.97676E-01
1.34667E+01 -2.96000E-01 3.84435E-07  -2.95697E-01
1.35333E+01 -2.94000E-01 4.28052E-07  -2.93718E-01
1.36000E+01 -2.92000E-01 3.85971E-07  -2.91587E-01
1.36667E+01 -2.90000E-01 3.92575E-07  -2.89608E-01
1.37333E+01 -2.88000E-01 4.27745E-07  -2.87629E-01
1.38000E+01 -2.86000E-01 3.92268E-07  -2.85650E-01
1.38667E+01 -2.84000E-01 3.95186E-07  -2.83672E-01
1.39333E+01 -2.82000E-01 4.27591E-07  -2.81540E-01
1.40000E+01 -2.80000E-01 4.02404E-07  -2.79714E-01
1.40667E+01 -2.78000E-01 3.98104E-07  -2.77583E-01
1.41333E+01 -2.76000E-01 3.95340E-07  -2.75604E-01
1.42000E+01 -2.74000E-01 4.03019E-07  -2.73625E-01
1.42667E+01 -2.72000E-01 4.03479E-07  -2.71646E-01
1.43333E+01 -2.70000E-01 4.13155E-07  -2.69515E-01
1.44000E+01 -2.68000E-01 4.00868E-07  -2.67536E-01
1.44667E+01 -2.66000E-01 4.08087E-07  -2.65557E-01
1.45333E+01 -2.64000E-01 4.00254E-07  -2.63578E-01
1.46000E+01 -2.62000E-01 4.06397E-07  -2.61599E-01
1.46667E+01 -2.60000E-01 4.12694E-07  -2.59621E-01
1.47333E+01 -2.58000E-01 3.86586E-07  -2.57642E-01
1.48000E+01 -2.56000E-01 4.15151E-07  -2.55511E-01
1.48667E+01 -2.54000E-01 4.16687E-07  -2.53532E-01
1.49333E+01 -2.52000E-01 3.74606E-07  -2.51553E-01
1.50000E+01 -2.50000E-01 4.20220E-07  -2.49726E-01
1.50667E+01 -2.48000E-01 4.23291E-07  -2.47595E-01
1.51333E+01 -2.46000E-01 3.82439E-07  -2.45616E-01
1.52000E+01 -2.44000E-01 4.20220E-07  -2.43637E-01
1.52667E+01 -2.42000E-01 4.27899E-07  -2.41659E-01
1.53333E+01 -2.40000E-01 3.73378E-07  -2.39680E-01
1.54000E+01 -2.38000E-01 4.29281E-07  -2.37701E-01
1.54667E+01 -2.36000E-01 4.31585E-07  -2.35570E-01
1.55333E+01 -2.34000E-01 3.76603E-07  -2.33591E-01
1.56000E+01 -2.32000E-01 4.35885E-07  -2.31612E-01
1.56667E+01 -2.30000E-01 4.35885E-07  -2.29633E-01
1.57333E+01 -2.28000E-01 3.94111E-07  -2.27502E-01
1.58000E+01 -2.26000E-01 4.44792E-07  -2.25523E-01
1.58667E+01 -2.24000E-01 4.42642E-07  -2.23544E-01
1.59333E+01 -2.22000E-01 4.06858E-07  -2.21565E-01
1.60000E+01 -2.20000E-01 4.46789E-07  -2.19586E-01
1.60667E+01 -2.18000E-01 4.48018E-07  -2.17608E-01
1.61333E+01 -2.16000E-01 4.24059E-07  -2.15477E-01
1.62000E+01 -2.14000E-01 4.59229E-07  -2.13498E-01
1.62667E+01 -2.12000E-01 4.55082E-07  -2.11671E-01
1.63333E+01 -2.10000E-01 4.37881E-07  -2.09540E-01
1.64000E+01 -2.08000E-01 4.65526E-07  -2.07561E-01
1.64667E+01 -2.06000E-01 4.59690E-07  -2.05582E-01
1.65333E+01 -2.04000E-01 4.51243E-07  -2.03451E-01
1.66000E+01 -2.02000E-01 4.69980E-07  -2.01624E-01
1.66667E+01 -2.00000E-01 4.64758E-07  -1.99646E-01
1.67333E+01 -1.98000E-01 4.60151E-07  -1.97514E-01
1.68000E+01 -1.96000E-01 4.77812E-07  -1.95536E-01
1.68667E+01 -1.94000E-01 4.70440E-07  -1.93557E-01
1.69333E+01 -1.92000E-01 4.66140E-07  -1.91578E-01
1.70000E+01 -1.90000E-01 4.93477E-07  -1.89447E-01
1.70667E+01 -1.88000E-01 4.71515E-07  -1.87468E-01
1.71333E+01 -1.86000E-01 4.44792E-07  -1.85489E-01
1.72000E+01 -1.84000E-01 5.01617E-07  -1.83510E-01
1.72667E+01 -1.82000E-01 4.76584E-07  -1.81531E-01
1.73333E+01 -1.80000E-01 4.75355E-07  -1.79552E-01
1.74000E+01 -1.78000E-01 5.07453E-07  -1.77421E-01
1.74667E+01 -1.76000E-01 4.84416E-07  -1.75442E-01
1.75333E+01 -1.74000E-01 4.78887E-07  -1.73616E-01
1.76000E+01 -1.72000E-01 5.18204E-07  -1.71789E-01
1.76667E+01 -1.70000E-01 4.89331E-07  -1.69810E-01
1.77333E+01 -1.68000E-01 4.87641E-07  -1.67679E-01
1.78000E+01 -1.66000E-01 5.31873E-07  -1.65700E-01
1.78667E+01 -1.64000E-01 4.95167E-07  -1.63721E-01
1.79333E+01 -1.62000E-01 4.91481E-07  -1.61743E-01
1.80000E+01 -1.60000E-01 5.35866E-07  -1.59764E-01
1.80667E+01 -1.58000E-01 4.97778E-07  -1.57785E-01
1.81333E+01 -1.56000E-01 4.93631E-07  -1.55654E-01
1.82000E+01 -1.54000E-01 5.42162E-07  -1.53675E-01
1.82667E+01 -1.52000E-01 5.03767E-07  -1.51696E-01
1.83333E+01 -1.50000E-01 5.01617E-07  -1.49717E-01
1.84000E+01 -1.48000E-01 5.45080E-07  -1.47586E-01
1.84667E+01 -1.46000E-01 5.08989E-07  -1.45607E-01
1.85333E+01 -1.44000E-01 5.09296E-07  -1.43780E-01
1.86000E+01 -1.42000E-01 5.50917E-07  -1.41649E-01
1.86667E+01 -1.40000E-01 5.12829E-07  -1.39670E-01
1.87333E+01 -1.38000E-01 5.14672E-07  -1.37692E-01
1.88000E+01 -1.36000E-01 5.49995E-07  -1.35713E-01
1.88667E+01 -1.34000E-01 5.17743E-07  -1.33734E-01
1.89333E+01 -1.32000E-01 5.21122E-07  -1.31603E-01
1.90000E+01 -1.30000E-01 5.46923E-07  -1.29624E-01
1.90667E+01 -1.28000E-01 5.24501E-07  -1.27645E-01
1.91333E+01 -1.26000E-01 5.27572E-07  -1.25666E-01
1.92000E+01 -1.24000E-01 5.33101E-07  -1.23687E-01
1.92667E+01 -1.22000E-01 5.32180E-07  -1.21708E-01
1.93333E+01 -1.20000E-01 5.35098E-07  -1.19730E-01
1.94000E+01 -1.18000E-01 5.18665E-07  -1.17598E-01
1.94667E+01 -1.16000E-01 5.35712E-07  -1.15620E-01
1.95333E+01 -1.14000E-01 5.41855E-07  -1.13641E-01
1.96000E+01 -1.12000E-01 5.09911E-07  -1.11662E-01
1.96667E+01 -1.10000E-01 5.40473E-07  -1.09531E-01
1.97333E+01 -1.08000E-01 5.47691E-07  -1.07552E-01
1.98000E+01 -1.06000E-01 5.01003E-07  -1.05573E-01
1.98667E+01 -1.04000E-01 5.50917E-07  -1.03594E-01
1.99333E+01 -1.02000E-01 5.52299E-07  -1.01615E-01
2.00000E+01 -1.00000E-01 5.21736E-07  -9.96364E-02
2.00667E+01 -9.80000E-02 5.58288E-07  -9.75053E-02
2.01333E+01 -9.60000E-02 5.58288E-07  -9.56786E-02
2.02000E+01 -9.40000E-02 4.97010E-07  -9.36998E-02
2.02667E+01 -9.20000E-02 5.63817E-07  -9.17209E-02
2.03333E+01 -9.00000E-02 5.62128E-07  -8.95898E-02
2.04000E+01 -8.80000E-02 5.11907E-07  -8.76109E-02
2.04667E+01 -8.60000E-02 5.73954E-07  -8.56321E-02
2.05333E+01 -8.40000E-02 5.70882E-07  -8.36532E-02
2.06000E+01 -8.20000E-02 5.26190E-07  -8.16743E-02
2.06667E+01 -8.00000E-02 5.82247E-07  -7.96954E-02
2.07333E+01 -7.80000E-02 5.78100E-07  -7.75643E-02
2.08000E+01 -7.60000E-02 5.44313E-07  -7.55855E-02
2.08667E+01 -7.40000E-02 5.90847E-07  -7.36066E-02
2.09333E+01 -7.20000E-02 5.86854E-07  -7.16277E-02
2.10000E+01 -7.00000E-02 5.59671E-07  -6.94966E-02
2.10667E+01 -6.80000E-02 5.93765E-07  -6.75178E-02
2.11333E+01 -6.60000E-02 5.91615E-07  -6.56911E-02
2.12000E+01 -6.40000E-02 5.79943E-07  -6.35600E-02
2.12667E+01 -6.20000E-02 6.05130E-07  -6.15811E-02
2.13333E+01 -6.00000E-02 5.97912E-07  -5.96023E-02
2.14000E+01 -5.80000E-02 5.93305E-07  -5.76234E-02
2.14667E+01 -5.60000E-02 6.13884E-07  -5.56445E-02
2.15333E+01 -5.40000E-02 6.07434E-07  -5.36657E-02
2.16000E+01 -5.20000E-02 6.06973E-07  -5.15346E-02
2.16667E+01 -5.00000E-02 6.29550E-07  -4.95557E-02
2.17333E+01 -4.80000E-02 6.10659E-07  -4.75768E-02
2.18000E+01 -4.60000E-02 6.11427E-07  -4.55979E-02
2.18667E+01 -4.40000E-02 6.37229E-07  -4.36191E-02
2.19333E+01 -4.20000E-02 6.22331E-07  -4.16402E-02
2.20000E+01 -4.00000E-02 6.17878E-07  -3.96613E-02
2.20667E+01 -3.80000E-02 6.54737E-07  -3.75302E-02
2.21333E+01 -3.60000E-02 6.28321E-07  -3.55514E-02
2.22000E+01 -3.40000E-02 6.27092E-07  -3.35725E-02
2.22667E+01 -3.20000E-02 6.61955E-07  -3.15936E-02
2.23333E+01 -3.00000E-02 6.33082E-07  -2.94625E-02
2.24000E+01 -2.80000E-02 6.35539E-07  -2.74836E-02
2.24667E+01 -2.60000E-02 6.73474E-07  -2.56570E-02
2.25333E+01 -2.40000E-02 6.42758E-07  -2.35259E-02
2.26000E+01 -2.20000E-02 6.41529E-07  -2.15470E-02
2.26667E+01 -2.00000E-02 6.85453E-07  -1.95682E-02
2.27333E+01 -1.80000E-02 6.55044E-07  -1.75893E-02
2.28000E+01 -1.60000E-02 6.47672E-07  -1.59149E-02
2.28667E+01 -1.40000E-02 6.94821E-07  -1.37838E-02
2.29333E+01 -1.20000E-02 6.58116E-07  -1.18049E-02
2.30000E+01 -1.00000E-02 6.57962E-07  -9.82602E-03
2.30667E+01 -8.00000E-03 7.05879E-07  -7.84714E-03
2.31333E+01 -6.00000E-03 6.69020E-07  -5.86827E-03
2.32000E+01 -4.00000E-03 6.64412E-07  -3.88940E-03
2.32667E+01 -2.00000E-03 7.10947E-07  -1.75830E-03
2.33333E+01 1.45825E-17  6.74088E-07  2.20568E-04 
2.34000E+01 2.00000E-03  6.69173E-07  2.19944E-03 
2.34667E+01 4.00000E-03  7.16783E-07  4.17831E-03 
2.35333E+01 6.00000E-03  6.80231E-07  6.30941E-03 
2.36000E+01 8.00000E-03  6.81306E-07  8.28828E-03 
2.36667E+01 1.00000E-02  7.18933E-07  1.02672E-02 
2.37333E+01 1.20000E-02  6.93900E-07  1.22460E-02 
2.38000E+01 1.40000E-02  6.96357E-07  1.42249E-02 
2.38667E+01 1.60000E-02  7.10947E-07  1.62038E-02 
2.39333E+01 1.80000E-02  7.02040E-07  1.83349E-02 
2.40000E+01 2.00000E-02  7.04497E-07  2.03137E-02 
2.40667E+01 2.20000E-02  7.01118E-07  2.21404E-02 
2.41333E+01 2.40000E-02  7.14172E-07  2.42715E-02 
2.42000E+01 2.60000E-02  7.12637E-07  2.62504E-02 
2.42667E+01 2.80000E-02  6.92825E-07  2.82292E-02 
2.43333E+01 3.00000E-02  7.26766E-07  3.03603E-02 
2.44000E+01 3.20000E-02  7.21084E-07  3.21870E-02 
2.44667E+01 3.40000E-02  6.83917E-07  3.41658E-02 
2.45333E+01 3.60000E-02  7.31220E-07  3.62969E-02 
2.46000E+01 3.80000E-02  7.35059E-07  3.82758E-02 
2.46667E+01 4.00000E-02  6.81921E-07  4.02547E-02 
2.47333E+01 4.20000E-02  7.50725E-07  4.22336E-02 
2.48000E+01 4.40000E-02  7.38285E-07  4.43646E-02 
2.48667E+01 4.60000E-02  6.84224E-07  4.63435E-02 
2.49333E+01 4.80000E-02  7.53335E-07  4.83224E-02 
2.50000E+01 5.00000E-02  7.53335E-07  5.03013E-02 
2.50667E+01 5.20000E-02  7.00197E-07  5.22801E-02 
2.51333E+01 5.40000E-02  7.67772E-07  5.42590E-02 
2.52000E+01 5.60000E-02  7.68233E-07  5.62379E-02 
2.52667E+01 5.80000E-02  7.18012E-07  5.83690E-02 
2.53333E+01 6.00000E-02  7.91884E-07  6.01956E-02 
2.54000E+01 6.20000E-02  7.89888E-07  6.21745E-02 
2.54667E+01 6.40000E-02  7.49650E-07  6.43056E-02 
2.55333E+01 6.60000E-02  8.17993E-07  6.62845E-02 
2.56000E+01 6.80000E-02  8.14921E-07  6.82633E-02 
2.56667E+01 7.00000E-02  7.88813E-07  7.02422E-02 
2.57333E+01 7.20000E-02  8.48709E-07  7.22211E-02 
2.58000E+01 7.40000E-02  8.51013E-07  7.42000E-02 
2.58667E+01 7.60000E-02  8.47327E-07  7.63310E-02 
2.59333E+01 7.80000E-02  8.94629E-07  7.83099E-02 
2.60000E+01 8.00000E-02  8.81114E-07  8.02888E-02 
2.60667E+01 8.20000E-02  8.57924E-07  8.22677E-02 
2.61333E+01 8.40000E-02  8.74664E-07  8.43988E-02 
2.62000E+01 8.60000E-02  8.68521E-07  8.63776E-02 
2.62667E+01 8.80000E-02  8.68214E-07  8.83565E-02 
2.63333E+01 9.00000E-02  9.03844E-07  9.03354E-02 
2.64000E+01 9.20000E-02  8.91404E-07  9.23142E-02 
2.64667E+01 9.40000E-02  8.98469E-07  9.42931E-02 
2.65333E+01 9.60000E-02  9.30721E-07  9.62720E-02 
2.66000E+01 9.80000E-02  9.14902E-07  9.84031E-02 
2.66667E+01 1.00000E-01  9.26728E-07  1.00230E-01 
2.67333E+01 9.80000E-02  4.56925E-07  9.84031E-02 
2.68000E+01 9.60000E-02  3.22542E-07  9.64242E-02 
2.68667E+01 9.40000E-02  2.45138E-07  9.44453E-02 
2.69333E+01 9.20000E-02  2.24097E-07  9.23142E-02 
2.70000E+01 9.00000E-02  1.49304E-07  9.03354E-02 
2.70667E+01 8.80000E-02  1.08912E-07  8.83565E-02 
2.71333E+01 8.60000E-02  1.16130E-07  8.63776E-02 
2.72000E+01 8.40000E-02  4.42548E-08  8.43988E-02 
2.72667E+01 8.20000E-02  2.42894E-08  8.24199E-02 
2.73333E+01 8.00000E-02  3.73437E-08  8.02888E-02 
2.74000E+01 7.80000E-02  -1.82524E-08 7.83099E-02 
2.74667E+01 7.60000E-02  -4.06751E-08 7.63310E-02 
2.75333E+01 7.40000E-02  -1.82524E-08 7.43522E-02 
2.76000E+01 7.20000E-02  -7.89166E-08 7.23733E-02 
2.76667E+01 7.00000E-02  -9.24317E-08 7.03944E-02 
2.77333E+01 6.80000E-02  -6.30979E-08 6.82633E-02 
2.78000E+01 6.60000E-02  -1.14240E-07 6.62845E-02 
2.78667E+01 6.40000E-02  -1.36356E-07 6.43056E-02 
2.79333E+01 6.20000E-02  -9.76534E-08 6.23267E-02 
2.80000E+01 6.00000E-02  -1.51253E-07 6.03478E-02 
2.80667E+01 5.80000E-02  -1.62311E-07 5.83690E-02 
2.81333E+01 5.60000E-02  -1.34973E-07 5.63901E-02 
2.82000E+01 5.40000E-02  -1.76594E-07 5.44112E-02 
2.82667E+01 5.20000E-02  -1.91798E-07 5.22801E-02 
2.83333E+01 5.00000E-02  -1.62772E-07 5.04535E-02 
2.84000E+01 4.80000E-02  -2.02856E-07 4.84746E-02 
2.84667E+01 4.60000E-02  -2.12992E-07 4.63435E-02 
2.85333E+01 4.40000E-02  -1.84734E-07 4.43646E-02 
2.86000E+01 4.20000E-02  -2.22054E-07 4.23858E-02 
2.86667E+01 4.00000E-02  -2.33726E-07 4.04069E-02 
2.87333E+01 3.80000E-02  -2.30193E-07 3.82758E-02 
2.88000E+01 3.60000E-02  -2.42019E-07 3.62969E-02 
2.88667E+01 3.40000E-02  -2.47855E-07 3.43181E-02 
2.89333E+01 3.20000E-02  -2.61370E-07 3.21870E-02 
2.90000E+01 3.00000E-02  -2.58606E-07 3.03603E-02 
2.90667E+01 2.80000E-02  -2.63981E-07 2.83814E-02 
2.91333E+01 2.60000E-02  -3.01455E-07 2.64026E-02 
2.92000E+01 2.40000E-02  -2.66438E-07 2.42715E-02 
2.92667E+01 2.20000E-02  -2.76421E-07 2.22926E-02 
2.93333E+01 2.00000E-02  -3.24338E-07 2.03137E-02 
2.94000E+01 1.80000E-02  -2.81643E-07 1.83349E-02 
2.94667E+01 1.60000E-02  -2.91165E-07 1.63560E-02 
2.95333E+01 1.40000E-02  -3.43689E-07 1.43771E-02 
2.96000E+01 1.20000E-02  -2.94236E-07 1.22460E-02 
2.96667E+01 1.00000E-02  -3.02069E-07 1.04194E-02 
2.97333E+01 8.00000E-03  -3.61658E-07 8.28828E-03 
2.98000E+01 6.00000E-03  -3.00226E-07 6.30941E-03 
2.98667E+01 4.00000E-03  -3.10209E-07 4.33053E-03 
2.99333E+01 2.00000E-03  -3.73484E-07 2.35166E-03 
3.00000E+01 1.45825E-17  -3.05141E-07 2.20568E-04 
3.00667E+01 -2.00000E-03 -3.19731E-07 -1.75830E-03
3.01333E+01 -4.00000E-03 -3.78398E-07 -3.73718E-03
3.02000E+01 -6.00000E-03 -3.14355E-07 -5.71605E-03
3.02667E+01 -8.00000E-03 -3.30481E-07 -7.69492E-03
3.03333E+01 -1.00000E-02 -3.72102E-07 -9.67379E-03
3.04000E+01 -1.20000E-02 -3.22649E-07 -1.16527E-02
3.04667E+01 -1.40000E-02 -3.34014E-07 -1.37838E-02
3.05333E+01 -1.60000E-02 -3.68569E-07 -1.57626E-02
3.06000E+01 -1.80000E-02 -3.28024E-07 -1.75893E-02
3.06667E+01 -2.00000E-02 -3.41078E-07 -1.94159E-02
3.07333E+01 -2.20000E-02 -3.65498E-07 -2.13948E-02
3.08000E+01 -2.40000E-02 -3.34782E-07 -2.35259E-02
3.08667E+01 -2.60000E-02 -3.45686E-07 -2.55048E-02
3.09333E+01 -2.80000E-02 -3.62426E-07 -2.74836E-02
3.10000E+01 -3.00000E-02 -3.37239E-07 -2.94625E-02
3.10667E+01 -3.20000E-02 -3.55208E-07 -3.14414E-02
3.11333E+01 -3.40000E-02 -3.60429E-07 -3.34203E-02
3.12000E+01 -3.60000E-02 -3.43075E-07 -3.53991E-02
3.12667E+01 -3.80000E-02 -3.66112E-07 -3.75302E-02
3.13333E+01 -4.00000E-02 -3.70259E-07 -3.95091E-02
3.14000E+01 -4.20000E-02 -3.53518E-07 -4.14880E-02
3.14667E+01 -4.40000E-02 -3.85924E-07 -4.36191E-02
3.15333E+01 -4.60000E-02 -3.95446E-07 -4.55979E-02
3.16000E+01 -4.80000E-02 -3.84542E-07 -4.74246E-02
3.16667E+01 -5.00000E-02 -4.20019E-07 -4.95557E-02
3.17333E+01 -5.20000E-02 -4.25394E-07 -5.15346E-02
3.18000E+01 -5.40000E-02 -3.98978E-07 -5.35134E-02
3.18667E+01 -5.60000E-02 -4.16486E-07 -5.54923E-02
3.19333E+01 -5.80000E-02 -4.01589E-07 -5.74712E-02
3.20000E+01 -6.00000E-02 -3.66573E-07 -5.94500E-02
3.20667E+01 -6.20000E-02 -3.93603E-07 -6.15811E-02
3.21333E+01 -6.40000E-02 -4.00360E-07 -6.35600E-02
3.22000E+01 -6.60000E-02 -3.57819E-07 -6.55389E-02
3.22667E+01 -6.80000E-02 -3.88228E-07 -6.75178E-02
3.23333E+01 -7.00000E-02 -3.90378E-07 -6.94966E-02
3.24000E+01 -7.20000E-02 -3.50293E-07 -7.14755E-02
3.24667E+01 -7.40000E-02 -3.87767E-07 -7.34544E-02
3.25333E+01 -7.60000E-02 -3.93603E-07 -7.55855E-02
3.26000E+01 -7.80000E-02 -3.50754E-07 -7.75643E-02
3.26667E+01 -8.00000E-02 -3.88381E-07 -7.95432E-02
3.27333E+01 -8.20000E-02 -3.92221E-07 -8.16743E-02
3.28000E+01 -8.40000E-02 -3.50754E-07 -8.36532E-02
3.28667E+01 -8.60000E-02 -3.90070E-07 -8.56321E-02
3.29333E+01 -8.80000E-02 -3.99746E-07 -8.76109E-02
3.30000E+01 -9.00000E-02 -3.53979E-07 -8.95898E-02
3.30667E+01 -9.20000E-02 -3.93603E-07 -9.15687E-02
3.31333E+01 -9.40000E-02 -4.01743E-07 -9.35475E-02
3.32000E+01 -9.60000E-02 -3.63655E-07 -9.55264E-02
3.32667E+01 -9.80000E-02 -3.93603E-07 -9.75053E-02
3.33333E+01 -1.00000E-01 -4.02203E-07 -9.94842E-02
3.34000E+01 -1.02000E-01 -3.77938E-07 -1.01615E-01
3.34667E+01 -1.04000E-01 -3.99439E-07 -1.03594E-01
3.35333E+01 -1.06000E-01 -4.14951E-07 -1.05421E-01
3.36000E+01 -1.08000E-01 -3.94371E-07 -1.07552E-01
3.36667E+01 -1.10000E-01 -4.12186E-07 -1.09531E-01
3.37333E+01 -1.12000E-01 -4.06811E-07 -1.11510E-01
3.38000E+01 -1.14000E-01 -4.10343E-07 -1.13488E-01
3.38667E+01 -1.16000E-01 -4.06504E-07 -1.15467E-01
3.39333E+01 -1.18000E-01 -4.07271E-07 -1.17598E-01
3.40000E+01 -1.20000E-01 -4.31844E-07 -1.19577E-01
3.40667E+01 -1.22000E-01 -4.13261E-07 -1.21556E-01
3.41333E+01 -1.24000E-01 -4.11265E-07 -1.23535E-01
3.42000E+01 -1.26000E-01 -4.47049E-07 -1.25514E-01
3.42667E+01 -1.28000E-01 -4.14490E-07 -1.27493E-01
3.43333E+01 -1.30000E-01 -4.14951E-07 -1.29624E-01
3.44000E+01 -1.32000E-01 -4.61793E-07 -1.31603E-01
3.44667E+01 -1.34000E-01 -4.13722E-07 -1.33582E-01
3.45333E+01 -1.36000E-01 -4.15872E-07 -1.35561E-01
3.46000E+01 -1.38000E-01 -4.73925E-07 -1.37539E-01
3.46667E+01 -1.40000E-01 -4.06350E-07 -1.39670E-01
3.47333E+01 -1.42000E-01 -4.18790E-07 -1.41649E-01
3.48000E+01 -1.44000E-01 -5.31979E-07 -1.43628E-01
3.48667E+01 -1.46000E-01 -4.12954E-07 -1.45455E-01
3.49333E+01 -1.48000E-01 -4.10497E-07 -1.47586E-01
3.50000E+01 -1.50000E-01 -4.69164E-07 -1.49565E-01
3.50667E+01 -1.52000E-01 -4.09422E-07 -1.51544E-01
3.51333E+01 -1.54000E-01 -4.57032E-07 -1.53523E-01
3.52000E+01 -1.56000E-01 -4.00514E-07 -1.55654E-01
3.52667E+01 -1.58000E-01 -4.26469E-07 -1.57633E-01
3.53333E+01 -1.60000E-01 -4.22322E-07 -1.59611E-01
3.54000E+01 -1.62000E-01 -4.54421E-07 -1.61590E-01
3.54667E+01 -1.64000E-01 -4.14490E-07 -1.63569E-01
3.55333E+01 -1.66000E-01 -4.24933E-07 -1.65548E-01
3.56000E+01 -1.68000E-01 -4.47663E-07 -1.67679E-01
3.56667E+01 -1.70000E-01 -4.13568E-07 -1.69658E-01
3.57333E+01 -1.72000E-01 -4.25394E-07 -1.71637E-01
3.58000E+01 -1.74000E-01 -4.37066E-07 -1.73616E-01
3.58667E+01 -1.76000E-01 -4.12647E-07 -1.75442E-01
3.59333E+01 -1.78000E-01 -4.23397E-07 -1.77421E-01
3.60000E+01 -1.80000E-01 -4.30309E-07 -1.79400E-01
3.60667E+01 -1.82000E-01 -4.11265E-07 -1.81379E-01
3.61333E+01 -1.84000E-01 -4.29541E-07 -1.83358E-01
3.62000E+01 -1.86000E-01 -4.29233E-07 -1.85337E-01
3.62667E+01 -1.88000E-01 -4.10497E-07 -1.87468E-01
3.63333E+01 -1.90000E-01 -4.30001E-07 -1.89447E-01
3.64000E+01 -1.92000E-01 -4.29080E-07 -1.91426E-01
3.64667E+01 -1.94000E-01 -4.05275E-07 -1.93404E-01
3.65333E+01 -1.96000E-01 -4.29848E-07 -1.95383E-01
3.66000E+01 -1.98000E-01 -4.30769E-07 -1.97514E-01
3.66667E+01 -2.00000E-01 -4.09268E-07 -1.99493E-01
3.67333E+01 -2.02000E-01 -4.30462E-07 -2.01472E-01
3.68000E+01 -2.04000E-01 -4.33227E-07 -2.03451E-01
3.68667E+01 -2.06000E-01 -4.03125E-07 -2.05430E-01
3.69333E+01 -2.08000E-01 -4.36298E-07 -2.07409E-01
3.70000E+01 -2.10000E-01 -4.37834E-07 -2.09540E-01
3.70667E+01 -2.12000E-01 -3.99285E-07 -2.11519E-01
3.71333E+01 -2.14000E-01 -4.38448E-07 -2.13345E-01
3.72000E+01 -2.16000E-01 -4.41827E-07 -2.15477E-01
3.72667E+01 -2.18000E-01 -3.98517E-07 -2.17455E-01
3.73333E+01 -2.20000E-01 -4.34762E-07 -2.19434E-01
3.74000E+01 -2.22000E-01 -4.40291E-07 -2.21565E-01
3.74667E+01 -2.24000E-01 -4.01128E-07 -2.23392E-01
3.75333E+01 -2.26000E-01 -4.34609E-07 -2.25371E-01
3.76000E+01 -2.28000E-01 -4.39370E-07 -2.27502E-01
3.76667E+01 -2.30000E-01 -3.97596E-07 -2.29481E-01
3.77333E+01 -2.32000E-01 -4.37834E-07 -2.31460E-01
3.78000E+01 -2.34000E-01 -4.40906E-07 -2.33439E-01
3.78667E+01 -2.36000E-01 -4.01435E-07 -2.35570E-01
3.79333E+01 -2.38000E-01 -4.37988E-07 -2.37549E-01
3.80000E+01 -2.40000E-01 -4.42288E-07 -2.39527E-01
3.80667E+01 -2.42000E-01 -4.10650E-07 -2.41506E-01
3.81333E+01 -2.44000E-01 -4.42595E-07 -2.43485E-01
3.82000E+01 -2.46000E-01 -4.45052E-07 -2.45464E-01
3.82667E+01 -2.48000E-01 -4.19865E-07 -2.47595E-01
3.83333E+01 -2.50000E-01 -4.41827E-07 -2.49574E-01
3.84000E+01 -2.52000E-01 -4.45052E-07 -2.51553E-01
3.84667E+01 -2.54000E-01 -4.37066E-07 -2.53380E-01
3.85333E+01 -2.56000E-01 -4.47202E-07 -2.55511E-01
3.86000E+01 -2.58000E-01 -4.47970E-07 -2.57490E-01
3.86667E+01 -2.60000E-01 -4.21401E-07 -2.59468E-01
3.87333E+01 -2.62000E-01 -4.51656E-07 -2.61447E-01
3.88000E+01 -2.64000E-01 -4.49353E-07 -2.63426E-01
3.88667E+01 -2.66000E-01 -4.67629E-07 -2.65557E-01
3.89333E+01 -2.68000E-01 -4.51195E-07 -2.67536E-01
3.90000E+01 -2.70000E-01 -4.50581E-07 -2.69515E-01
3.90667E+01 -2.72000E-01 -4.84062E-07 -2.71494E-01
3.91333E+01 -2.74000E-01 -4.49045E-07 -2.73473E-01
3.92000E+01 -2.76000E-01 -4.48585E-07 -2.75604E-01
3.92667E+01 -2.78000E-01 -5.02798E-07 -2.77583E-01
3.93333E+01 -2.80000E-01 -4.44592E-07 -2.79562E-01
3.94000E+01 -2.82000E-01 -4.53038E-07 -2.81540E-01
3.94667E+01 -2.84000E-01 -5.05409E-07 -2.83519E-01
3.95333E+01 -2.86000E-01 -4.45513E-07 -2.85498E-01
3.96000E+01 -2.88000E-01 -4.52117E-07 -2.87477E-01
3.96667E+01 -2.90000E-01 -5.06177E-07 -2.89456E-01
3.97333E+01 -2.92000E-01 -4.48585E-07 -2.91435E-01
3.98000E+01 -2.94000E-01 -4.54881E-07 -2.93566E-01
3.98667E+01 -2.96000E-01 -5.05717E-07 -2.95545E-01
3.99333E+01 -2.98000E-01 -4.49967E-07 -2.97524E-01
4.00000E+01 -3.00000E-01 -4.55189E-07 -2.99503E-01
4.00667E+01 -3.02000E-01 -4.97884E-07 -3.01481E-01
4.01333E+01 -3.04000E-01 -4.49353E-07 -3.03460E-01
4.02000E+01 -3.06000E-01 -4.55496E-07 -3.05439E-01
4.02667E+01 -3.08000E-01 -4.85905E-07 -3.07570E-01
4.03333E+01 -3.10000E-01 -4.53806E-07 -3.09549E-01
4.04000E+01 -3.12000E-01 -4.59335E-07 -3.11528E-01
4.04667E+01 -3.14000E-01 -4.77304E-07 -3.13507E-01
4.05333E+01 -3.16000E-01 -4.48431E-07 -3.15638E-01
4.06000E+01 -3.18000E-01 -4.57032E-07 -3.17617E-01
4.06667E+01 -3.20000E-01 -4.70086E-07 -3.19596E-01
4.07333E+01 -3.22000E-01 -4.45974E-07 -3.21575E-01
4.08000E+01 -3.24000E-01 -4.59489E-07 -3.23553E-01
4.08667E+01 -3.26000E-01 -4.63635E-07 -3.25532E-01
4.09333E+01 -3.28000E-01 -4.47817E-07 -3.27663E-01
4.10000E+01 -3.30000E-01 -4.58721E-07 -3.29490E-01
4.10667E+01 -3.32000E-01 -4.60257E-07 -3.31469E-01
4.11333E+01 -3.34000E-01 -4.42902E-07 -3.33448E-01
4.12000E+01 -3.36000E-01 -4.63635E-07 -3.35579E-01
4.12667E+01 -3.38000E-01 -4.60717E-07 -3.37558E-01
4.13333E+01 -3.40000E-01 -4.41827E-07 -3.39537E-01
4.14000E+01 -3.42000E-01 -4.61793E-07 -3.41515E-01
4.14667E+01 -3.44000E-01 -4.64403E-07 -3.43494E-01
4.15333E+01 -3.46000E-01 -4.34148E-07 -3.45625E-01
4.16000E+01 -3.48000E-01 -4.66554E-07 -3.47604E-01
4.16667E+01 -3.50000E-01 -4.68089E-07 -3.49583E-01
4.17333E+01 -3.52000E-01 -4.38602E-07 -3.51562E-01
4.18000E+01 -3.54000E-01 -4.63943E-07 -3.53541E-01
4.18667E+01 -3.56000E-01 -4.69625E-07 -3.55672E-01
4.19333E+01 -3.58000E-01 -4.32612E-07 -3.57651E-01
4.20000E+01 -3.60000E-01 -4.69164E-07 -3.59478E-01
4.20667E+01 -3.62000E-01 -4.70547E-07 -3.61609E-01
4.21333E+01 -3.64000E-01 -4.31998E-07 -3.63588E-01
4.22000E+01 -3.66000E-01 -4.68089E-07 -3.65566E-01
4.22667E+01 -3.68000E-01 -4.72850E-07 -3.67697E-01
4.23333E+01 -3.70000E-01 -4.28005E-07 -3.69524E-01
4.24000E+01 -3.72000E-01 -4.71161E-07 -3.71655E-01
4.24667E+01 -3.74000E-01 -4.76536E-07 -3.73634E-01
4.25333E+01 -3.76000E-01 -4.33073E-07 -3.75613E-01
4.26000E+01 -3.78000E-01 -4.71775E-07 -3.77592E-01
4.26667E+01 -3.80000E-01 -4.74540E-07 -3.79571E-01
4.27333E+01 -3.82000E-01 -4.37527E-07 -3.81550E-01
4.28000E+01 -3.84000E-01 -4.75922E-07 -3.83681E-01
4.28667E+01 -3.86000E-01 -4.77458E-07 -3.85660E-01
4.29333E+01 -3.88000E-01 -4.40598E-07 -3.87638E-01
4.30000E+01 -3.90000E-01 -4.77304E-07 -3.89617E-01
4.30667E+01 -3.92000E-01 -4.80376E-07 -3.91748E-01
4.31333E+01 -3.94000E-01 -4.56417E-07 -3.93727E-01
4.32000E+01 -3.96000E-01 -4.82526E-07 -3.95706E-01
4.32667E+01 -3.98000E-01 -4.81912E-07 -3.97685E-01
4.33333E+01 -4.00000E-01 -5.14163E-07 -3.99664E-01
4.34000E+01 -4.02000E-01 -4.71007E-07 -4.01643E-01
4.34667E+01 -4.04000E-01 -4.56417E-07 -4.03622E-01
4.35333E+01 -4.06000E-01 -4.69932E-07 -4.05753E-01
4.36000E+01 -4.08000E-01 -4.81912E-07 -4.07579E-01
4.36667E+01 -4.10000E-01 -4.81604E-07 -4.09558E-01
4.37333E+01 -4.12000E-01 -4.70854E-07 -4.11537E-01
4.38000E+01 -4.14000E-01 -4.85597E-07 -4.13668E-01
4.38667E+01 -4.16000E-01 -4.84369E-07 -4.15647E-01
4.39333E+01 -4.18000E-01 -5.36125E-07 -4.17474E-01
4.40000E+01 -4.20000E-01 -4.68089E-07 -4.19605E-01
4.40667E+01 -4.22000E-01 -4.90205E-07 -4.21584E-01
4.41333E+01 -4.24000E-01 -5.35050E-07 -4.23563E-01
4.42000E+01 -4.26000E-01 -4.90512E-07 -4.25541E-01
4.42667E+01 -4.28000E-01 -4.91434E-07 -4.27673E-01
4.43333E+01 -4.30000E-01 -5.49026E-07 -4.29651E-01
4.44000E+01 -4.32000E-01 -4.96809E-07 -4.31630E-01
4.44667E+01 -4.34000E-01 -4.89898E-07 -4.33609E-01
4.45333E+01 -4.36000E-01 -5.50869E-07 -4.35740E-01
4.46000E+01 -4.38000E-01 -4.87133E-07 -4.37567E-01
4.46667E+01 -4.40000E-01 -4.94198E-07 -4.39546E-01
4.47333E+01 -4.42000E-01 -5.46722E-07 -4.41677E-01
4.48000E+01 -4.44000E-01 -4.92201E-07 -4.43656E-01
4.48667E+01 -4.46000E-01 -4.95887E-07 -4.45635E-01
4.49333E+01 -4.48000E-01 -5.38429E-07 -4.47613E-01
4.50000E+01 -4.50000E-01 -4.92048E-07 -4.49592E-01
4.50667E+01 -4.52000E-01 -4.97270E-07 -4.51723E-01
4.51333E+01 -4.54000E-01 -5.30597E-07 -4.53702E-01
4.52000E+01 -4.56000E-01 -4.86673E-07 -4.55681E-01
4.52667E+01 -4.58000E-01 -4.97116E-07 -4.57660E-01
4.53333E+01 -4.60000E-01 -5.22303E-07 -4.59639E-01
4.54000E+01 -4.62000E-01 -4.93584E-07 -4.61618E-01
4.54667E+01 -4.64000E-01 -5.01263E-07 -4.63749E-01
4.55333E+01 -4.66000E-01 -5.15853E-07 -4.65728E-01
4.56000E+01 -4.68000E-01 -4.92201E-07 -4.67707E-01
4.56667E+01 -4.70000E-01 -5.04027E-07 -4.69686E-01
4.57333E+01 -4.72000E-01 -5.12935E-07 -4.71664E-01
4.58000E+01 -4.74000E-01 -4.91280E-07 -4.73796E-01
4.58667E+01 -4.76000E-01 -5.07559E-07 -4.75774E-01
4.59333E+01 -4.78000E-01 -5.10631E-07 -4.77753E-01
4.60000E+01 -4.80000E-01 -4.92355E-07 -4.79732E-01
4.60667E+01 -4.82000E-01 -5.07713E-07 -4.81711E-01
4.61333E+01 -4.84000E-01 -5.14471E-07 -4.83690E-01
4.62000E+01 -4.86000E-01 -4.89283E-07 -4.85517E-01
4.62667E+01 -4.88000E-01 -5.16621E-07 -4.87495E-01
4.63333E+01 -4.90000E-01 -5.17081E-07 -4.89474E-01
4.64000E+01 -4.92000E-01 -4.86673E-07 -4.91453E-01
4.64667E+01 -4.94000E-01 -5.16774E-07 -4.93584E-01
4.65333E+01 -4.96000E-01 -5.22457E-07 -4.95411E-01
4.66000E+01 -4.98000E-01 -5.12935E-07 -4.97390E-01
4.66667E+01 -5.00000E-01 -5.17696E-07 -4.99521E-01
4.67333E+01 -5.02000E-01 -5.15238E-07 -5.01500E-01
4.68000E+01 -5.04000E-01 -4.81604E-07 -5.03631E-01
4.68667E+01 -5.06000E-01 -5.02645E-07 -5.05457E-01
4.69333E+01 -5.08000E-01 -5.27218E-07 -5.07589E-01
4.70000E+01 -5.10000E-01 -4.82679E-07 -5.09567E-01
4.70667E+01 -5.12000E-01 -5.32747E-07 -5.11546E-01
4.71333E+01 -5.14000E-01 -5.21382E-07 -5.13677E-01
4.72000E+01 -5.16000E-01 -4.78686E-07 -5.15504E-01
4.72667E+01 -5.18000E-01 -5.32286E-07 -5.17483E-01
4.73333E+01 -5.20000E-01 -5.34897E-07 -5.19614E-01
4.74000E+01 -5.22000E-01 -4.88055E-07 -5.21593E-01
4.74667E+01 -5.24000E-01 -5.46415E-07 -5.23572E-01
4.75333E+01 -5.26000E-01 -5.43190E-07 -5.25551E-01
4.76000E+01 -5.28000E-01 -4.92048E-07 -5.27530E-01
4.76667E+01 -5.30000E-01 -5.39043E-07 -5.29508E-01
4.77333E+01 -5.32000E-01 -5.59930E-07 -5.31639E-01
4.78000E+01 -5.34000E-01 -5.04949E-07 -5.33618E-01
4.78667E+01 -5.36000E-01 -5.46722E-07 -5.35597E-01
4.79333E+01 -5.38000E-01 -5.49333E-07 -5.37576E-01
4.80000E+01 -5.40000E-01 -5.24760E-07 -5.39555E-01
4.80667E+01 -5.42000E-01 -5.51637E-07 -5.41534E-01
4.81333E+01 -5.44000E-01 -5.56244E-07 -5.43665E-01
4.82000E+01 -5.46000E-01 -5.44265E-07 -5.45644E-01
4.82667E+01 -5.48000E-01 -5.58395E-07 -5.47623E-01
4.83333E+01 -5.50000E-01 -5.57166E-07 -5.49754E-01
4.84000E+01 -5.52000E-01 -5.71142E-07 -5.51733E-01
4.84667E+01 -5.54000E-01 -5.56398E-07 -5.53559E-01
4.85333E+01 -5.56000E-01 -5.65766E-07 -5.55538E-01
4.86000E+01 -5.58000E-01 -5.96175E-07 -5.57669E-01
4.86667E+01 -5.60000E-01 -5.62848E-07 -5.59648E-01
4.87333E+01 -5.62000E-01 -5.67302E-07 -5.61627E-01
4.88000E+01 -5.64000E-01 -5.74213E-07 -5.63606E-01
4.88667E+01 -5.66000E-01 -5.73906E-07 -5.65585E-01
4.89333E+01 -5.68000E-01 -5.63463E-07 -5.67564E-01
4.90000E+01 -5.70000E-01 -6.30731E-07 -5.69542E-01
4.90667E+01 -5.72000E-01 -5.79589E-07 -5.71674E-01
4.91333E+01 -5.74000E-01 -5.78974E-07 -5.73500E-01
4.92000E+01 -5.76000E-01 -6.46243E-07 -5.75479E-01
4.92667E+01 -5.78000E-01 -5.81124E-07 -5.77458E-01
4.93333E+01 -5.80000E-01 -5.86346E-07 -5.79589E-01
4.94000E+01 -5.82000E-01 -6.45167E-07 -5.81568E-01
4.94667E+01 -5.84000E-01 -5.84810E-07 -5.83547E-01
4.95333E+01 -5.86000E-01 -5.89264E-07 -5.85678E-01
4.96000E+01 -5.88000E-01 -6.46550E-07 -5.87657E-01
4.96667E+01 -5.90000E-01 -5.88957E-07 -5.89636E-01
4.97333E+01 -5.92000E-01 -5.95561E-07 -5.91615E-01
4.98000E+01 -5.94000E-01 -6.41021E-07 -5.93593E-01
4.98667E+01 -5.96000E-01 -5.91261E-07 -5.95572E-01
4.99333E+01 -5.98000E-01 -6.01397E-07 -5.97703E-01
5.00000E+01 -6.00000E-01 -6.37796E-07 -5.99682E-01
5.00667E+01 -6.02000E-01 -5.97711E-07 -6.01661E-01
5.01333E+01 -6.04000E-01 -6.11533E-07 -6.03640E-01
5.02000E+01 -6.06000E-01 -6.33342E-07 -6.05619E-01
5.02667E+01 -6.08000E-01 -6.02472E-07 -6.07598E-01
5.03333E+01 -6.10000E-01 -6.12455E-07 -6.09577E-01
5.04000E+01 -6.12000E-01 -6.35799E-07 -6.11708E-01
5.04667E+01 -6.14000E-01 -6.11994E-07 -6.13534E-01
5.05333E+01 -6.16000E-01 -6.19827E-07 -6.15665E-01
5.06000E+01 -6.18000E-01 -6.31192E-07 -6.17644E-01
5.06667E+01 -6.20000E-01 -6.11841E-07 -6.19623E-01
5.07333E+01 -6.22000E-01 -6.29963E-07 -6.21602E-01
5.08000E+01 -6.24000E-01 -6.35953E-07 -6.23581E-01
5.08667E+01 -6.26000E-01 -6.13223E-07 -6.25712E-01
5.09333E+01 -6.28000E-01 -6.40560E-07 -6.27691E-01
5.10000E+01 -6.30000E-01 -6.42403E-07 -6.29670E-01
5.10667E+01 -6.32000E-01 -6.20287E-07 -6.31649E-01
5.11333E+01 -6.34000E-01 -6.44092E-07 -6.33628E-01
5.12000E+01 -6.36000E-01 -6.56686E-07 -6.35759E-01
5.12667E+01 -6.38000E-01 -6.24281E-07 -6.37737E-01
5.13333E+01 -6.40000E-01 -6.56379E-07 -6.39716E-01
5.14000E+01 -6.42000E-01 -6.60065E-07 -6.41695E-01
5.14667E+01 -6.44000E-01 -6.26738E-07 -6.43370E-01
5.15333E+01 -6.46000E-01 -6.68358E-07 -6.45349E-01
5.16000E+01 -6.48000E-01 -6.74809E-07 -6.47480E-01
5.16667E+01 -6.50000E-01 -6.34417E-07 -6.49458E-01
5.17333E+01 -6.52000E-01 -6.80491E-07 -6.51437E-01
5.18000E+01 -6.54000E-01 -6.88170E-07 -6.53416E-01
5.18667E+01 -6.56000E-01 -6.43632E-07 -6.55395E-01
5.19333E+01 -6.58000E-01 -6.87863E-07 -6.57374E-01
5.20000E+01 -6.60000E-01 -6.97999E-07 -6.59505E-01
5.20667E+01 -6.62000E-01 -6.51618E-07 -6.61484E-01
5.21333E+01 -6.64000E-01 -7.01378E-07 -6.63463E-01
5.22000E+01 -6.66000E-01 -7.11668E-07 -6.65442E-01
5.22667E+01 -6.68000E-01 -6.66208E-07 -6.67573E-01
5.23333E+01 -6.70000E-01 -7.19808E-07 -6.69552E-01
5.24000E+01 -6.72000E-01 -7.26412E-07 -6.71378E-01
5.24667E+01 -6.74000E-01 -6.80030E-07 -6.73509E-01
5.25333E+01 -6.76000E-01 -7.27640E-07 -6.75488E-01
5.26000E+01 -6.78000E-01 -7.41309E-07 -6.77467E-01
5.26667E+01 -6.80000E-01 -7.04450E-07 -6.79598E-01
5.27333E+01 -6.82000E-01 -7.46838E-07 -6.81425E-01
5.28000E+01 -6.84000E-01 -7.55285E-07 -6.83404E-01
5.28667E+01 -6.86000E-01 -7.29176E-07 -6.85535E-01
5.29333E+01 -6.88000E-01 -7.63424E-07 -6.87514E-01
5.30000E+01 -6.90000E-01 -7.70643E-07 -6.89493E-01
5.30667E+01 -6.92000E-01 -7.72946E-07 -6.91471E-01
5.31333E+01 -6.94000E-01 -7.81393E-07 -6.93450E-01
5.32000E+01 -6.96000E-01 -7.91069E-07 -6.95429E-01
5.32667E+01 -6.98000E-01 -8.11956E-07 -6.97560E-01
