time/s      E/V        I/A
0.00000E+00 -7.00000E-01 -7.98901E-07 -6.99539E-01
6.66667E-02 -6.98000E-01 -3.75634E-07 -6.97713E-01
1.33333E-01 -6.96000E-01 -3.37700E-07 -6.95581E-01
2.00000E-01 -6.94000E-01 -2.28811E-07 -6.93603E-01
2.66667E-01 -6.92000E-01 -1.75058E-07 -6.91624E-01
3.33333E-01 -6.90000E-01 -1.91952E-07 -6.89645E-01
4.00000E-01 -6.88000E-01 -1.04565E-07 -6.87666E-01
4.66667E-01 -6.86000E-01 -8.19882E-08 -6.85535E-01
5.33333E-01 -6.84000E-01 -8.65956E-08 -6.83556E-01
6.00000E-01 -6.82000E-01 -3.99072E-08 -6.81577E-01
6.66667E-01 -6.80000E-01 -2.17847E-08 -6.79598E-01
7.33333E-01 -6.78000E-01 -6.44801E-08 -6.77619E-01
8.00000E-01 -6.76000E-01 2.32143E-08  -6.75640E-01
8.66667E-01 -6.74000E-01 2.39822E-08  -6.73509E-01
9.33333E-01 -6.72000E-01 -2.37813E-08 -6.71531E-01
1.00000E+00 -6.70000E-01 5.14731E-08  -6.69704E-01
1.06667E+00 -6.68000E-01 5.77699E-08  -6.67573E-01
1.13333E+00 -6.66000E-01 1.35388E-08  -6.65594E-01
1.20000E+00 -6.64000E-01 8.87931E-08  -6.63615E-01
1.26667E+00 -6.62000E-01 8.71038E-08  -6.61484E-01
1.33333E+00 -6.60000E-01 5.19339E-08  -6.59505E-01
1.40000E+00 -6.58000E-01 1.15363E-07  -6.57526E-01
1.46667E+00 -6.56000E-01 1.11830E-07  -6.55547E-01
1.53333E+00 -6.54000E-01 8.87931E-08  -6.53416E-01
1.60000E+00 -6.52000E-01 1.38246E-07  -6.51437E-01
1.66667E+00 -6.50000E-01 1.34867E-07  -6.49611E-01
1.73333E+00 -6.48000E-01 1.18434E-07  -6.47480E-01
1.80000E+00 -6.46000E-01 1.54526E-07  -6.45501E-01
1.86667E+00 -6.44000E-01 1.50532E-07  -6.43522E-01
1.93333E+00 -6.42000E-01 1.41625E-07  -6.41695E-01
2.00000E+00 -6.40000E-01 1.72341E-07  -6.39869E-01
2.06667E+00 -6.38000E-01 1.65276E-07  -6.37890E-01
2.13333E+00 -6.36000E-01 1.58365E-07  -6.35759E-01
2.20000E+00 -6.34000E-01 1.85856E-07  -6.33780E-01
2.26667E+00 -6.32000E-01 1.78638E-07  -6.31801E-01
2.33333E+00 -6.30000E-01 1.80173E-07  -6.29822E-01
2.40000E+00 -6.28000E-01 2.07972E-07  -6.27843E-01
2.46667E+00 -6.26000E-01 1.90463E-07  -6.25864E-01
2.53333E+00 -6.24000E-01 1.88313E-07  -6.23733E-01
2.60000E+00 -6.22000E-01 2.26555E-07  -6.21754E-01
2.66667E+00 -6.20000E-01 1.96453E-07  -6.19775E-01
2.73333E+00 -6.18000E-01 1.96607E-07  -6.17797E-01
2.80000E+00 -6.16000E-01 2.30087E-07  -6.15665E-01
2.86667E+00 -6.14000E-01 2.04132E-07  -6.13687E-01
2.93333E+00 -6.12000E-01 2.03671E-07  -6.11708E-01
3.00000E+00 -6.10000E-01 2.43295E-07  -6.09729E-01
3.06667E+00 -6.08000E-01 2.13961E-07  -6.07750E-01
3.13333E+00 -6.06000E-01 2.11504E-07  -6.05771E-01
3.20000E+00 -6.04000E-01 2.54814E-07  -6.03640E-01
3.26667E+00 -6.02000E-01 2.19951E-07  -6.01813E-01
3.33333E+00 -6.00000E-01 2.16572E-07  -5.99682E-01
3.40000E+00 -5.98000E-01 2.66178E-07  -5.97703E-01
3.46667E+00 -5.96000E-01 2.20104E-07  -5.95724E-01
3.53333E+00 -5.94000E-01 2.18722E-07  -5.93746E-01
3.60000E+00 -5.92000E-01 2.66793E-07  -5.91767E-01
3.66667E+00 -5.90000E-01 2.22562E-07  -5.89788E-01
3.73333E+00 -5.88000E-01 2.24558E-07  -5.87809E-01
3.80000E+00 -5.86000E-01 2.73858E-07  -5.85678E-01
3.86667E+00 -5.84000E-01 2.35923E-07  -5.83699E-01
3.93333E+00 -5.82000E-01 2.29934E-07  -5.81720E-01
4.00000E+00 -5.80000E-01 2.75086E-07  -5.79741E-01
4.06667E+00 -5.78000E-01 2.38995E-07  -5.77610E-01
4.13333E+00 -5.76000E-01 2.36691E-07  -5.75631E-01
4.20000E+00 -5.74000E-01 2.74779E-07  -5.73652E-01
4.26667E+00 -5.72000E-01 2.43295E-07  -5.71674E-01
4.33333E+00 -5.70000E-01 2.40377E-07  -5.69695E-01
4.40000E+00 -5.68000E-01 2.65718E-07  -5.67716E-01
4.46667E+00 -5.66000E-01 2.46674E-07  -5.65585E-01
4.53333E+00 -5.64000E-01 2.46827E-07  -5.63758E-01
4.60000E+00 -5.62000E-01 2.48670E-07  -5.61779E-01
4.66667E+00 -5.60000E-01 2.50820E-07  -5.59648E-01
4.73333E+00 -5.58000E-01 2.44677E-07  -5.57821E-01
4.80000E+00 -5.56000E-01 2.32698E-07  -5.55690E-01
4.86667E+00 -5.54000E-01 2.56503E-07  -5.53712E-01
4.93333E+00 -5.52000E-01 2.53278E-07  -5.51733E-01
5.00000E+00 -5.50000E-01 2.21333E-07  -5.49754E-01
5.06667E+00 -5.48000E-01 2.55581E-07  -5.47775E-01
5.13333E+00 -5.46000E-01 2.55428E-07  -5.45644E-01
5.20000E+00 -5.44000E-01 2.10122E-07  -5.43665E-01
5.26667E+00 -5.42000E-01 2.60957E-07  -5.41686E-01
5.33333E+00 -5.40000E-01 2.59114E-07  -5.39707E-01
5.40000E+00 -5.38000E-01 2.06589E-07  -5.37576E-01
5.46667E+00 -5.36000E-01 2.64182E-07  -5.35597E-01
5.53333E+00 -5.34000E-01 2.64489E-07  -5.33618E-01
5.60000E+00 -5.32000E-01 2.31162E-07  -5.31792E-01
5.66667E+00 -5.30000E-01 2.64489E-07  -5.29661E-01
5.73333E+00 -5.28000E-01 2.68789E-07  -5.27682E-01
5.80000E+00 -5.26000E-01 2.08893E-07  -5.25703E-01
5.86667E+00 -5.24000E-01 2.74625E-07  -5.23724E-01
5.93333E+00 -5.22000E-01 2.70632E-07  -5.21745E-01
6.00000E+00 -5.20000E-01 2.22715E-07  -5.19614E-01
6.06667E+00 -5.18000E-01 2.78465E-07  -5.17635E-01
6.13333E+00 -5.16000E-01 2.71707E-07  -5.15656E-01
6.20000E+00 -5.14000E-01 2.36845E-07  -5.13677E-01
6.26667E+00 -5.12000E-01 2.83994E-07  -5.11699E-01
6.33333E+00 -5.10000E-01 2.77236E-07  -5.09720E-01
6.40000E+00 -5.08000E-01 2.49745E-07  -5.07589E-01
6.46667E+00 -5.06000E-01 2.90905E-07  -5.05610E-01
6.53333E+00 -5.04000E-01 2.81229E-07  -5.03631E-01
6.60000E+00 -5.02000E-01 2.59882E-07  -5.01652E-01
6.66667E+00 -5.00000E-01 2.92748E-07  -4.99673E-01
6.73333E+00 -4.98000E-01 2.81844E-07  -4.97542E-01
6.80000E+00 -4.96000E-01 2.73397E-07  -4.95563E-01
6.86667E+00 -4.94000E-01 2.99352E-07  -4.93584E-01
6.93333E+00 -4.92000E-01 2.86758E-07  -4.91605E-01
7.00000E+00 -4.90000E-01 2.85683E-07  -4.89626E-01
7.06667E+00 -4.88000E-01 3.11178E-07  -4.87648E-01
7.13333E+00 -4.86000E-01 2.90905E-07  -4.85669E-01
7.20000E+00 -4.84000E-01 2.86451E-07  -4.83842E-01
7.26667E+00 -4.82000E-01 3.13942E-07  -4.81863E-01
7.33333E+00 -4.80000E-01 2.95052E-07  -4.79884E-01
7.40000E+00 -4.78000E-01 2.93516E-07  -4.77753E-01
7.46667E+00 -4.76000E-01 3.22235E-07  -4.75774E-01
7.53333E+00 -4.74000E-01 2.96434E-07  -4.73948E-01
7.60000E+00 -4.72000E-01 2.97202E-07  -4.71817E-01
7.66667E+00 -4.70000E-01 3.29300E-07  -4.69838E-01
7.73333E+00 -4.68000E-01 2.97202E-07  -4.67859E-01
7.80000E+00 -4.66000E-01 2.99659E-07  -4.65880E-01
7.86667E+00 -4.64000E-01 3.33447E-07  -4.63749E-01
7.93333E+00 -4.62000E-01 2.98891E-07  -4.61770E-01
8.00000E+00 -4.60000E-01 2.96434E-07  -4.59791E-01
8.06667E+00 -4.58000E-01 3.41894E-07  -4.57812E-01
8.13333E+00 -4.56000E-01 3.01809E-07  -4.55833E-01
8.20000E+00 -4.54000E-01 2.99352E-07  -4.53855E-01
8.26667E+00 -4.52000E-01 3.44658E-07  -4.51876E-01
8.33333E+00 -4.50000E-01 3.03038E-07  -4.49745E-01
8.40000E+00 -4.48000E-01 3.02116E-07  -4.47766E-01
8.46667E+00 -4.46000E-01 3.48805E-07  -4.45787E-01
8.53333E+00 -4.44000E-01 3.03191E-07  -4.43808E-01
8.60000E+00 -4.42000E-01 3.09488E-07  -4.41829E-01
8.66667E+00 -4.40000E-01 3.51416E-07  -4.39698E-01
8.73333E+00 -4.38000E-01 3.10563E-07  -4.37719E-01
8.80000E+00 -4.36000E-01 3.09642E-07  -4.35892E-01
8.86667E+00 -4.34000E-01 3.48190E-07  -4.33761E-01
8.93333E+00 -4.32000E-01 3.12560E-07  -4.31783E-01
9.00000E+00 -4.30000E-01 3.06263E-07  -4.29804E-01
9.06667E+00 -4.28000E-01 3.42354E-07  -4.27825E-01
9.13333E+00 -4.26000E-01 3.13788E-07  -4.25694E-01
9.20000E+00 -4.24000E-01 3.17781E-07  -4.23715E-01
9.26667E+00 -4.22000E-01 3.29146E-07  -4.21736E-01
9.33333E+00 -4.20000E-01 3.18089E-07  -4.19605E-01
9.40000E+00 -4.18000E-01 3.17014E-07  -4.17626E-01
9.46667E+00 -4.16000E-01 3.17781E-07  -4.15799E-01
9.53333E+00 -4.14000E-01 3.20700E-07  -4.13668E-01
9.60000E+00 -4.12000E-01 3.20085E-07  -4.11689E-01
9.66667E+00 -4.10000E-01 3.01041E-07  -4.09710E-01
9.73333E+00 -4.08000E-01 3.23464E-07  -4.07732E-01
9.80000E+00 -4.06000E-01 3.24846E-07  -4.05753E-01
9.86667E+00 -4.04000E-01 2.93362E-07  -4.03774E-01
9.93333E+00 -4.02000E-01 3.26228E-07  -4.01795E-01
1.00000E+01 -4.00000E-01 3.25768E-07  -3.99816E-01
1.00667E+01 -3.98000E-01 2.82304E-07  -3.97685E-01
1.01333E+01 -3.96000E-01 3.27457E-07  -3.95858E-01
1.02000E+01 -3.94000E-01 3.22235E-07  -3.93727E-01
1.02667E+01 -3.92000E-01 2.83072E-07  -3.91748E-01
1.03333E+01 -3.90000E-01 3.35597E-07  -3.89770E-01
1.04000E+01 -3.88000E-01 3.33907E-07  -3.87791E-01
1.04667E+01 -3.86000E-01 2.74933E-07  -3.85660E-01
1.05333E+01 -3.84000E-01 3.38668E-07  -3.83681E-01
1.06000E+01 -3.82000E-01 3.39897E-07  -3.81702E-01
1.06667E+01 -3.80000E-01 2.79233E-07  -3.79571E-01
1.07333E+01 -3.78000E-01 3.45887E-07  -3.77744E-01
1.08000E+01 -3.76000E-01 3.41894E-07  -3.75765E-01
1.08667E+01 -3.74000E-01 2.91519E-07  -3.73634E-01
1.09333E+01 -3.72000E-01 3.44197E-07  -3.71655E-01
1.10000E+01 -3.70000E-01 3.47423E-07  -3.69676E-01
1.10667E+01 -3.68000E-01 3.02884E-07  -3.67697E-01
1.11333E+01 -3.66000E-01 3.53412E-07  -3.65719E-01
1.12000E+01 -3.64000E-01 3.46347E-07  -3.63740E-01
1.12667E+01 -3.62000E-01 3.16553E-07  -3.61609E-01
1.13333E+01 -3.60000E-01 3.57098E-07  -3.59630E-01
1.14000E+01 -3.58000E-01 3.52337E-07  -3.57803E-01
1.14667E+01 -3.56000E-01 3.28379E-07  -3.55824E-01
1.15333E+01 -3.54000E-01 3.66159E-07  -3.53693E-01
1.16000E+01 -3.52000E-01 3.53259E-07  -3.51714E-01
1.16667E+01 -3.50000E-01 3.42201E-07  -3.49735E-01
1.17333E+01 -3.48000E-01 3.78753E-07  -3.47604E-01
1.18000E+01 -3.46000E-01 3.57405E-07  -3.45625E-01
1.18667E+01 -3.44000E-01 2.76776E-07  -3.43647E-01
1.19333E+01 -3.42000E-01 3.66774E-07  -3.41668E-01
1.20000E+01 -3.40000E-01 3.59863E-07  -3.39537E-01
1.20667E+01 -3.38000E-01 3.58020E-07  -3.37710E-01
1.21333E+01 -3.36000E-01 3.88889E-07  -3.35731E-01
1.22000E+01 -3.34000E-01 3.65699E-07  -3.33600E-01
1.22667E+01 -3.32000E-01 3.62627E-07  -3.31621E-01
1.23333E+01 -3.30000E-01 3.94572E-07  -3.29642E-01
1.24000E+01 -3.28000E-01 3.99179E-07  -3.27663E-01
1.24667E+01 -3.26000E-01 3.69385E-07  -3.25685E-01
1.25333E+01 -3.24000E-01 4.07165E-07  -3.23706E-01
1.26000E+01 -3.22000E-01 3.73992E-07  -3.21575E-01
1.26667E+01 -3.20000E-01 3.71074E-07  -3.19596E-01
1.27333E+01 -3.18000E-01 4.15151E-07  -3.17769E-01
1.28000E+01 -3.16000E-01 3.71074E-07  -3.15790E-01
1.28667E+01 -3.14000E-01 3.74760E-07  -3.13659E-01
1.29333E+01 -3.12000E-01 4.18377E-07  -3.11680E-01
1.30000E+01 -3.10000E-01 3.75221E-07  -3.09701E-01
1.30667E+01 -3.08000E-01 3.78292E-07  -3.07722E-01
1.31333E+01 -3.06000E-01 4.24827E-07  -3.05591E-01
1.32000E+01 -3.04000E-01 3.81825E-07  -3.03612E-01
1.32667E+01 -3.02000E-01 3.84743E-07  -3.01634E-01
1.33333E+01 -3.00000E-01 4.32352E-07  -2.99655E-01
1.34000E+01 -2.98000E-01 3.85971E-07  -2.97676E-01
1.34667E+01 -2.96000E-01 3.86278E-07  -2.95697E-01
1.35333E+01 -2.94000E-01 4.35424E-07  -2.93718E-01
1.36000E+01 -2.92000E-01 3.88428E-07  -2.91587E-01
1.36667E+01 -2.90000E-01 3.90886E-07  -2.89608E-01
1.37333E+01 -2.88000E-01 4.34963E-07  -2.87629E-01
1.38000E+01 -2.86000E-01 3.92575E-07  -2.85650E-01
1.38667E+01 -2.84000E-01 3.97183E-07  -2.83672E-01
1.39333E+01 -2.82000E-01 4.20373E-07  -2.81540E-01
1.40000E+01 -2.80000E-01 3.98565E-07  -2.79714E-01
1.40667E+01 -2.78000E-01 4.00561E-07  -2.77735E-01
1.41333E+01 -2.76000E-01 4.12694E-07  -2.75604E-01
1.42000E+01 -2.74000E-01 4.00408E-07  -2.73625E-01
1.42667E+01 -2.72000E-01 4.02865E-07  -2.71646E-01
1.43333E+01 -2.70000E-01 3.99179E-07  -2.69667E-01
1.44000E+01 -2.68000E-01 4.01790E-07  -2.67536E-01
1.44667E+01 -2.66000E-01 4.10698E-07  -2.65557E-01
1.45333E+01 -2.64000E-01 3.89350E-07  -2.63578E-01
1.46000E+01 -2.62000E-01 4.07780E-07  -2.61447E-01
1.46667E+01 -2.60000E-01 4.13308E-07  -2.59621E-01
1.47333E+01 -2.58000E-01 3.75988E-07  -2.57642E-01
1.48000E+01 -2.56000E-01 4.13769E-07  -2.55663E-01
1.48667E+01 -2.54000E-01 4.20373E-07  -2.53532E-01
1.49333E+01 -2.52000E-01 3.66620E-07  -2.51553E-01
1.50000E+01 -2.50000E-01 4.22523E-07  -2.49726E-01
1.50667E+01 -2.48000E-01 4.24827E-07  -2.47595E-01
1.51333E+01 -2.46000E-01 3.68002E-07  -2.45616E-01
1.52000E+01 -2.44000E-01 4.23752E-07  -2.43637E-01
1.52667E+01 -2.42000E-01 4.31277E-07  -2.41659E-01
1.53333E+01 -2.40000E-01 3.69231E-07  -2.39680E-01
1.54000E+01 -2.38000E-01 4.34810E-07  -2.37701E-01
1.54667E+01 -2.36000E-01 4.39110E-07  -2.35570E-01
1.55333E+01 -2.34000E-01 3.75681E-07  -2.33591E-01
1.56000E+01 -2.32000E-01 4.43717E-07  -2.31612E-01
1.56667E+01 -2.30000E-01 4.41721E-07  -2.29633E-01
1.57333E+01 -2.28000E-01 3.82592E-07  -2.27502E-01
1.58000E+01 -2.26000E-01 4.47864E-07  -2.25523E-01
1.58667E+01 -2.24000E-01 4.43103E-07  -2.23544E-01
1.59333E+01 -2.22000E-01 3.98872E-07  -2.21565E-01
1.60000E+01 -2.20000E-01 4.49400E-07  -2.19586E-01
1.60667E+01 -2.18000E-01 4.50936E-07  -2.17608E-01
1.61333E+01 -2.16000E-01 4.13769E-07  -2.15629E-01
1.62000E+01 -2.14000E-01 4.59075E-07  -2.13498E-01
1.62667E+01 -2.12000E-01 4.52164E-07  -2.11519E-01
1.63333E+01 -2.10000E-01 4.29127E-07  -2.09540E-01
1.64000E+01 -2.08000E-01 4.68905E-07  -2.07561E-01
1.64667E+01 -2.06000E-01 4.56311E-07  -2.05582E-01
1.65333E+01 -2.04000E-01 4.40799E-07  -2.03451E-01
1.66000E+01 -2.02000E-01 4.81345E-07  -2.01624E-01
1.66667E+01 -2.00000E-01 4.61533E-07  -1.99646E-01
1.67333E+01 -1.98000E-01 4.51704E-07  -1.97514E-01
1.68000E+01 -1.96000E-01 4.89945E-07  -1.95536E-01
1.68667E+01 -1.94000E-01 4.66908E-07  -1.93557E-01
1.69333E+01 -1.92000E-01 4.63683E-07  -1.91578E-01
1.70000E+01 -1.90000E-01 5.00542E-07  -1.89447E-01
1.70667E+01 -1.88000E-01 4.73051E-07  -1.87468E-01
1.71333E+01 -1.86000E-01 4.72283E-07  -1.85489E-01
1.72000E+01 -1.84000E-01 5.07453E-07  -1.83510E-01
1.72667E+01 -1.82000E-01 4.74894E-07  -1.81531E-01
1.73333E+01 -1.80000E-01 4.75816E-07  -1.79552E-01
1.74000E+01 -1.78000E-01 5.14518E-07  -1.77421E-01
1.74667E+01 -1.76000E-01 4.82420E-07  -1.75442E-01
1.75333E+01 -1.74000E-01 4.82113E-07  -1.73616E-01
1.76000E+01 -1.72000E-01 5.28494E-07  -1.71789E-01
1.76667E+01 -1.70000E-01 4.85338E-07  -1.69658E-01
1.77333E+01 -1.68000E-01 4.87795E-07  -1.67679E-01
1.78000E+01 -1.66000E-01 5.36941E-07  -1.65700E-01
1.78667E+01 -1.64000E-01 4.89024E-07  -1.63721E-01
1.79333E+01 -1.62000E-01 4.95320E-07  -1.61743E-01
1.80000E+01 -1.60000E-01 5.40780E-07  -1.59764E-01
1.80667E+01 -1.58000E-01 4.93017E-07  -1.57785E-01
1.81333E+01 -1.56000E-01 4.96703E-07  -1.55654E-01
1.82000E+01 -1.54000E-01 5.40627E-07  -1.53675E-01
1.82667E+01 -1.52000E-01 4.99467E-07  -1.51696E-01
1.83333E+01 -1.50000E-01 5.04382E-07  -1.49717E-01
1.84000E+01 -1.48000E-01 5.49841E-07  -1.47738E-01
1.84667E+01 -1.46000E-01 5.06378E-07  -1.45607E-01
1.85333E+01 -1.44000E-01 5.10986E-07  -1.43780E-01
1.86000E+01 -1.42000E-01 5.47691E-07  -1.41649E-01
1.86667E+01 -1.40000E-01 5.10371E-07  -1.39670E-01
1.87333E+01 -1.38000E-01 5.18665E-07  -1.37692E-01
1.88000E+01 -1.36000E-01 5.40934E-07  -1.35713E-01
1.88667E+01 -1.34000E-01 5.15286E-07  -1.33734E-01
1.89333E+01 -1.32000E-01 5.20661E-07  -1.31755E-01
1.90000E+01 -1.30000E-01 5.31719E-07  -1.29624E-01
1.90667E+01 -1.28000E-01 5.23272E-07  -1.27645E-01
1.91333E+01 -1.26000E-01 5.28955E-07  -1.25666E-01
1.92000E+01 -1.24000E-01 5.19279E-07  -1.23687E-01
1.92667E+01 -1.22000E-01 5.29722E-07  -1.21708E-01
1.93333E+01 -1.20000E-01 5.36634E-07  -1.19730E-01
1.94000E+01 -1.18000E-01 5.09757E-07  -1.17598E-01
1.94667E+01 -1.16000E-01 5.36480E-07  -1.15620E-01
1.95333E+01 -1.14000E-01 5.43545E-07  -1.13641E-01
1.96000E+01 -1.12000E-01 4.98392E-07  -1.11662E-01
1.96667E+01 -1.10000E-01 5.41241E-07  -1.09531E-01
1.97333E+01 -1.08000E-01 5.47845E-07  -1.07552E-01
1.98000E+01 -1.06000E-01 4.93017E-07  -1.05573E-01
1.98667E+01 -1.04000E-01 5.54295E-07  -1.03594E-01
1.99333E+01 -1.02000E-01 5.53527E-07  -1.01615E-01
2.00000E+01 -1.00000E-01 4.96703E-07  -9.96364E-02
2.00667E+01 -9.80000E-02 5.61053E-07  -9.75053E-02
2.01333E+01 -9.60000E-02 5.61974E-07  -9.56786E-02
2.02000E+01 -9.40000E-02 5.00696E-07  -9.36998E-02
2.02667E+01 -9.20000E-02 5.65507E-07  -9.17209E-02
2.03333E+01 -9.00000E-02 5.67657E-07  -8.97420E-02
2.04000E+01 -8.80000E-02 5.07453E-07  -8.76109E-02
2.04667E+01 -8.60000E-02 5.70882E-07  -8.56321E-02
2.05333E+01 -8.40000E-02 5.71343E-07  -8.36532E-02
2.06000E+01 -8.20000E-02 5.22658E-07  -8.16743E-02
2.06667E+01 -8.00000E-02 5.84397E-07  -7.96954E-02
2.07333E+01 -7.80000E-02 5.78407E-07  -7.77166E-02
2.08000E+01 -7.60000E-02 5.32640E-07  -7.55855E-02
2.08667E+01 -7.40000E-02 5.81172E-07  -7.36066E-02
2.09333E+01 -7.20000E-02 5.81940E-07  -7.16277E-02
2.10000E+01 -7.00000E-02 5.49074E-07  -6.94966E-02
2.10667E+01 -6.80000E-02 6.02673E-07  -6.75178E-02
2.11333E+01 -6.60000E-02 5.88697E-07  -6.56911E-02
2.12000E+01 -6.40000E-02 5.69193E-07  -6.35600E-02
2.12667E+01 -6.20000E-02 6.14345E-07  -6.15811E-02
2.13333E+01 -6.00000E-02 5.94380E-07  -5.96023E-02
2.14000E+01 -5.80000E-02 5.83476E-07  -5.76234E-02
2.14667E+01 -5.60000E-02 6.21256E-07  -5.56445E-02
2.15333E+01 -5.40000E-02 6.02520E-07  -5.36657E-02
2.16000E+01 -5.20000E-02 5.99141E-07  -5.15346E-02
2.16667E+01 -5.00000E-02 6.39225E-07  -4.95557E-02
2.17333E+01 -4.80000E-02 6.09123E-07  -4.75768E-02
2.18000E+01 -4.60000E-02 6.06359E-07  -4.55979E-02
2.18667E+01 -4.40000E-02 6.49976E-07  -4.36191E-02
2.19333E+01 -4.20000E-02 6.16495E-07  -4.16402E-02
2.20000E+01 -4.00000E-02 6.14652E-07  -3.96613E-02
2.20667E+01 -3.80000E-02 6.61187E-07  -3.75302E-02
2.21333E+01 -3.60000E-02 6.19874E-07  -3.55514E-02
2.22000E+01 -3.40000E-02 6.23867E-07  -3.35725E-02
2.22667E+01 -3.20000E-02 6.69481E-07  -3.15936E-02
2.23333E+01 -3.00000E-02 6.28014E-07  -2.94625E-02
2.24000E+01 -2.80000E-02 6.34004E-07  -2.74836E-02
2.24667E+01 -2.60000E-02 6.81460E-07  -2.56570E-02
2.25333E+01 -2.40000E-02 6.37689E-07  -2.35259E-02
2.26000E+01 -2.20000E-02 6.38764E-07  -2.15470E-02
2.26667E+01 -2.00000E-02 6.97279E-07  -1.95682E-02
2.27333E+01 -1.80000E-02 6.42297E-07  -1.75893E-02
2.28000E+01 -1.60000E-02 6.40915E-07  -1.57626E-02
2.28667E+01 -1.40000E-02 7.05572E-07  -1.37838E-02
2.29333E+01 -1.20000E-02 6.46904E-07  -1.18049E-02
2.30000E+01 -1.00000E-02 6.56580E-07  -9.82602E-03
2.30667E+01 -8.00000E-03 7.08797E-07  -7.84714E-03
2.31333E+01 -6.00000E-03 6.57348E-07  -5.86827E-03
2.32000E+01 -4.00000E-03 6.65027E-07  -3.88940E-03
2.32667E+01 -2.00000E-03 7.13712E-07  -1.75830E-03
2.33333E+01 1.45825E-17  6.64259E-07  2.20568E-04 
2.34000E+01 2.00000E-03  6.72245E-07  2.19944E-03 
2.34667E+01 4.00000E-03  7.12176E-07  4.17831E-03 
2.35333E+01 6.00000E-03  6.72706E-07  6.30941E-03 
2.36000E+01 8.00000E-03  6.80231E-07  8.28828E-03 
2.36667E+01 1.00000E-02  7.05572E-07  1.02672E-02 
2.37333E+01 1.20000E-02  6.81767E-07  1.22460E-02 
2.38000E+01 1.40000E-02  6.92518E-07  1.42249E-02 
2.38667E+01 1.60000E-02  6.95436E-07  1.62038E-02 
2.39333E+01 1.80000E-02  6.94207E-07  1.81826E-02 
2.40000E+01 2.00000E-02  7.00197E-07  2.03137E-02 
2.40667E+01 2.20000E-02  6.85146E-07  2.21404E-02 
2.41333E+01 2.40000E-02  7.03115E-07  2.42715E-02 
2.42000E+01 2.60000E-02  7.09719E-07  2.62504E-02 
2.42667E+01 2.80000E-02  6.72399E-07  2.82292E-02 
2.43333E+01 3.00000E-02  7.12483E-07  3.03603E-02 
2.44000E+01 3.20000E-02  7.21391E-07  3.21870E-02 
2.44667E+01 3.40000E-02  6.68713E-07  3.41658E-02 
2.45333E+01 3.60000E-02  7.27534E-07  3.62969E-02 
2.46000E+01 3.80000E-02  6.94821E-07  3.82758E-02 
2.46667E+01 4.00000E-02  6.67330E-07  4.02547E-02 
2.47333E+01 4.20000E-02  7.44274E-07  4.22336E-02 
2.48000E+01 4.40000E-02  7.34138E-07  4.43646E-02 
2.48667E+01 4.60000E-02  6.66102E-07  4.63435E-02 
2.49333E+01 4.80000E-02  7.51339E-07  4.83224E-02 
2.50000E+01 5.00000E-02  7.53182E-07  5.03013E-02 
2.50667E+01 5.20000E-02  6.82228E-07  5.22801E-02 
2.51333E+01 5.40000E-02  7.69154E-07  5.42590E-02 
2.52000E+01 5.60000E-02  7.68847E-07  5.62379E-02 
2.52667E+01 5.80000E-02  7.00504E-07  5.83690E-02 
2.53333E+01 6.00000E-02  7.81594E-07  6.01956E-02 
2.54000E+01 6.20000E-02  7.84819E-07  6.21745E-02 
2.54667E+01 6.40000E-02  7.25537E-07  6.43056E-02 
2.55333E+01 6.60000E-02  8.07549E-07  6.62845E-02 
2.56000E+01 6.80000E-02  8.07703E-07  6.82633E-02 
2.56667E+01 7.00000E-02  7.63779E-07  7.02422E-02 
2.57333E+01 7.20000E-02  8.43948E-07  7.22211E-02 
2.58000E+01 7.40000E-02  8.39801E-07  7.42000E-02 
2.58667E+01 7.60000E-02  8.20450E-07  7.61788E-02 
2.59333E+01 7.80000E-02  8.80346E-07  7.83099E-02 
2.60000E+01 8.00000E-02  8.82343E-07  8.02888E-02 
2.60667E+01 8.20000E-02  8.52395E-07  8.22677E-02 
2.61333E+01 8.40000E-02  8.99083E-07  8.42465E-02 
2.62000E+01 8.60000E-02  8.70210E-07  8.63776E-02 
2.62667E+01 8.80000E-02  8.57156E-07  8.83565E-02 
2.63333E+01 9.00000E-02  9.10909E-07  9.01832E-02 
2.64000E+01 9.20000E-02  9.05226E-07  9.23142E-02 
2.64667E+01 9.40000E-02  9.12138E-07  9.42931E-02 
2.65333E+01 9.60000E-02  9.40704E-07  9.62720E-02 
2.66000E+01 9.80000E-02  9.14902E-07  9.84031E-02 
2.66667E+01 1.00000E-01  9.21045E-07  1.00230E-01 
2.67333E+01 9.80000E-02  4.65526E-07  9.84031E-02 
2.68000E+01 9.60000E-02  3.06417E-07  9.64242E-02 
2.68667E+01 9.40000E-02  2.30548E-07  9.44453E-02 
2.69333E+01 9.20000E-02  2.32852E-07  9.23142E-02 
2.70000E+01 9.00000E-02  1.35174E-07  9.03354E-02 
2.70667E+01 8.80000E-02  9.90830E-08  8.85087E-02 
2.71333E+01 8.60000E-02  1.23042E-07  8.63776E-02 
2.72000E+01 8.40000E-02  4.31798E-08  8.43988E-02 
2.72667E+01 8.20000E-02  1.84533E-08  8.24199E-02 
2.73333E+01 8.00000E-02  4.57906E-08  8.02888E-02 
2.74000E+01 7.80000E-02  -2.85423E-08 7.83099E-02 
2.74667E+01 7.60000E-02  -4.35931E-08 7.63310E-02 
2.75333E+01 7.40000E-02  -1.19556E-08 7.43522E-02 
2.76000E+01 7.20000E-02  -8.06060E-08 7.22211E-02 
2.76667E+01 7.00000E-02  -9.28924E-08 7.02422E-02 
2.77333E+01 6.80000E-02  -4.63576E-08 6.82633E-02 
2.78000E+01 6.60000E-02  -1.19615E-07 6.64367E-02 
2.78667E+01 6.40000E-02  -1.28216E-07 6.43056E-02 
2.79333E+01 6.20000E-02  -8.49063E-08 6.23267E-02 
2.80000E+01 6.00000E-02  -1.58011E-07 6.03478E-02 
2.80667E+01 5.80000E-02  -1.60775E-07 5.83690E-02 
2.81333E+01 5.60000E-02  -1.30520E-07 5.63901E-02 
2.82000E+01 5.40000E-02  -1.86269E-07 5.44112E-02 
2.82667E+01 5.20000E-02  -1.85501E-07 5.22801E-02 
2.83333E+01 5.00000E-02  -1.66457E-07 5.04535E-02 
2.84000E+01 4.80000E-02  -2.07924E-07 4.84746E-02 
2.84667E+01 4.60000E-02  -2.05467E-07 4.63435E-02 
2.85333E+01 4.40000E-02  -1.99170E-07 4.43646E-02 
2.86000E+01 4.20000E-02  -2.26047E-07 4.23858E-02 
2.86667E+01 4.00000E-02  -2.26661E-07 4.04069E-02 
2.87333E+01 3.80000E-02  -2.39562E-07 3.82758E-02 
2.88000E+01 3.60000E-02  -2.44323E-07 3.62969E-02 
2.88667E+01 3.40000E-02  -2.44016E-07 3.43181E-02 
2.89333E+01 3.20000E-02  -2.74271E-07 3.21870E-02 
2.90000E+01 3.00000E-02  -2.55841E-07 3.03603E-02 
2.90667E+01 2.80000E-02  -2.55380E-07 2.83814E-02 
2.91333E+01 2.60000E-02  -3.07598E-07 2.62504E-02 
2.92000E+01 2.40000E-02  -2.67513E-07 2.42715E-02 
2.92667E+01 2.20000E-02  -2.69663E-07 2.22926E-02 
2.93333E+01 2.00000E-02  -3.35089E-07 2.03137E-02 
2.94000E+01 1.80000E-02  -2.77803E-07 1.83349E-02 
2.94667E+01 1.60000E-02  -3.01301E-07 1.63560E-02 
2.95333E+01 1.40000E-02  -2.24050E-07 1.42249E-02 
2.96000E+01 1.20000E-02  -2.81796E-07 1.22460E-02 
2.96667E+01 1.00000E-02  -2.94697E-07 1.04194E-02 
2.97333E+01 8.00000E-03  -3.68876E-07 8.28828E-03 
2.98000E+01 6.00000E-03  -2.87172E-07 6.30941E-03 
2.98667E+01 4.00000E-03  -3.01762E-07 4.33053E-03 
2.99333E+01 2.00000E-03  -3.75480E-07 2.35166E-03 
3.00000E+01 1.45825E-17  -3.00380E-07 2.20568E-04 
3.00667E+01 -2.00000E-03 -3.09287E-07 -1.75830E-03
3.01333E+01 -4.00000E-03 -3.85617E-07 -3.73718E-03
3.02000E+01 -6.00000E-03 -3.08519E-07 -5.71605E-03
3.02667E+01 -8.00000E-03 -3.21113E-07 -7.69492E-03
3.03333E+01 -1.00000E-02 -3.86999E-07 -9.67379E-03
3.04000E+01 -1.20000E-02 -3.15430E-07 -1.18049E-02
3.04667E+01 -1.40000E-02 -3.31864E-07 -1.36315E-02
3.05333E+01 -1.60000E-02 -3.80702E-07 -1.57626E-02
3.06000E+01 -1.80000E-02 -3.21727E-07 -1.75893E-02
3.06667E+01 -2.00000E-02 -3.38160E-07 -1.94159E-02
3.07333E+01 -2.20000E-02 -3.74866E-07 -2.13948E-02
3.08000E+01 -2.40000E-02 -3.22034E-07 -2.35259E-02
3.08667E+01 -2.60000E-02 -3.46146E-07 -2.55048E-02
3.09333E+01 -2.80000E-02 -3.73330E-07 -2.74836E-02
3.10000E+01 -3.00000E-02 -3.43996E-07 -2.94625E-02
3.10667E+01 -3.20000E-02 -3.56897E-07 -3.14414E-02
3.11333E+01 -3.40000E-02 -3.68723E-07 -3.34203E-02
3.12000E+01 -3.60000E-02 -3.36932E-07 -3.53991E-02
3.12667E+01 -3.80000E-02 -3.64423E-07 -3.75302E-02
3.13333E+01 -4.00000E-02 -3.73023E-07 -3.95091E-02
3.14000E+01 -4.20000E-02 -3.36625E-07 -4.14880E-02
3.14667E+01 -4.40000E-02 -3.85617E-07 -4.36191E-02
3.15333E+01 -4.60000E-02 -3.92681E-07 -4.55979E-02
3.16000E+01 -4.80000E-02 -3.64269E-07 -4.75768E-02
3.16667E+01 -5.00000E-02 -4.15718E-07 -4.95557E-02
3.17333E+01 -5.20000E-02 -4.18329E-07 -5.15346E-02
3.18000E+01 -5.40000E-02 -3.83006E-07 -5.35134E-02
3.18667E+01 -5.60000E-02 -4.30309E-07 -5.54923E-02
3.19333E+01 -5.80000E-02 -4.20633E-07 -5.74712E-02
3.20000E+01 -6.00000E-02 -3.69030E-07 -5.94500E-02
3.20667E+01 -6.20000E-02 -4.17408E-07 -6.15811E-02
3.21333E+01 -6.40000E-02 -4.02050E-07 -6.35600E-02
3.22000E+01 -6.60000E-02 -3.49832E-07 -6.55389E-02
3.22667E+01 -6.80000E-02 -4.04661E-07 -6.75178E-02
3.23333E+01 -7.00000E-02 -3.99285E-07 -6.94966E-02
3.24000E+01 -7.20000E-02 -3.47682E-07 -7.14755E-02
3.24667E+01 -7.40000E-02 -3.94678E-07 -7.36066E-02
3.25333E+01 -7.60000E-02 -3.87306E-07 -7.55855E-02
3.26000E+01 -7.80000E-02 -3.42000E-07 -7.75643E-02
3.26667E+01 -8.00000E-02 -3.94371E-07 -7.95432E-02
3.27333E+01 -8.20000E-02 -3.86231E-07 -8.16743E-02
3.28000E+01 -8.40000E-02 -3.37853E-07 -8.36532E-02
3.28667E+01 -8.60000E-02 -3.94371E-07 -8.56321E-02
3.29333E+01 -8.80000E-02 -3.85770E-07 -8.74587E-02
3.30000E+01 -9.00000E-02 -3.47068E-07 -8.95898E-02
3.30667E+01 -9.20000E-02 -3.94064E-07 -9.15687E-02
3.31333E+01 -9.40000E-02 -3.87306E-07 -9.35475E-02
3.32000E+01 -9.60000E-02 -3.63962E-07 -9.55264E-02
3.32667E+01 -9.80000E-02 -3.96367E-07 -9.75053E-02
3.33333E+01 -1.00000E-01 -3.93603E-07 -9.94842E-02
3.34000E+01 -1.02000E-01 -3.77784E-07 -1.01615E-01
3.34667E+01 -1.04000E-01 -3.32478E-07 -1.03594E-01
3.35333E+01 -1.06000E-01 -3.87152E-07 -1.05573E-01
3.36000E+01 -1.08000E-01 -4.05275E-07 -1.07552E-01
3.36667E+01 -1.10000E-01 -4.01896E-07 -1.09531E-01
3.37333E+01 -1.12000E-01 -4.00668E-07 -1.11510E-01
3.38000E+01 -1.14000E-01 -4.29387E-07 -1.13641E-01
3.38667E+01 -1.16000E-01 -4.04507E-07 -1.15620E-01
3.39333E+01 -1.18000E-01 -4.02971E-07 -1.17598E-01
3.40000E+01 -1.20000E-01 -4.50581E-07 -1.19577E-01
3.40667E+01 -1.22000E-01 -4.02357E-07 -1.21556E-01
3.41333E+01 -1.24000E-01 -4.10650E-07 -1.23687E-01
3.42000E+01 -1.26000E-01 -4.68396E-07 -1.25514E-01
3.42667E+01 -1.28000E-01 -4.04507E-07 -1.27493E-01
3.43333E+01 -1.30000E-01 -4.09729E-07 -1.29624E-01
3.44000E+01 -1.32000E-01 -4.71161E-07 -1.31603E-01
3.44667E+01 -1.34000E-01 -4.04661E-07 -1.33582E-01
3.45333E+01 -1.36000E-01 -4.13875E-07 -1.35561E-01
3.46000E+01 -1.38000E-01 -4.75154E-07 -1.37539E-01
3.46667E+01 -1.40000E-01 -4.04661E-07 -1.39670E-01
3.47333E+01 -1.42000E-01 -4.12186E-07 -1.41649E-01
3.48000E+01 -1.44000E-01 -4.83908E-07 -1.43628E-01
3.48667E+01 -1.46000E-01 -4.03125E-07 -1.45607E-01
3.49333E+01 -1.48000E-01 -4.17715E-07 -1.47586E-01
3.50000E+01 -1.50000E-01 -4.81297E-07 -1.49565E-01
3.50667E+01 -1.52000E-01 -4.03432E-07 -1.51696E-01
3.51333E+01 -1.54000E-01 -4.19404E-07 -1.53675E-01
3.52000E+01 -1.56000E-01 -4.72390E-07 -1.55654E-01
3.52667E+01 -1.58000E-01 -4.03586E-07 -1.57633E-01
3.53333E+01 -1.60000E-01 -4.22937E-07 -1.59611E-01
3.54000E+01 -1.62000E-01 -4.63789E-07 -1.61743E-01
3.54667E+01 -1.64000E-01 -4.06811E-07 -1.63721E-01
3.55333E+01 -1.66000E-01 -4.26162E-07 -1.65548E-01
3.56000E+01 -1.68000E-01 -4.56417E-07 -1.67527E-01
3.56667E+01 -1.70000E-01 -4.07732E-07 -1.69658E-01
3.57333E+01 -1.72000E-01 -4.27237E-07 -1.71637E-01
3.58000E+01 -1.74000E-01 -4.42595E-07 -1.73616E-01
3.58667E+01 -1.76000E-01 -4.05582E-07 -1.75442E-01
3.59333E+01 -1.78000E-01 -4.29541E-07 -1.77421E-01
3.60000E+01 -1.80000E-01 -4.33687E-07 -1.79400E-01
3.60667E+01 -1.82000E-01 -4.22783E-07 -1.81379E-01
3.61333E+01 -1.84000E-01 -4.36452E-07 -1.83358E-01
3.62000E+01 -1.86000E-01 -4.28158E-07 -1.85337E-01
3.62667E+01 -1.88000E-01 -3.92989E-07 -1.87468E-01
3.63333E+01 -1.90000E-01 -4.32305E-07 -1.89447E-01
3.64000E+01 -1.92000E-01 -4.24626E-07 -1.91426E-01
3.64667E+01 -1.94000E-01 -3.92835E-07 -1.93404E-01
3.65333E+01 -1.96000E-01 -4.37988E-07 -1.95383E-01
3.66000E+01 -1.98000E-01 -4.20326E-07 -1.97514E-01
3.66667E+01 -2.00000E-01 -4.00053E-07 -1.99493E-01
3.67333E+01 -2.02000E-01 -4.35684E-07 -2.01624E-01
3.68000E+01 -2.04000E-01 -4.33687E-07 -2.03451E-01
3.68667E+01 -2.06000E-01 -3.93142E-07 -2.05430E-01
3.69333E+01 -2.08000E-01 -4.35070E-07 -2.07409E-01
3.70000E+01 -2.10000E-01 -4.30462E-07 -2.09540E-01
3.70667E+01 -2.12000E-01 -3.86385E-07 -2.11519E-01
3.71333E+01 -2.14000E-01 -4.36605E-07 -2.13498E-01
3.72000E+01 -2.16000E-01 -4.32919E-07 -2.15477E-01
3.72667E+01 -2.18000E-01 -3.89763E-07 -2.17455E-01
3.73333E+01 -2.20000E-01 -4.42595E-07 -2.19434E-01
3.74000E+01 -2.22000E-01 -4.35223E-07 -2.21565E-01
3.74667E+01 -2.24000E-01 -3.98057E-07 -2.23392E-01
3.75333E+01 -2.26000E-01 -4.40291E-07 -2.25523E-01
3.76000E+01 -2.28000E-01 -4.35530E-07 -2.27502E-01
3.76667E+01 -2.30000E-01 -3.98671E-07 -2.29481E-01
3.77333E+01 -2.32000E-01 -4.37220E-07 -2.31460E-01
3.78000E+01 -2.34000E-01 -4.33841E-07 -2.33439E-01
3.78667E+01 -2.36000E-01 -3.98671E-07 -2.35570E-01
3.79333E+01 -2.38000E-01 -4.38141E-07 -2.37549E-01
3.80000E+01 -2.40000E-01 -4.39523E-07 -2.39527E-01
3.80667E+01 -2.42000E-01 -4.13415E-07 -2.41506E-01
3.81333E+01 -2.44000E-01 -4.40752E-07 -2.43485E-01
3.82000E+01 -2.46000E-01 -4.40598E-07 -2.45464E-01
3.82667E+01 -2.48000E-01 -4.31998E-07 -2.47595E-01
3.83333E+01 -2.50000E-01 -4.39370E-07 -2.49574E-01
3.84000E+01 -2.52000E-01 -4.44131E-07 -2.51553E-01
3.84667E+01 -2.54000E-01 -4.49045E-07 -2.53380E-01
3.85333E+01 -2.56000E-01 -4.42288E-07 -2.55511E-01
3.86000E+01 -2.58000E-01 -4.40445E-07 -2.57490E-01
3.86667E+01 -2.60000E-01 -4.70854E-07 -2.59621E-01
3.87333E+01 -2.62000E-01 -4.42441E-07 -2.61447E-01
3.88000E+01 -2.64000E-01 -4.71929E-07 -2.63426E-01
3.88667E+01 -2.66000E-01 -4.82526E-07 -2.65405E-01
3.89333E+01 -2.68000E-01 -4.45052E-07 -2.67536E-01
3.90000E+01 -2.70000E-01 -4.47510E-07 -2.69515E-01
3.90667E+01 -2.72000E-01 -4.99880E-07 -2.71494E-01
3.91333E+01 -2.74000E-01 -4.39216E-07 -2.73473E-01
3.92000E+01 -2.76000E-01 -4.51503E-07 -2.75604E-01
3.92667E+01 -2.78000E-01 -5.08481E-07 -2.77583E-01
3.93333E+01 -2.80000E-01 -4.41981E-07 -2.79562E-01
3.94000E+01 -2.82000E-01 -4.50428E-07 -2.81540E-01
3.94667E+01 -2.84000E-01 -5.11860E-07 -2.83519E-01
3.95333E+01 -2.86000E-01 -4.44131E-07 -2.85498E-01
3.96000E+01 -2.88000E-01 -4.55342E-07 -2.87477E-01
3.96667E+01 -2.90000E-01 -5.08788E-07 -2.89608E-01
3.97333E+01 -2.92000E-01 -4.41520E-07 -2.91587E-01
3.98000E+01 -2.94000E-01 -4.48277E-07 -2.93566E-01
3.98667E+01 -2.96000E-01 -5.08635E-07 -2.95545E-01
3.99333E+01 -2.98000E-01 -4.38295E-07 -2.97524E-01
4.00000E+01 -3.00000E-01 -4.52117E-07 -2.99655E-01
4.00667E+01 -3.02000E-01 -5.03413E-07 -3.01481E-01
4.01333E+01 -3.04000E-01 -4.40598E-07 -3.03460E-01
4.02000E+01 -3.06000E-01 -4.54574E-07 -3.05591E-01
4.02667E+01 -3.08000E-01 -4.93584E-07 -3.07570E-01
4.03333E+01 -3.10000E-01 -4.42288E-07 -3.09549E-01
4.04000E+01 -3.12000E-01 -4.59335E-07 -3.11528E-01
4.04667E+01 -3.14000E-01 -4.83447E-07 -3.13659E-01
4.05333E+01 -3.16000E-01 -4.44438E-07 -3.15638E-01
4.06000E+01 -3.18000E-01 -4.60717E-07 -3.17617E-01
4.06667E+01 -3.20000E-01 -4.73925E-07 -3.19596E-01
4.07333E+01 -3.22000E-01 -4.45820E-07 -3.21575E-01
4.08000E+01 -3.24000E-01 -4.61025E-07 -3.23553E-01
4.08667E+01 -3.26000E-01 -4.66400E-07 -3.25532E-01
4.09333E+01 -3.28000E-01 -4.33994E-07 -3.27663E-01
4.10000E+01 -3.30000E-01 -4.62253E-07 -3.29490E-01
4.10667E+01 -3.32000E-01 -4.59796E-07 -3.31621E-01
4.11333E+01 -3.34000E-01 -4.57032E-07 -3.33600E-01
4.12000E+01 -3.36000E-01 -4.64864E-07 -3.35579E-01
4.12667E+01 -3.38000E-01 -4.58567E-07 -3.37558E-01
4.13333E+01 -3.40000E-01 -4.27391E-07 -3.39537E-01
4.14000E+01 -3.42000E-01 -4.65939E-07 -3.41515E-01
4.14667E+01 -3.44000E-01 -4.61025E-07 -3.43494E-01
4.15333E+01 -3.46000E-01 -4.26315E-07 -3.45625E-01
4.16000E+01 -3.48000E-01 -4.63635E-07 -3.47604E-01
4.16667E+01 -3.50000E-01 -4.62407E-07 -3.49583E-01
4.17333E+01 -3.52000E-01 -4.27851E-07 -3.51562E-01
4.18000E+01 -3.54000E-01 -5.20921E-07 -3.53541E-01
4.18667E+01 -3.56000E-01 -4.56417E-07 -3.55672E-01
4.19333E+01 -3.58000E-01 -4.26162E-07 -3.57651E-01
4.20000E+01 -3.60000E-01 -4.68243E-07 -3.59630E-01
4.20667E+01 -3.62000E-01 -4.69472E-07 -3.61609E-01
4.21333E+01 -3.64000E-01 -3.65651E-07 -3.63588E-01
4.22000E+01 -3.66000E-01 -4.80222E-07 -3.65566E-01
4.22667E+01 -3.68000E-01 -4.61025E-07 -3.67697E-01
4.23333E+01 -3.70000E-01 -4.19251E-07 -3.69676E-01
4.24000E+01 -3.72000E-01 -4.69164E-07 -3.71655E-01
4.24667E+01 -3.74000E-01 -4.69625E-07 -3.73634E-01
4.25333E+01 -3.76000E-01 -4.22169E-07 -3.75613E-01
4.26000E+01 -3.78000E-01 -4.72082E-07 -3.77744E-01
4.26667E+01 -3.80000E-01 -4.76536E-07 -3.79571E-01
4.27333E+01 -3.82000E-01 -4.30462E-07 -3.81550E-01
4.28000E+01 -3.84000E-01 -4.71929E-07 -3.83681E-01
4.28667E+01 -3.86000E-01 -4.73465E-07 -3.85660E-01
4.29333E+01 -3.88000E-01 -4.48124E-07 -3.87638E-01
4.30000E+01 -3.90000E-01 -4.75000E-07 -3.89770E-01
4.30667E+01 -3.92000E-01 -4.76075E-07 -3.91748E-01
4.31333E+01 -3.94000E-01 -4.66093E-07 -3.93727E-01
4.32000E+01 -3.96000E-01 -4.75154E-07 -3.95706E-01
4.32667E+01 -3.98000E-01 -4.79454E-07 -3.97685E-01
4.33333E+01 -4.00000E-01 -4.85751E-07 -3.99664E-01
4.34000E+01 -4.02000E-01 -4.74847E-07 -4.01643E-01
4.34667E+01 -4.04000E-01 -4.81144E-07 -4.03622E-01
4.35333E+01 -4.06000E-01 -5.00956E-07 -4.05753E-01
4.36000E+01 -4.08000E-01 -4.78072E-07 -4.07579E-01
4.36667E+01 -4.10000E-01 -4.81451E-07 -4.09558E-01
4.37333E+01 -4.12000E-01 -5.18771E-07 -4.11537E-01
4.38000E+01 -4.14000E-01 -5.18771E-07 -4.13668E-01
4.38667E+01 -4.16000E-01 -4.84062E-07 -4.15647E-01
4.39333E+01 -4.18000E-01 -5.32286E-07 -4.17626E-01
4.40000E+01 -4.20000E-01 -4.93123E-07 -4.19605E-01
4.40667E+01 -4.22000E-01 -4.90512E-07 -4.21584E-01
4.41333E+01 -4.24000E-01 -5.51791E-07 -4.23563E-01
4.42000E+01 -4.26000E-01 -4.85444E-07 -4.25694E-01
4.42667E+01 -4.28000E-01 -4.88823E-07 -4.27673E-01
4.43333E+01 -4.30000E-01 -5.43497E-07 -4.29651E-01
4.44000E+01 -4.32000E-01 -4.79608E-07 -4.31630E-01
4.44667E+01 -4.34000E-01 -4.90819E-07 -4.33761E-01
4.45333E+01 -4.36000E-01 -5.48258E-07 -4.35740E-01
4.46000E+01 -4.38000E-01 -4.83447E-07 -4.37567E-01
4.46667E+01 -4.40000E-01 -4.93584E-07 -4.39698E-01
4.47333E+01 -4.42000E-01 -5.48412E-07 -4.41677E-01
4.48000E+01 -4.44000E-01 -4.86365E-07 -4.43656E-01
4.48667E+01 -4.46000E-01 -4.93891E-07 -4.45635E-01
4.49333E+01 -4.48000E-01 -5.43958E-07 -4.47613E-01
4.50000E+01 -4.50000E-01 -4.81912E-07 -4.49745E-01
4.50667E+01 -4.52000E-01 -4.92662E-07 -4.51723E-01
4.51333E+01 -4.54000E-01 -5.34282E-07 -4.53702E-01
4.52000E+01 -4.56000E-01 -4.84062E-07 -4.55681E-01
4.52667E+01 -4.58000E-01 -4.96655E-07 -4.57660E-01
4.53333E+01 -4.60000E-01 -5.27832E-07 -4.59639E-01
4.54000E+01 -4.62000E-01 -4.86365E-07 -4.61618E-01
4.54667E+01 -4.64000E-01 -4.97577E-07 -4.63749E-01
4.55333E+01 -4.66000E-01 -5.21382E-07 -4.65728E-01
4.56000E+01 -4.68000E-01 -4.79301E-07 -4.67707E-01
4.56667E+01 -4.70000E-01 -5.00648E-07 -4.69686E-01
4.57333E+01 -4.72000E-01 -5.15085E-07 -4.71817E-01
4.58000E+01 -4.74000E-01 -4.81297E-07 -4.73796E-01
4.58667E+01 -4.76000E-01 -5.03566E-07 -4.75774E-01
4.59333E+01 -4.78000E-01 -5.11399E-07 -4.77753E-01
4.60000E+01 -4.80000E-01 -4.76997E-07 -4.79732E-01
4.60667E+01 -4.82000E-01 -5.06331E-07 -4.81711E-01
4.61333E+01 -4.84000E-01 -5.13242E-07 -4.83690E-01
4.62000E+01 -4.86000E-01 -4.74693E-07 -4.85517E-01
4.62667E+01 -4.88000E-01 -5.10478E-07 -4.87495E-01
4.63333E+01 -4.90000E-01 -5.14471E-07 -4.89474E-01
4.64000E+01 -4.92000E-01 -4.68704E-07 -4.91605E-01
4.64667E+01 -4.94000E-01 -5.14778E-07 -4.93584E-01
4.65333E+01 -4.96000E-01 -5.19385E-07 -4.95411E-01
4.66000E+01 -4.98000E-01 -4.69164E-07 -4.97390E-01
4.66667E+01 -5.00000E-01 -5.19078E-07 -4.99521E-01
4.67333E+01 -5.02000E-01 -5.24300E-07 -5.01500E-01
4.68000E+01 -5.04000E-01 -4.75308E-07 -5.03479E-01
4.68667E+01 -5.06000E-01 -5.26450E-07 -5.05457E-01
4.69333E+01 -5.08000E-01 -5.29061E-07 -5.07589E-01
4.70000E+01 -5.10000E-01 -4.77151E-07 -5.09567E-01
4.70667E+01 -5.12000E-01 -5.29675E-07 -5.11699E-01
4.71333E+01 -5.14000E-01 -5.31825E-07 -5.13677E-01
4.72000E+01 -5.16000E-01 -4.76383E-07 -5.15656E-01
4.72667E+01 -5.18000E-01 -5.35050E-07 -5.17635E-01
4.73333E+01 -5.20000E-01 -5.37200E-07 -5.19614E-01
4.74000E+01 -5.22000E-01 -4.78840E-07 -5.21593E-01
4.74667E+01 -5.24000E-01 -5.37508E-07 -5.23572E-01
4.75333E+01 -5.26000E-01 -5.39504E-07 -5.25551E-01
4.76000E+01 -5.28000E-01 -4.93430E-07 -5.27682E-01
4.76667E+01 -5.30000E-01 -5.39351E-07 -5.29661E-01
4.77333E+01 -5.32000E-01 -5.42269E-07 -5.31639E-01
4.78000E+01 -5.34000E-01 -5.07713E-07 -5.33618E-01
4.78667E+01 -5.36000E-01 -5.42729E-07 -5.35597E-01
4.79333E+01 -5.38000E-01 -5.46569E-07 -5.37576E-01
4.80000E+01 -5.40000E-01 -5.35204E-07 -5.39555E-01
4.80667E+01 -5.42000E-01 -5.53326E-07 -5.41534E-01
4.81333E+01 -5.44000E-01 -5.50869E-07 -5.43665E-01
4.82000E+01 -5.46000E-01 -5.54555E-07 -5.45644E-01
4.82667E+01 -5.48000E-01 -5.59009E-07 -5.47623E-01
4.83333E+01 -5.50000E-01 -5.55937E-07 -5.49754E-01
4.84000E+01 -5.52000E-01 -5.83275E-07 -5.51733E-01
4.84667E+01 -5.54000E-01 -5.58548E-07 -5.53559E-01
4.85333E+01 -5.56000E-01 -5.59470E-07 -5.55690E-01
4.86000E+01 -5.58000E-01 -6.06312E-07 -5.57669E-01
4.86667E+01 -5.60000E-01 -5.64691E-07 -5.59648E-01
4.87333E+01 -5.62000E-01 -5.62081E-07 -5.61627E-01
4.88000E+01 -5.64000E-01 -6.20134E-07 -5.63606E-01
4.88667E+01 -5.66000E-01 -5.71756E-07 -5.65585E-01
4.89333E+01 -5.68000E-01 -5.65306E-07 -5.67564E-01
4.90000E+01 -5.70000E-01 -6.33188E-07 -5.69542E-01
4.90667E+01 -5.72000E-01 -5.73906E-07 -5.71674E-01
4.91333E+01 -5.74000E-01 -5.69452E-07 -5.73500E-01
4.92000E+01 -5.76000E-01 -6.45475E-07 -5.75479E-01
4.92667E+01 -5.78000E-01 -5.70527E-07 -5.77610E-01
4.93333E+01 -5.80000E-01 -5.78360E-07 -5.79589E-01
4.94000E+01 -5.82000E-01 -6.51925E-07 -5.81568E-01
4.94667E+01 -5.84000E-01 -5.74521E-07 -5.83547E-01
4.95333E+01 -5.86000E-01 -5.81585E-07 -5.85678E-01
4.96000E+01 -5.88000E-01 -6.49161E-07 -5.87657E-01
4.96667E+01 -5.90000E-01 -5.86193E-07 -5.89636E-01
4.97333E+01 -5.92000E-01 -5.86653E-07 -5.91615E-01
4.98000E+01 -5.94000E-01 -6.42710E-07 -5.93593E-01
4.98667E+01 -5.96000E-01 -5.89264E-07 -5.95572E-01
4.99333E+01 -5.98000E-01 -5.93718E-07 -5.97703E-01
5.00000E+01 -6.00000E-01 -6.46089E-07 -5.99682E-01
5.00667E+01 -6.02000E-01 -5.86193E-07 -6.01661E-01
5.01333E+01 -6.04000E-01 -6.01090E-07 -6.03640E-01
5.02000E+01 -6.06000E-01 -6.42710E-07 -6.05619E-01
5.02667E+01 -6.08000E-01 -5.86961E-07 -6.07598E-01
5.03333E+01 -6.10000E-01 -6.12455E-07 -6.09729E-01
5.04000E+01 -6.12000E-01 -6.39331E-07 -6.11708E-01
5.04667E+01 -6.14000E-01 -5.96022E-07 -6.13534E-01
5.05333E+01 -6.16000E-01 -6.17677E-07 -6.15665E-01
5.06000E+01 -6.18000E-01 -6.35953E-07 -6.17644E-01
5.06667E+01 -6.20000E-01 -5.90800E-07 -6.19623E-01
5.07333E+01 -6.22000E-01 -6.26431E-07 -6.21602E-01
5.08000E+01 -6.24000E-01 -6.37335E-07 -6.23733E-01
5.08667E+01 -6.26000E-01 -5.92489E-07 -6.25712E-01
5.09333E+01 -6.28000E-01 -6.37335E-07 -6.27691E-01
5.10000E+01 -6.30000E-01 -6.42403E-07 -6.29822E-01
5.10667E+01 -6.32000E-01 -6.00322E-07 -6.31649E-01
5.11333E+01 -6.34000E-01 -6.43478E-07 -6.33628E-01
5.12000E+01 -6.36000E-01 -6.46857E-07 -6.35606E-01
5.12667E+01 -6.38000E-01 -6.03701E-07 -6.37737E-01
5.13333E+01 -6.40000E-01 -6.53922E-07 -6.39716E-01
5.14000E+01 -6.42000E-01 -6.58068E-07 -6.41695E-01
5.14667E+01 -6.44000E-01 -6.06005E-07 -6.43370E-01
5.15333E+01 -6.46000E-01 -6.68972E-07 -6.45349E-01
5.16000E+01 -6.48000E-01 -6.67590E-07 -6.47480E-01
5.16667E+01 -6.50000E-01 -6.13069E-07 -6.49458E-01
5.17333E+01 -6.52000E-01 -6.86634E-07 -6.51437E-01
5.18000E+01 -6.54000E-01 -6.72351E-07 -6.53416E-01
5.18667E+01 -6.56000E-01 -6.31806E-07 -6.55395E-01
5.19333E+01 -6.58000E-01 -6.91088E-07 -6.57526E-01
5.20000E+01 -6.60000E-01 -6.91702E-07 -6.59505E-01
5.20667E+01 -6.62000E-01 -6.39331E-07 -6.61484E-01
5.21333E+01 -6.64000E-01 -7.02914E-07 -6.63463E-01
5.22000E+01 -6.66000E-01 -7.02299E-07 -6.65594E-01
5.22667E+01 -6.68000E-01 -6.52847E-07 -6.67573E-01
5.23333E+01 -6.70000E-01 -7.16275E-07 -6.69552E-01
5.24000E+01 -6.72000E-01 -7.14432E-07 -6.71531E-01
5.24667E+01 -6.74000E-01 -6.77266E-07 -6.73509E-01
5.25333E+01 -6.76000E-01 -7.31326E-07 -6.75488E-01
5.26000E+01 -6.78000E-01 -7.27333E-07 -6.77467E-01
5.26667E+01 -6.80000E-01 -7.10593E-07 -6.79598E-01
5.27333E+01 -6.82000E-01 -7.42230E-07 -6.81425E-01
5.28000E+01 -6.84000E-01 -7.43305E-07 -6.83404E-01
5.28667E+01 -6.86000E-01 -7.44227E-07 -6.85535E-01
5.29333E+01 -6.88000E-01 -7.56667E-07 -6.87514E-01
5.30000E+01 -6.90000E-01 -7.60814E-07 -6.89493E-01
5.30667E+01 -6.92000E-01 -7.84004E-07 -6.91471E-01
5.31333E+01 -6.94000E-01 -7.77247E-07 -6.93450E-01
5.32000E+01 -6.96000E-01 -7.76479E-07 -6.95429E-01
5.32667E+01 -6.98000E-01 -8.21785E-07 -6.97560E-01
