time/s      E/V        I/A
0.00000E+00 -7.00000E-01 -7.99055E-07 -6.99539E-01
6.66667E-02 -6.98000E-01 -3.65958E-07 -6.97713E-01
1.33333E-01 -6.96000E-01 -3.30942E-07 -6.95581E-01
2.00000E-01 -6.94000E-01 -2.09614E-07 -6.93603E-01
2.66667E-01 -6.92000E-01 -1.70297E-07 -6.91624E-01
3.33333E-01 -6.90000E-01 -2.02395E-07 -6.89645E-01
4.00000E-01 -6.88000E-01 -1.03797E-07 -6.87666E-01
4.66667E-01 -6.86000E-01 -7.43092E-08 -6.85687E-01
5.33333E-01 -6.84000E-01 -1.28370E-07 -6.83556E-01
6.00000E-01 -6.82000E-01 -2.77744E-08 -6.81577E-01
6.66667E-01 -6.80000E-01 -1.18020E-08 -6.79598E-01
7.33333E-01 -6.78000E-01 -7.21591E-08 -6.77619E-01
8.00000E-01 -6.76000E-01 1.92212E-08  -6.75640E-01
8.66667E-01 -6.74000E-01 2.93575E-08  -6.73509E-01
9.33333E-01 -6.72000E-01 -2.94637E-08 -6.71531E-01
1.00000E+00 -6.70000E-01 6.75991E-08  -6.69704E-01
1.06667E+00 -6.68000E-01 6.29916E-08  -6.67573E-01
1.13333E+00 -6.66000E-01 8.47061E-09  -6.65594E-01
1.20000E+00 -6.64000E-01 1.00005E-07  -6.63615E-01
1.26667E+00 -6.62000E-01 9.21719E-08  -6.61636E-01
1.33333E+00 -6.60000E-01 4.05689E-08  -6.59505E-01
1.40000E+00 -6.58000E-01 1.22734E-07  -6.57526E-01
1.46667E+00 -6.56000E-01 1.12291E-07  -6.55547E-01
1.53333E+00 -6.54000E-01 7.55852E-08  -6.53416E-01
1.60000E+00 -6.52000E-01 1.47307E-07  -6.51437E-01
1.66667E+00 -6.50000E-01 1.28263E-07  -6.49611E-01
1.73333E+00 -6.48000E-01 1.09219E-07  -6.47480E-01
1.80000E+00 -6.46000E-01 1.72955E-07  -6.45501E-01
1.86667E+00 -6.44000E-01 1.46386E-07  -6.43522E-01
1.93333E+00 -6.42000E-01 1.36557E-07  -6.41695E-01
2.00000E+00 -6.40000E-01 1.91078E-07  -6.39869E-01
2.06667E+00 -6.38000E-01 1.59440E-07  -6.37890E-01
2.13333E+00 -6.36000E-01 1.58365E-07  -6.35759E-01
2.20000E+00 -6.34000E-01 2.04900E-07  -6.33780E-01
2.26667E+00 -6.32000E-01 1.72955E-07  -6.31801E-01
2.33333E+00 -6.30000E-01 1.73723E-07  -6.29822E-01
2.40000E+00 -6.28000E-01 2.20565E-07  -6.27843E-01
2.46667E+00 -6.26000E-01 1.81863E-07  -6.25864E-01
2.53333E+00 -6.24000E-01 1.93074E-07  -6.23733E-01
2.60000E+00 -6.22000E-01 2.34387E-07  -6.21754E-01
2.66667E+00 -6.20000E-01 1.90771E-07  -6.19775E-01
2.73333E+00 -6.18000E-01 2.01521E-07  -6.17797E-01
2.80000E+00 -6.16000E-01 2.43141E-07  -6.15665E-01
2.86667E+00 -6.14000E-01 1.99217E-07  -6.13687E-01
2.93333E+00 -6.12000E-01 2.08279E-07  -6.11708E-01
3.00000E+00 -6.10000E-01 2.25480E-07  -6.09729E-01
3.06667E+00 -6.08000E-01 2.04900E-07  -6.07750E-01
3.13333E+00 -6.06000E-01 2.14575E-07  -6.05771E-01
3.20000E+00 -6.04000E-01 2.64489E-07  -6.03792E-01
3.26667E+00 -6.02000E-01 2.13961E-07  -6.01813E-01
3.33333E+00 -6.00000E-01 2.22715E-07  -5.99682E-01
3.40000E+00 -5.98000E-01 2.72322E-07  -5.97703E-01
3.46667E+00 -5.96000E-01 2.21794E-07  -5.95724E-01
3.53333E+00 -5.94000E-01 2.31009E-07  -5.93746E-01
3.60000E+00 -5.92000E-01 2.72629E-07  -5.91767E-01
3.66667E+00 -5.90000E-01 2.28398E-07  -5.89788E-01
3.73333E+00 -5.88000E-01 2.32391E-07  -5.87809E-01
3.80000E+00 -5.86000E-01 2.72936E-07  -5.85678E-01
3.86667E+00 -5.84000E-01 2.29780E-07  -5.83699E-01
3.93333E+00 -5.82000E-01 2.39148E-07  -5.81720E-01
4.00000E+00 -5.80000E-01 2.68482E-07  -5.79741E-01
4.06667E+00 -5.78000E-01 2.38380E-07  -5.77610E-01
4.13333E+00 -5.76000E-01 2.41452E-07  -5.75631E-01
4.20000E+00 -5.74000E-01 2.61264E-07  -5.73652E-01
4.26667E+00 -5.72000E-01 2.38227E-07  -5.71826E-01
4.33333E+00 -5.70000E-01 3.15017E-07  -5.69695E-01
4.40000E+00 -5.68000E-01 2.39916E-07  -5.67716E-01
4.46667E+00 -5.66000E-01 2.52663E-07  -5.65737E-01
4.53333E+00 -5.64000E-01 2.43141E-07  -5.63758E-01
4.60000E+00 -5.62000E-01 2.41145E-07  -5.61779E-01
4.66667E+00 -5.60000E-01 2.54814E-07  -5.59648E-01
4.73333E+00 -5.58000E-01 2.50974E-07  -5.57669E-01
4.80000E+00 -5.56000E-01 2.24097E-07  -5.55690E-01
4.86667E+00 -5.54000E-01 2.56657E-07  -5.53712E-01
4.93333E+00 -5.52000E-01 2.52817E-07  -5.51733E-01
5.00000E+00 -5.50000E-01 2.11043E-07  -5.49754E-01
5.06667E+00 -5.48000E-01 2.67254E-07  -5.47775E-01
5.13333E+00 -5.46000E-01 2.59882E-07  -5.45644E-01
5.20000E+00 -5.44000E-01 2.03364E-07  -5.43665E-01
5.26667E+00 -5.42000E-01 2.75393E-07  -5.41686E-01
5.33333E+00 -5.40000E-01 2.59114E-07  -5.39707E-01
5.40000E+00 -5.38000E-01 2.03364E-07  -5.37576E-01
5.46667E+00 -5.36000E-01 2.78618E-07  -5.35597E-01
5.53333E+00 -5.34000E-01 2.63568E-07  -5.33618E-01
5.60000E+00 -5.32000E-01 2.06129E-07  -5.31639E-01
5.66667E+00 -5.30000E-01 2.78158E-07  -5.29661E-01
5.73333E+00 -5.28000E-01 2.68329E-07  -5.27682E-01
5.80000E+00 -5.26000E-01 2.08432E-07  -5.25703E-01
5.86667E+00 -5.24000E-01 2.78311E-07  -5.23724E-01
5.93333E+00 -5.22000E-01 2.68789E-07  -5.21745E-01
6.00000E+00 -5.20000E-01 2.14422E-07  -5.19614E-01
6.06667E+00 -5.18000E-01 2.86451E-07  -5.17635E-01
6.13333E+00 -5.16000E-01 2.73858E-07  -5.15656E-01
6.20000E+00 -5.14000E-01 2.23483E-07  -5.13677E-01
6.26667E+00 -5.12000E-01 2.90598E-07  -5.11699E-01
6.33333E+00 -5.10000E-01 2.75547E-07  -5.09720E-01
6.40000E+00 -5.08000E-01 2.45445E-07  -5.07589E-01
6.46667E+00 -5.06000E-01 2.81076E-07  -5.05610E-01
6.53333E+00 -5.04000E-01 2.78926E-07  -5.03631E-01
6.60000E+00 -5.02000E-01 2.56042E-07  -5.01652E-01
6.66667E+00 -5.00000E-01 2.99352E-07  -4.99521E-01
6.73333E+00 -4.98000E-01 2.81383E-07  -4.97542E-01
6.80000E+00 -4.96000E-01 2.70786E-07  -4.95563E-01
6.86667E+00 -4.94000E-01 3.08260E-07  -4.93584E-01
6.93333E+00 -4.92000E-01 2.81229E-07  -4.91605E-01
7.00000E+00 -4.90000E-01 2.81690E-07  -4.89626E-01
7.06667E+00 -4.88000E-01 3.14710E-07  -4.87648E-01
7.13333E+00 -4.86000E-01 2.86298E-07  -4.85517E-01
7.20000E+00 -4.84000E-01 2.90598E-07  -4.83842E-01
7.26667E+00 -4.82000E-01 3.20700E-07  -4.81863E-01
7.33333E+00 -4.80000E-01 2.93209E-07  -4.79884E-01
7.40000E+00 -4.78000E-01 2.95052E-07  -4.77905E-01
7.46667E+00 -4.76000E-01 3.34368E-07  -4.75774E-01
7.53333E+00 -4.74000E-01 2.93055E-07  -4.73796E-01
7.60000E+00 -4.72000E-01 2.98738E-07  -4.71817E-01
7.66667E+00 -4.70000E-01 3.38208E-07  -4.69838E-01
7.73333E+00 -4.68000E-01 2.97048E-07  -4.67859E-01
7.80000E+00 -4.66000E-01 3.02423E-07  -4.65880E-01
7.86667E+00 -4.64000E-01 3.37440E-07  -4.63749E-01
7.93333E+00 -4.62000E-01 2.98584E-07  -4.61770E-01
8.00000E+00 -4.60000E-01 3.02423E-07  -4.59791E-01
8.06667E+00 -4.58000E-01 3.21621E-07  -4.57812E-01
8.13333E+00 -4.56000E-01 3.02884E-07  -4.55833E-01
8.20000E+00 -4.54000E-01 3.05188E-07  -4.53855E-01
8.26667E+00 -4.52000E-01 3.57866E-07  -4.51876E-01
8.33333E+00 -4.50000E-01 3.05956E-07  -4.49745E-01
8.40000E+00 -4.48000E-01 3.06417E-07  -4.47766E-01
8.46667E+00 -4.46000E-01 3.40358E-07  -4.45787E-01
8.53333E+00 -4.44000E-01 3.18089E-07  -4.43808E-01
8.60000E+00 -4.42000E-01 3.06724E-07  -4.41829E-01
8.66667E+00 -4.40000E-01 3.51876E-07  -4.39850E-01
8.73333E+00 -4.38000E-01 3.12560E-07  -4.37719E-01
8.80000E+00 -4.36000E-01 3.21928E-07  -4.35740E-01
8.86667E+00 -4.34000E-01 3.48037E-07  -4.33761E-01
8.93333E+00 -4.32000E-01 3.16399E-07  -4.31783E-01
9.00000E+00 -4.30000E-01 3.13635E-07  -4.29804E-01
9.06667E+00 -4.28000E-01 3.32525E-07  -4.27825E-01
9.13333E+00 -4.26000E-01 3.16399E-07  -4.25694E-01
9.20000E+00 -4.24000E-01 3.14556E-07  -4.23715E-01
9.26667E+00 -4.22000E-01 3.22235E-07  -4.21736E-01
9.33333E+00 -4.20000E-01 3.17321E-07  -4.19605E-01
9.40000E+00 -4.18000E-01 3.16553E-07  -4.17626E-01
9.46667E+00 -4.16000E-01 3.05956E-07  -4.15799E-01
9.53333E+00 -4.14000E-01 3.23157E-07  -4.13668E-01
9.60000E+00 -4.12000E-01 3.16553E-07  -4.11689E-01
9.66667E+00 -4.10000E-01 2.92901E-07  -4.09710E-01
9.73333E+00 -4.08000E-01 3.28993E-07  -4.07732E-01
9.80000E+00 -4.06000E-01 3.23310E-07  -4.05753E-01
9.86667E+00 -4.04000E-01 2.82612E-07  -4.03774E-01
9.93333E+00 -4.02000E-01 3.33140E-07  -4.01795E-01
1.00000E+01 -4.00000E-01 3.24846E-07  -3.99816E-01
1.00667E+01 -3.98000E-01 2.81997E-07  -3.97837E-01
1.01333E+01 -3.96000E-01 3.34061E-07  -3.95858E-01
1.02000E+01 -3.94000E-01 3.30068E-07  -3.93879E-01
1.02667E+01 -3.92000E-01 2.76622E-07  -3.91748E-01
1.03333E+01 -3.90000E-01 3.42662E-07  -3.89770E-01
1.04000E+01 -3.88000E-01 3.35904E-07  -3.87791E-01
1.04667E+01 -3.86000E-01 2.85376E-07  -3.85660E-01
1.05333E+01 -3.84000E-01 3.46962E-07  -3.83681E-01
1.06000E+01 -3.82000E-01 3.35290E-07  -3.81702E-01
1.06667E+01 -3.80000E-01 2.81997E-07  -3.79723E-01
1.07333E+01 -3.78000E-01 3.45733E-07  -3.77744E-01
1.08000E+01 -3.76000E-01 3.40972E-07  -3.75765E-01
1.08667E+01 -3.74000E-01 2.90905E-07  -3.73634E-01
1.09333E+01 -3.72000E-01 3.50801E-07  -3.71655E-01
1.10000E+01 -3.70000E-01 3.43737E-07  -3.69676E-01
1.10667E+01 -3.68000E-01 3.01348E-07  -3.67697E-01
1.11333E+01 -3.66000E-01 3.58480E-07  -3.65719E-01
1.12000E+01 -3.64000E-01 3.47730E-07  -3.63740E-01
1.12667E+01 -3.62000E-01 3.12867E-07  -3.61609E-01
1.13333E+01 -3.60000E-01 3.67695E-07  -3.59630E-01
1.14000E+01 -3.58000E-01 3.49112E-07  -3.57803E-01
1.14667E+01 -3.56000E-01 3.27611E-07  -3.55672E-01
1.15333E+01 -3.54000E-01 3.66159E-07  -3.53693E-01
1.16000E+01 -3.52000E-01 3.54641E-07  -3.51714E-01
1.16667E+01 -3.50000E-01 3.38976E-07  -3.49583E-01
1.17333E+01 -3.48000E-01 3.71995E-07  -3.47757E-01
1.18000E+01 -3.46000E-01 3.60323E-07  -3.45625E-01
1.18667E+01 -3.44000E-01 3.56023E-07  -3.43647E-01
1.19333E+01 -3.42000E-01 3.86125E-07  -3.41668E-01
1.20000E+01 -3.40000E-01 3.64624E-07  -3.39537E-01
1.20667E+01 -3.38000E-01 3.61398E-07  -3.37710E-01
1.21333E+01 -3.36000E-01 3.94725E-07  -3.35731E-01
1.22000E+01 -3.34000E-01 3.63395E-07  -3.33600E-01
1.22667E+01 -3.32000E-01 3.65084E-07  -3.31621E-01
1.23333E+01 -3.30000E-01 3.87200E-07  -3.29642E-01
1.24000E+01 -3.28000E-01 3.78753E-07  -3.27663E-01
1.24667E+01 -3.26000E-01 3.70613E-07  -3.25685E-01
1.25333E+01 -3.24000E-01 4.12848E-07  -3.23706E-01
1.26000E+01 -3.22000E-01 3.73992E-07  -3.21727E-01
1.26667E+01 -3.20000E-01 3.70767E-07  -3.19748E-01
1.27333E+01 -3.18000E-01 4.22216E-07  -3.17769E-01
1.28000E+01 -3.16000E-01 3.75681E-07  -3.15790E-01
1.28667E+01 -3.14000E-01 3.75681E-07  -3.13659E-01
1.29333E+01 -3.12000E-01 4.26056E-07  -3.11680E-01
1.30000E+01 -3.10000E-01 3.81364E-07  -3.09701E-01
1.30667E+01 -3.08000E-01 3.77831E-07  -3.07722E-01
1.31333E+01 -3.06000E-01 4.04708E-07  -3.05591E-01
1.32000E+01 -3.04000E-01 3.81057E-07  -3.03612E-01
1.32667E+01 -3.02000E-01 3.83975E-07  -3.01634E-01
1.33333E+01 -3.00000E-01 4.27591E-07  -2.99655E-01
1.34000E+01 -2.98000E-01 3.99640E-07  -2.97676E-01
1.34667E+01 -2.96000E-01 3.87200E-07  -2.95697E-01
1.35333E+01 -2.94000E-01 4.34810E-07  -2.93566E-01
1.36000E+01 -2.92000E-01 3.98104E-07  -2.91587E-01
1.36667E+01 -2.90000E-01 3.92114E-07  -2.89608E-01
1.37333E+01 -2.88000E-01 4.27591E-07  -2.87629E-01
1.38000E+01 -2.86000E-01 3.92114E-07  -2.85650E-01
1.38667E+01 -2.84000E-01 3.95340E-07  -2.83519E-01
1.39333E+01 -2.82000E-01 4.13616E-07  -2.81693E-01
1.40000E+01 -2.80000E-01 3.98104E-07  -2.79714E-01
1.40667E+01 -2.78000E-01 4.00101E-07  -2.77735E-01
1.41333E+01 -2.76000E-01 4.01944E-07  -2.75756E-01
1.42000E+01 -2.74000E-01 4.01176E-07  -2.73625E-01
1.42667E+01 -2.72000E-01 4.02097E-07  -2.71646E-01
1.43333E+01 -2.70000E-01 3.88582E-07  -2.69667E-01
1.44000E+01 -2.68000E-01 4.15305E-07  -2.67536E-01
1.44667E+01 -2.66000E-01 4.16534E-07  -2.65557E-01
1.45333E+01 -2.64000E-01 3.76142E-07  -2.63578E-01
1.46000E+01 -2.62000E-01 4.14384E-07  -2.61599E-01
1.46667E+01 -2.60000E-01 4.12387E-07  -2.59621E-01
1.47333E+01 -2.58000E-01 3.72303E-07  -2.57642E-01
1.48000E+01 -2.56000E-01 4.22216E-07  -2.55511E-01
1.48667E+01 -2.54000E-01 4.17916E-07  -2.53532E-01
1.49333E+01 -2.52000E-01 3.69692E-07  -2.51553E-01
1.50000E+01 -2.50000E-01 4.24673E-07  -2.49726E-01
1.50667E+01 -2.48000E-01 4.25441E-07  -2.47595E-01
1.51333E+01 -2.46000E-01 3.68309E-07  -2.45616E-01
1.52000E+01 -2.44000E-01 4.28820E-07  -2.43637E-01
1.52667E+01 -2.42000E-01 4.29434E-07  -2.41659E-01
1.53333E+01 -2.40000E-01 3.65545E-07  -2.39680E-01
1.54000E+01 -2.38000E-01 4.37421E-07  -2.37701E-01
1.54667E+01 -2.36000E-01 4.34810E-07  -2.35722E-01
1.55333E+01 -2.34000E-01 3.73531E-07  -2.33591E-01
1.56000E+01 -2.32000E-01 4.43103E-07  -2.31612E-01
1.56667E+01 -2.30000E-01 4.39417E-07  -2.29633E-01
1.57333E+01 -2.28000E-01 3.83667E-07  -2.27502E-01
1.58000E+01 -2.26000E-01 4.49246E-07  -2.25523E-01
1.58667E+01 -2.24000E-01 4.46482E-07  -2.23544E-01
1.59333E+01 -2.22000E-01 3.93189E-07  -2.21565E-01
1.60000E+01 -2.20000E-01 4.45253E-07  -2.19586E-01
1.60667E+01 -2.18000E-01 4.54161E-07  -2.17608E-01
1.61333E+01 -2.16000E-01 4.10237E-07  -2.15477E-01
1.62000E+01 -2.14000E-01 4.67676E-07  -2.13498E-01
1.62667E+01 -2.12000E-01 4.55236E-07  -2.11671E-01
1.63333E+01 -2.10000E-01 4.26056E-07  -2.09540E-01
1.64000E+01 -2.08000E-01 4.76123E-07  -2.07561E-01
1.64667E+01 -2.06000E-01 4.48632E-07  -2.05582E-01
1.65333E+01 -2.04000E-01 4.37728E-07  -2.03451E-01
1.66000E+01 -2.02000E-01 4.81652E-07  -2.01624E-01
1.66667E+01 -2.00000E-01 4.65065E-07  -1.99646E-01
1.67333E+01 -1.98000E-01 4.51396E-07  -1.97514E-01
1.68000E+01 -1.96000E-01 4.82880E-07  -1.95536E-01
1.68667E+01 -1.94000E-01 4.71208E-07  -1.93557E-01
1.69333E+01 -1.92000E-01 4.68290E-07  -1.91578E-01
1.70000E+01 -1.90000E-01 5.07914E-07  -1.89447E-01
1.70667E+01 -1.88000E-01 4.73666E-07  -1.87468E-01
1.71333E+01 -1.86000E-01 4.71208E-07  -1.85489E-01
1.72000E+01 -1.84000E-01 5.18511E-07  -1.83510E-01
1.72667E+01 -1.82000E-01 4.80884E-07  -1.81531E-01
1.73333E+01 -1.80000E-01 4.75662E-07  -1.79552E-01
1.74000E+01 -1.78000E-01 5.25576E-07  -1.77574E-01
1.74667E+01 -1.76000E-01 4.80730E-07  -1.75442E-01
1.75333E+01 -1.74000E-01 4.80884E-07  -1.73616E-01
1.76000E+01 -1.72000E-01 5.40934E-07  -1.71789E-01
1.76667E+01 -1.70000E-01 4.90406E-07  -1.69658E-01
1.77333E+01 -1.68000E-01 4.89177E-07  -1.67679E-01
1.78000E+01 -1.66000E-01 5.53374E-07  -1.65700E-01
1.78667E+01 -1.64000E-01 4.93170E-07  -1.63721E-01
1.79333E+01 -1.62000E-01 4.95474E-07  -1.61743E-01
1.80000E+01 -1.60000E-01 5.50149E-07  -1.59764E-01
1.80667E+01 -1.58000E-01 4.99160E-07  -1.57785E-01
1.81333E+01 -1.56000E-01 4.98853E-07  -1.55654E-01
1.82000E+01 -1.54000E-01 5.34944E-07  -1.53675E-01
1.82667E+01 -1.52000E-01 5.00081E-07  -1.51696E-01
1.83333E+01 -1.50000E-01 5.08375E-07  -1.49717E-01
1.84000E+01 -1.48000E-01 5.58749E-07  -1.47738E-01
1.84667E+01 -1.46000E-01 5.25729E-07  -1.45607E-01
1.85333E+01 -1.44000E-01 5.15747E-07  -1.43780E-01
1.86000E+01 -1.42000E-01 5.49227E-07  -1.41802E-01
1.86667E+01 -1.40000E-01 5.10218E-07  -1.39670E-01
1.87333E+01 -1.38000E-01 5.18511E-07  -1.37692E-01
1.88000E+01 -1.36000E-01 5.34330E-07  -1.35713E-01
1.88667E+01 -1.34000E-01 5.18972E-07  -1.33734E-01
1.89333E+01 -1.32000E-01 5.20968E-07  -1.31755E-01
1.90000E+01 -1.30000E-01 5.15593E-07  -1.29624E-01
1.90667E+01 -1.28000E-01 5.27879E-07  -1.27645E-01
1.91333E+01 -1.26000E-01 5.30030E-07  -1.25666E-01
1.92000E+01 -1.24000E-01 5.11446E-07  -1.23840E-01
1.92667E+01 -1.22000E-01 5.36173E-07  -1.21708E-01
1.93333E+01 -1.20000E-01 5.36326E-07  -1.19730E-01
1.94000E+01 -1.18000E-01 5.01464E-07  -1.17598E-01
1.94667E+01 -1.16000E-01 5.34944E-07  -1.15620E-01
1.95333E+01 -1.14000E-01 5.44159E-07  -1.13641E-01
1.96000E+01 -1.12000E-01 4.86259E-07  -1.11662E-01
1.96667E+01 -1.10000E-01 5.48613E-07  -1.09531E-01
1.97333E+01 -1.08000E-01 5.50302E-07  -1.07552E-01
1.98000E+01 -1.06000E-01 4.81037E-07  -1.05573E-01
1.98667E+01 -1.04000E-01 5.55524E-07  -1.03594E-01
1.99333E+01 -1.02000E-01 5.53374E-07  -1.01615E-01
2.00000E+01 -1.00000E-01 4.94092E-07  -9.96364E-02
2.00667E+01 -9.80000E-02 5.58442E-07  -9.76575E-02
2.01333E+01 -9.60000E-02 5.65814E-07  -9.56786E-02
2.02000E+01 -9.40000E-02 4.93324E-07  -9.36998E-02
2.02667E+01 -9.20000E-02 5.63971E-07  -9.17209E-02
2.03333E+01 -9.00000E-02 5.69500E-07  -8.95898E-02
2.04000E+01 -8.80000E-02 4.98085E-07  -8.76109E-02
2.04667E+01 -8.60000E-02 5.84090E-07  -8.56321E-02
2.05333E+01 -8.40000E-02 5.74568E-07  -8.36532E-02
2.06000E+01 -8.20000E-02 5.05457E-07  -8.16743E-02
2.06667E+01 -8.00000E-02 5.87929E-07  -7.96954E-02
2.07333E+01 -7.80000E-02 5.76718E-07  -7.77166E-02
2.08000E+01 -7.60000E-02 5.20815E-07  -7.55855E-02
2.08667E+01 -7.40000E-02 5.91462E-07  -7.36066E-02
2.09333E+01 -7.20000E-02 5.82400E-07  -7.16277E-02
2.10000E+01 -7.00000E-02 5.41241E-07  -6.94966E-02
2.10667E+01 -6.80000E-02 6.02520E-07  -6.75178E-02
2.11333E+01 -6.60000E-02 5.90847E-07  -6.56911E-02
2.12000E+01 -6.40000E-02 5.56599E-07  -6.35600E-02
2.12667E+01 -6.20000E-02 6.19106E-07  -6.15811E-02
2.13333E+01 -6.00000E-02 5.95455E-07  -5.96023E-02
2.14000E+01 -5.80000E-02 5.74568E-07  -5.76234E-02
2.14667E+01 -5.60000E-02 6.34157E-07  -5.56445E-02
2.15333E+01 -5.40000E-02 6.00523E-07  -5.36657E-02
2.16000E+01 -5.20000E-02 5.91462E-07  -5.15346E-02
2.16667E+01 -5.00000E-02 6.45061E-07  -4.95557E-02
2.17333E+01 -4.80000E-02 6.04362E-07  -4.75768E-02
2.18000E+01 -4.60000E-02 6.04823E-07  -4.57502E-02
2.18667E+01 -4.40000E-02 6.39225E-07  -4.36191E-02
2.19333E+01 -4.20000E-02 6.24482E-07  -4.16402E-02
2.20000E+01 -4.00000E-02 6.15881E-07  -3.96613E-02
2.20667E+01 -3.80000E-02 6.69327E-07  -3.75302E-02
2.21333E+01 -3.60000E-02 6.20335E-07  -3.55514E-02
2.22000E+01 -3.40000E-02 6.21103E-07  -3.35725E-02
2.22667E+01 -3.20000E-02 6.76392E-07  -3.15936E-02
2.23333E+01 -3.00000E-02 6.26632E-07  -2.94625E-02
2.24000E+01 -2.80000E-02 6.28628E-07  -2.74836E-02
2.24667E+01 -2.60000E-02 6.73013E-07  -2.56570E-02
2.25333E+01 -2.40000E-02 6.36922E-07  -2.35259E-02
2.26000E+01 -2.20000E-02 6.37843E-07  -2.15470E-02
2.26667E+01 -2.00000E-02 6.88371E-07  -1.95682E-02
2.27333E+01 -1.80000E-02 6.54890E-07  -1.75893E-02
2.28000E+01 -1.60000E-02 6.46904E-07  -1.57626E-02
2.28667E+01 -1.40000E-02 6.97893E-07  -1.37838E-02
2.29333E+01 -1.20000E-02 6.58884E-07  -1.18049E-02
2.30000E+01 -1.00000E-02 6.53047E-07  -9.82602E-03
2.30667E+01 -8.00000E-03 7.00504E-07  -7.84714E-03
2.31333E+01 -6.00000E-03 6.55044E-07  -5.86827E-03
2.32000E+01 -4.00000E-03 6.63798E-07  -3.88940E-03
2.32667E+01 -2.00000E-03 7.01886E-07  -1.75830E-03
2.33333E+01 1.45825E-17  6.55198E-07  2.20568E-04 
2.34000E+01 2.00000E-03  6.74702E-07  2.19944E-03 
2.34667E+01 4.00000E-03  7.08797E-07  4.17831E-03 
2.35333E+01 6.00000E-03  6.74856E-07  6.30941E-03 
2.36000E+01 8.00000E-03  6.79463E-07  8.28828E-03 
2.36667E+01 1.00000E-02  6.91443E-07  1.02672E-02 
2.37333E+01 1.20000E-02  6.94821E-07  1.22460E-02 
2.38000E+01 1.40000E-02  6.91596E-07  1.42249E-02 
2.38667E+01 1.60000E-02  6.73320E-07  1.62038E-02 
2.39333E+01 1.80000E-02  6.93746E-07  1.83349E-02 
2.40000E+01 2.00000E-02  7.01732E-07  2.03137E-02 
2.40667E+01 2.20000E-02  6.64873E-07  2.21404E-02 
2.41333E+01 2.40000E-02  7.04343E-07  2.42715E-02 
2.42000E+01 2.60000E-02  7.14940E-07  2.62504E-02 
2.42667E+01 2.80000E-02  6.72399E-07  2.82292E-02 
2.43333E+01 3.00000E-02  7.16015E-07  3.03603E-02 
2.44000E+01 3.20000E-02  7.17705E-07  3.21870E-02 
2.44667E+01 3.40000E-02  6.59959E-07  3.41658E-02 
2.45333E+01 3.60000E-02  7.23080E-07  3.61447E-02 
2.46000E+01 3.80000E-02  7.27380E-07  3.82758E-02 
2.46667E+01 4.00000E-02  6.65334E-07  4.02547E-02 
2.47333E+01 4.20000E-02  7.41663E-07  4.22336E-02 
2.48000E+01 4.40000E-02  7.41817E-07  4.43646E-02 
2.48667E+01 4.60000E-02  6.69941E-07  4.63435E-02 
2.49333E+01 4.80000E-02  7.59786E-07  4.83224E-02 
2.50000E+01 5.00000E-02  7.51953E-07  5.03013E-02 
2.50667E+01 5.20000E-02  6.75009E-07  5.22801E-02 
2.51333E+01 5.40000E-02  7.59172E-07  5.42590E-02 
2.52000E+01 5.60000E-02  7.65622E-07  5.62379E-02 
2.52667E+01 5.80000E-02  6.93132E-07  5.83690E-02 
2.53333E+01 6.00000E-02  7.73762E-07  6.01956E-02 
2.54000E+01 6.20000E-02  7.85741E-07  6.21745E-02 
2.54667E+01 6.40000E-02  7.21544E-07  6.43056E-02 
2.55333E+01 6.60000E-02  8.17532E-07  6.62845E-02 
2.56000E+01 6.80000E-02  8.04017E-07  6.82633E-02 
2.56667E+01 7.00000E-02  7.51492E-07  7.02422E-02 
2.57333E+01 7.20000E-02  8.44255E-07  7.22211E-02 
2.58000E+01 7.40000E-02  8.33044E-07  7.42000E-02 
2.58667E+01 7.60000E-02  8.02481E-07  7.61788E-02 
2.59333E+01 7.80000E-02  8.85568E-07  7.83099E-02 
2.60000E+01 8.00000E-02  8.78503E-07  8.02888E-02 
2.60667E+01 8.20000E-02  8.46252E-07  8.22677E-02 
2.61333E+01 8.40000E-02  8.90943E-07  8.42465E-02 
2.62000E+01 8.60000E-02  8.74664E-07  8.63776E-02 
2.62667E+01 8.80000E-02  8.52856E-07  8.83565E-02 
2.63333E+01 9.00000E-02  9.19970E-07  9.03354E-02 
2.64000E+01 9.20000E-02  8.83725E-07  9.23142E-02 
2.64667E+01 9.40000E-02  8.73282E-07  9.42931E-02 
2.65333E+01 9.60000E-02  9.48536E-07  9.62720E-02 
2.66000E+01 9.80000E-02  9.06302E-07  9.84031E-02 
2.66667E+01 1.00000E-01  9.11370E-07  1.00230E-01 
2.67333E+01 9.80000E-02  4.69058E-07  9.84031E-02 
2.68000E+01 9.60000E-02  2.92901E-07  9.64242E-02 
2.68667E+01 9.40000E-02  2.30087E-07  9.44453E-02 
2.69333E+01 9.20000E-02  2.24251E-07  9.23142E-02 
2.70000E+01 9.00000E-02  1.30413E-07  9.03354E-02 
2.70667E+01 8.80000E-02  9.58578E-08  8.85087E-02 
2.71333E+01 8.60000E-02  1.25192E-07  8.63776E-02 
2.72000E+01 8.40000E-02  3.27363E-08  8.43988E-02 
2.72667E+01 8.20000E-02  1.76854E-08  8.24199E-02 
2.73333E+01 8.00000E-02  4.84015E-08  8.02888E-02 
2.74000E+01 7.80000E-02  -3.71428E-08 7.83099E-02 
2.74667E+01 7.60000E-02  -4.98899E-08 7.63310E-02 
2.75333E+01 7.40000E-02  -5.19805E-09 7.42000E-02 
2.76000E+01 7.20000E-02  -8.65956E-08 7.23733E-02 
2.76667E+01 7.00000E-02  -9.50426E-08 7.02422E-02 
2.77333E+01 6.80000E-02  -5.28080E-08 6.84156E-02 
2.78000E+01 6.60000E-02  -1.11783E-07 6.62845E-02 
2.78667E+01 6.40000E-02  -1.30980E-07 6.43056E-02 
2.79333E+01 6.20000E-02  -8.26026E-08 6.23267E-02 
2.80000E+01 6.00000E-02  -1.48949E-07 6.03478E-02 
2.80667E+01 5.80000E-02  -1.59700E-07 5.83690E-02 
2.81333E+01 5.60000E-02  -1.42652E-07 5.63901E-02 
2.82000E+01 5.40000E-02  -1.80740E-07 5.44112E-02 
2.82667E+01 5.20000E-02  -1.85809E-07 5.24324E-02 
2.83333E+01 5.00000E-02  -1.62311E-07 5.04535E-02 
2.84000E+01 4.80000E-02  -2.13607E-07 4.84746E-02 
2.84667E+01 4.60000E-02  -2.09306E-07 4.64957E-02 
2.85333E+01 4.40000E-02  -2.10996E-07 4.43646E-02 
2.86000E+01 4.20000E-02  -2.16525E-07 4.23858E-02 
2.86667E+01 4.00000E-02  -2.26354E-07 4.04069E-02 
2.87333E+01 3.80000E-02  -2.47855E-07 3.82758E-02 
2.88000E+01 3.60000E-02  -2.40176E-07 3.62969E-02 
2.88667E+01 3.40000E-02  -2.40944E-07 3.43181E-02 
2.89333E+01 3.20000E-02  -2.94543E-07 3.23392E-02 
2.90000E+01 3.00000E-02  -2.51387E-07 3.03603E-02 
2.90667E+01 2.80000E-02  -2.59374E-07 2.83814E-02 
2.91333E+01 2.60000E-02  -3.20959E-07 2.62504E-02 
2.92000E+01 2.40000E-02  -2.67053E-07 2.42715E-02 
2.92667E+01 2.20000E-02  -2.68281E-07 2.22926E-02 
2.93333E+01 2.00000E-02  -3.32631E-07 2.03137E-02 
2.94000E+01 1.80000E-02  -2.87325E-07 1.83349E-02 
2.94667E+01 1.60000E-02  -2.76114E-07 1.63560E-02 
2.95333E+01 1.40000E-02  -3.55668E-07 1.43771E-02 
2.96000E+01 1.20000E-02  -2.83179E-07 1.22460E-02 
2.96667E+01 1.00000E-02  -2.92086E-07 1.04194E-02 
2.97333E+01 8.00000E-03  -3.73637E-07 8.28828E-03 
2.98000E+01 6.00000E-03  -2.82718E-07 6.30941E-03 
2.98667E+01 4.00000E-03  -3.07291E-07 4.33053E-03 
2.99333E+01 2.00000E-03  -3.78245E-07 2.35166E-03 
3.00000E+01 1.45825E-17  -2.90550E-07 3.72789E-04 
3.00667E+01 -2.00000E-03 -3.10823E-07 -1.75830E-03
3.01333E+01 -4.00000E-03 -3.82391E-07 -3.73718E-03
3.02000E+01 -6.00000E-03 -3.15891E-07 -5.71605E-03
3.02667E+01 -8.00000E-03 -3.19884E-07 -7.69492E-03
3.03333E+01 -1.00000E-02 -3.86845E-07 -9.67379E-03
3.04000E+01 -1.20000E-02 -3.24799E-07 -1.18049E-02
3.04667E+01 -1.40000E-02 -3.24799E-07 -1.37838E-02
3.05333E+01 -1.60000E-02 -3.87920E-07 -1.57626E-02
3.06000E+01 -1.80000E-02 -3.07751E-07 -1.75893E-02
3.06667E+01 -2.00000E-02 -3.39850E-07 -1.94159E-02
3.07333E+01 -2.20000E-02 -3.81163E-07 -2.13948E-02
3.08000E+01 -2.40000E-02 -3.16198E-07 -2.35259E-02
3.08667E+01 -2.60000E-02 -3.44457E-07 -2.55048E-02
3.09333E+01 -2.80000E-02 -3.76709E-07 -2.74836E-02
3.10000E+01 -3.00000E-02 -3.19577E-07 -2.94625E-02
3.10667E+01 -3.20000E-02 -3.54747E-07 -3.14414E-02
3.11333E+01 -3.40000E-02 -3.71487E-07 -3.34203E-02
3.12000E+01 -3.60000E-02 -3.36164E-07 -3.55514E-02
3.12667E+01 -3.80000E-02 -3.58433E-07 -3.75302E-02
3.13333E+01 -4.00000E-02 -3.77170E-07 -3.95091E-02
3.14000E+01 -4.20000E-02 -3.36932E-07 -4.14880E-02
3.14667E+01 -4.40000E-02 -3.83006E-07 -4.36191E-02
3.15333E+01 -4.60000E-02 -3.93603E-07 -4.55979E-02
3.16000E+01 -4.80000E-02 -3.59815E-07 -4.75768E-02
3.16667E+01 -5.00000E-02 -4.11879E-07 -4.95557E-02
3.17333E+01 -5.20000E-02 -4.17561E-07 -5.15346E-02
3.18000E+01 -5.40000E-02 -3.77016E-07 -5.35134E-02
3.18667E+01 -5.60000E-02 -4.24780E-07 -5.54923E-02
3.19333E+01 -5.80000E-02 -4.11725E-07 -5.74712E-02
3.20000E+01 -6.00000E-02 -3.63808E-07 -5.96023E-02
3.20667E+01 -6.20000E-02 -4.12954E-07 -6.15811E-02
3.21333E+01 -6.40000E-02 -3.94985E-07 -6.35600E-02
3.22000E+01 -6.60000E-02 -3.51675E-07 -6.55389E-02
3.22667E+01 -6.80000E-02 -4.10190E-07 -6.75178E-02
3.23333E+01 -7.00000E-02 -3.96982E-07 -6.94966E-02
3.24000E+01 -7.20000E-02 -3.50293E-07 -7.14755E-02
3.24667E+01 -7.40000E-02 -4.01435E-07 -7.36066E-02
3.25333E+01 -7.60000E-02 -3.96214E-07 -7.55855E-02
3.26000E+01 -7.80000E-02 -3.52750E-07 -7.75643E-02
3.26667E+01 -8.00000E-02 -4.02510E-07 -7.95432E-02
3.27333E+01 -8.20000E-02 -3.92221E-07 -8.16743E-02
3.28000E+01 -8.40000E-02 -3.40618E-07 -8.36532E-02
3.28667E+01 -8.60000E-02 -3.95599E-07 -8.56321E-02
3.29333E+01 -8.80000E-02 -3.90992E-07 -8.76109E-02
3.30000E+01 -9.00000E-02 -3.45532E-07 -8.95898E-02
3.30667E+01 -9.20000E-02 -3.88688E-07 -9.15687E-02
3.31333E+01 -9.40000E-02 -3.90070E-07 -9.35475E-02
3.32000E+01 -9.60000E-02 -3.78552E-07 -9.55264E-02
3.32667E+01 -9.80000E-02 -3.87920E-07 -9.75053E-02
3.33333E+01 -1.00000E-01 -4.09268E-07 -9.94842E-02
3.34000E+01 -1.02000E-01 -3.55822E-07 -1.01615E-01
3.34667E+01 -1.04000E-01 -3.95139E-07 -1.03594E-01
3.35333E+01 -1.06000E-01 -3.94064E-07 -1.05573E-01
3.36000E+01 -1.08000E-01 -4.09422E-07 -1.07400E-01
3.36667E+01 -1.10000E-01 -3.90992E-07 -1.09531E-01
3.37333E+01 -1.12000E-01 -3.96674E-07 -1.11510E-01
3.38000E+01 -1.14000E-01 -4.24165E-07 -1.13641E-01
3.38667E+01 -1.16000E-01 -3.98057E-07 -1.15620E-01
3.39333E+01 -1.18000E-01 -4.03586E-07 -1.17598E-01
3.40000E+01 -1.20000E-01 -4.54421E-07 -1.19577E-01
3.40667E+01 -1.22000E-01 -3.96828E-07 -1.21556E-01
3.41333E+01 -1.24000E-01 -4.05889E-07 -1.23687E-01
3.42000E+01 -1.26000E-01 -4.67321E-07 -1.25514E-01
3.42667E+01 -1.28000E-01 -4.00360E-07 -1.27645E-01
3.43333E+01 -1.30000E-01 -4.06964E-07 -1.29624E-01
3.44000E+01 -1.32000E-01 -4.68550E-07 -1.31603E-01
3.44667E+01 -1.34000E-01 -4.06504E-07 -1.33582E-01
3.45333E+01 -1.36000E-01 -4.11725E-07 -1.35561E-01
3.46000E+01 -1.38000E-01 -4.71007E-07 -1.37539E-01
3.46667E+01 -1.40000E-01 -4.08039E-07 -1.39518E-01
3.47333E+01 -1.42000E-01 -4.14797E-07 -1.41649E-01
3.48000E+01 -1.44000E-01 -4.80069E-07 -1.43628E-01
3.48667E+01 -1.46000E-01 -3.97903E-07 -1.45607E-01
3.49333E+01 -1.48000E-01 -4.19711E-07 -1.47586E-01
3.50000E+01 -1.50000E-01 -4.81604E-07 -1.49565E-01
3.50667E+01 -1.52000E-01 -3.96982E-07 -1.51544E-01
3.51333E+01 -1.54000E-01 -4.21554E-07 -1.53523E-01
3.52000E+01 -1.56000E-01 -4.77304E-07 -1.55654E-01
3.52667E+01 -1.58000E-01 -4.14797E-07 -1.57633E-01
3.53333E+01 -1.60000E-01 -4.21094E-07 -1.59611E-01
3.54000E+01 -1.62000E-01 -4.65325E-07 -1.61743E-01
3.54667E+01 -1.64000E-01 -4.10036E-07 -1.63721E-01
3.55333E+01 -1.66000E-01 -4.24012E-07 -1.65548E-01
3.56000E+01 -1.68000E-01 -4.58721E-07 -1.67679E-01
3.56667E+01 -1.70000E-01 -3.93142E-07 -1.69658E-01
3.57333E+01 -1.72000E-01 -4.27237E-07 -1.71637E-01
3.58000E+01 -1.74000E-01 -4.50428E-07 -1.73616E-01
3.58667E+01 -1.76000E-01 -3.94831E-07 -1.75442E-01
3.59333E+01 -1.78000E-01 -4.27237E-07 -1.77421E-01
3.60000E+01 -1.80000E-01 -4.42749E-07 -1.79400E-01
3.60667E+01 -1.82000E-01 -3.97442E-07 -1.81531E-01
3.61333E+01 -1.84000E-01 -4.32459E-07 -1.83358E-01
3.62000E+01 -1.86000E-01 -4.28926E-07 -1.85337E-01
3.62667E+01 -1.88000E-01 -3.93296E-07 -1.87316E-01
3.63333E+01 -1.90000E-01 -4.29080E-07 -1.89447E-01
3.64000E+01 -1.92000E-01 -4.27698E-07 -1.91426E-01
3.64667E+01 -1.94000E-01 -3.93756E-07 -1.93404E-01
3.65333E+01 -1.96000E-01 -4.28312E-07 -1.95383E-01
3.66000E+01 -1.98000E-01 -4.25087E-07 -1.97514E-01
3.66667E+01 -2.00000E-01 -3.88842E-07 -1.99493E-01
3.67333E+01 -2.02000E-01 -4.35991E-07 -2.01624E-01
3.68000E+01 -2.04000E-01 -4.28312E-07 -2.03451E-01
3.68667E+01 -2.06000E-01 -4.06196E-07 -2.05430E-01
3.69333E+01 -2.08000E-01 -4.27237E-07 -2.07409E-01
3.70000E+01 -2.10000E-01 -4.27391E-07 -2.09540E-01
3.70667E+01 -2.12000E-01 -3.91299E-07 -2.11519E-01
3.71333E+01 -2.14000E-01 -4.37527E-07 -2.13498E-01
3.72000E+01 -2.16000E-01 -4.31998E-07 -2.15477E-01
3.72667E+01 -2.18000E-01 -3.85463E-07 -2.17455E-01
3.73333E+01 -2.20000E-01 -4.38448E-07 -2.19586E-01
3.74000E+01 -2.22000E-01 -4.33687E-07 -2.21565E-01
3.74667E+01 -2.24000E-01 -3.84388E-07 -2.23392E-01
3.75333E+01 -2.26000E-01 -4.40598E-07 -2.25371E-01
3.76000E+01 -2.28000E-01 -4.34609E-07 -2.27502E-01
3.76667E+01 -2.30000E-01 -3.93296E-07 -2.29481E-01
3.77333E+01 -2.32000E-01 -4.38448E-07 -2.31460E-01
3.78000E+01 -2.34000E-01 -4.36912E-07 -2.33591E-01
3.78667E+01 -2.36000E-01 -4.04200E-07 -2.35570E-01
3.79333E+01 -2.38000E-01 -4.26776E-07 -2.37549E-01
3.80000E+01 -2.40000E-01 -4.39370E-07 -2.39680E-01
3.80667E+01 -2.42000E-01 -4.15718E-07 -2.41506E-01
3.81333E+01 -2.44000E-01 -4.38448E-07 -2.43485E-01
3.82000E+01 -2.46000E-01 -4.44131E-07 -2.45464E-01
3.82667E+01 -2.48000E-01 -4.45359E-07 -2.47595E-01
3.83333E+01 -2.50000E-01 -4.37527E-07 -2.49574E-01
3.84000E+01 -2.52000E-01 -4.44592E-07 -2.51553E-01
3.84667E+01 -2.54000E-01 -4.08961E-07 -2.53532E-01
3.85333E+01 -2.56000E-01 -4.45667E-07 -2.55511E-01
3.86000E+01 -2.58000E-01 -4.45820E-07 -2.57490E-01
3.86667E+01 -2.60000E-01 -4.65939E-07 -2.59621E-01
3.87333E+01 -2.62000E-01 -4.36605E-07 -2.61447E-01
3.88000E+01 -2.64000E-01 -4.45667E-07 -2.63426E-01
3.88667E+01 -2.66000E-01 -4.80376E-07 -2.65405E-01
3.89333E+01 -2.68000E-01 -4.43516E-07 -2.67536E-01
3.90000E+01 -2.70000E-01 -4.47663E-07 -2.69515E-01
3.90667E+01 -2.72000E-01 -5.04949E-07 -2.71494E-01
3.91333E+01 -2.74000E-01 -4.33841E-07 -2.73473E-01
3.92000E+01 -2.76000E-01 -4.50120E-07 -2.75604E-01
3.92667E+01 -2.78000E-01 -5.08327E-07 -2.77583E-01
3.93333E+01 -2.80000E-01 -4.37988E-07 -2.79562E-01
3.94000E+01 -2.82000E-01 -4.51042E-07 -2.81540E-01
3.94667E+01 -2.84000E-01 -5.03413E-07 -2.83519E-01
3.95333E+01 -2.86000E-01 -4.43516E-07 -2.85498E-01
3.96000E+01 -2.88000E-01 -4.51042E-07 -2.87477E-01
3.96667E+01 -2.90000E-01 -5.09249E-07 -2.89608E-01
3.97333E+01 -2.92000E-01 -4.49045E-07 -2.91435E-01
3.98000E+01 -2.94000E-01 -4.51656E-07 -2.93566E-01
3.98667E+01 -2.96000E-01 -5.07713E-07 -2.95545E-01
3.99333E+01 -2.98000E-01 -4.34916E-07 -2.97524E-01
4.00000E+01 -3.00000E-01 -4.54114E-07 -2.99503E-01
4.00667E+01 -3.02000E-01 -4.92662E-07 -3.01481E-01
4.01333E+01 -3.04000E-01 -4.32766E-07 -3.03460E-01
4.02000E+01 -3.06000E-01 -4.57032E-07 -3.05591E-01
4.02667E+01 -3.08000E-01 -4.98037E-07 -3.07570E-01
4.03333E+01 -3.10000E-01 -4.49967E-07 -3.09549E-01
4.04000E+01 -3.12000E-01 -4.53499E-07 -3.11528E-01
4.04667E+01 -3.14000E-01 -4.89283E-07 -3.13659E-01
4.05333E+01 -3.16000E-01 -4.39677E-07 -3.15638E-01
4.06000E+01 -3.18000E-01 -4.61332E-07 -3.17617E-01
4.06667E+01 -3.20000E-01 -4.78379E-07 -3.19596E-01
4.07333E+01 -3.22000E-01 -4.29387E-07 -3.21575E-01
4.08000E+01 -3.24000E-01 -4.59796E-07 -3.23553E-01
4.08667E+01 -3.26000E-01 -4.71775E-07 -3.25532E-01
4.09333E+01 -3.28000E-01 -4.30155E-07 -3.27663E-01
4.10000E+01 -3.30000E-01 -4.57339E-07 -3.29490E-01
4.10667E+01 -3.32000E-01 -4.66246E-07 -3.31469E-01
4.11333E+01 -3.34000E-01 -4.45667E-07 -3.33600E-01
4.12000E+01 -3.36000E-01 -4.52731E-07 -3.35579E-01
4.12667E+01 -3.38000E-01 -4.60564E-07 -3.37558E-01
4.13333E+01 -3.40000E-01 -4.41520E-07 -3.39537E-01
4.14000E+01 -3.42000E-01 -4.54421E-07 -3.41515E-01
4.14667E+01 -3.44000E-01 -4.61025E-07 -3.43494E-01
4.15333E+01 -3.46000E-01 -4.22169E-07 -3.45625E-01
4.16000E+01 -3.48000E-01 -4.64557E-07 -3.47604E-01
4.16667E+01 -3.50000E-01 -4.59642E-07 -3.49583E-01
4.17333E+01 -3.52000E-01 -4.17561E-07 -3.51562E-01
4.18000E+01 -3.54000E-01 -4.64557E-07 -3.53693E-01
4.18667E+01 -3.56000E-01 -4.65325E-07 -3.55672E-01
4.19333E+01 -3.58000E-01 -4.32152E-07 -3.57651E-01
4.20000E+01 -3.60000E-01 -4.53806E-07 -3.59630E-01
4.20667E+01 -3.62000E-01 -4.65018E-07 -3.61609E-01
4.21333E+01 -3.64000E-01 -4.25548E-07 -3.63588E-01
4.22000E+01 -3.66000E-01 -4.53960E-07 -3.65719E-01
4.22667E+01 -3.68000E-01 -4.67936E-07 -3.67697E-01
4.23333E+01 -3.70000E-01 -4.18176E-07 -3.69676E-01
4.24000E+01 -3.72000E-01 -4.68704E-07 -3.71655E-01
4.24667E+01 -3.74000E-01 -4.66707E-07 -3.73634E-01
4.25333E+01 -3.76000E-01 -4.34455E-07 -3.75613E-01
4.26000E+01 -3.78000E-01 -4.67168E-07 -3.77744E-01
4.26667E+01 -3.80000E-01 -4.71468E-07 -3.79571E-01
4.27333E+01 -3.82000E-01 -4.28619E-07 -3.81550E-01
4.28000E+01 -3.84000E-01 -4.69625E-07 -3.83681E-01
4.28667E+01 -3.86000E-01 -4.72236E-07 -3.85660E-01
4.29333E+01 -3.88000E-01 -4.44131E-07 -3.87638E-01
4.30000E+01 -3.90000E-01 -4.62100E-07 -3.89617E-01
4.30667E+01 -3.92000E-01 -4.75154E-07 -3.91596E-01
4.31333E+01 -3.94000E-01 -4.56264E-07 -3.93727E-01
4.32000E+01 -3.96000E-01 -4.74540E-07 -3.95706E-01
4.32667E+01 -3.98000E-01 -4.74693E-07 -3.97685E-01
4.33333E+01 -4.00000E-01 -4.89130E-07 -3.99664E-01
4.34000E+01 -4.02000E-01 -4.71315E-07 -4.01643E-01
4.34667E+01 -4.04000E-01 -4.78840E-07 -4.03622E-01
4.35333E+01 -4.06000E-01 -4.35837E-07 -4.05753E-01
4.36000E+01 -4.08000E-01 -4.84983E-07 -4.07579E-01
4.36667E+01 -4.10000E-01 -4.82526E-07 -4.09558E-01
4.37333E+01 -4.12000E-01 -5.10785E-07 -4.11689E-01
4.38000E+01 -4.14000E-01 -4.67936E-07 -4.13668E-01
4.38667E+01 -4.16000E-01 -4.76229E-07 -4.15647E-01
4.39333E+01 -4.18000E-01 -5.22764E-07 -4.17626E-01
4.40000E+01 -4.20000E-01 -4.75154E-07 -4.19605E-01
4.40667E+01 -4.22000E-01 -4.80990E-07 -4.21584E-01
4.41333E+01 -4.24000E-01 -5.45647E-07 -4.23563E-01
4.42000E+01 -4.26000E-01 -4.73004E-07 -4.25541E-01
4.42667E+01 -4.28000E-01 -4.81451E-07 -4.27673E-01
4.43333E+01 -4.30000E-01 -5.50255E-07 -4.29651E-01
4.44000E+01 -4.32000E-01 -4.74847E-07 -4.31783E-01
4.44667E+01 -4.34000E-01 -4.78226E-07 -4.33761E-01
4.45333E+01 -4.36000E-01 -5.40886E-07 -4.35740E-01
4.46000E+01 -4.38000E-01 -4.84676E-07 -4.37567E-01
4.46667E+01 -4.40000E-01 -4.84983E-07 -4.39698E-01
4.47333E+01 -4.42000E-01 -5.43497E-07 -4.41677E-01
4.48000E+01 -4.44000E-01 -4.84830E-07 -4.43656E-01
4.48667E+01 -4.46000E-01 -4.86058E-07 -4.45787E-01
4.49333E+01 -4.48000E-01 -5.45647E-07 -4.47613E-01
4.50000E+01 -4.50000E-01 -4.71622E-07 -4.49592E-01
4.50667E+01 -4.52000E-01 -4.90358E-07 -4.51723E-01
4.51333E+01 -4.54000E-01 -5.39504E-07 -4.53702E-01
4.52000E+01 -4.56000E-01 -4.75768E-07 -4.55681E-01
4.52667E+01 -4.58000E-01 -4.88208E-07 -4.57660E-01
4.53333E+01 -4.60000E-01 -5.30136E-07 -4.59639E-01
4.54000E+01 -4.62000E-01 -4.90973E-07 -4.61618E-01
4.54667E+01 -4.64000E-01 -4.92355E-07 -4.63749E-01
4.55333E+01 -4.66000E-01 -5.22457E-07 -4.65728E-01
4.56000E+01 -4.68000E-01 -4.92509E-07 -4.67707E-01
4.56667E+01 -4.70000E-01 -4.91126E-07 -4.69686E-01
4.57333E+01 -4.72000E-01 -5.15699E-07 -4.71817E-01
4.58000E+01 -4.74000E-01 -4.69779E-07 -4.73796E-01
4.58667E+01 -4.76000E-01 -5.01416E-07 -4.75774E-01
4.59333E+01 -4.78000E-01 -5.10631E-07 -4.77753E-01
4.60000E+01 -4.80000E-01 -4.72082E-07 -4.79732E-01
4.60667E+01 -4.82000E-01 -5.02338E-07 -4.81711E-01
4.61333E+01 -4.84000E-01 -5.11399E-07 -4.83690E-01
4.62000E+01 -4.86000E-01 -4.86980E-07 -4.85517E-01
4.62667E+01 -4.88000E-01 -5.04795E-07 -4.87495E-01
4.63333E+01 -4.90000E-01 -5.09710E-07 -4.89474E-01
4.64000E+01 -4.92000E-01 -4.82679E-07 -4.91453E-01
4.64667E+01 -4.94000E-01 -5.03413E-07 -4.93584E-01
4.65333E+01 -4.96000E-01 -5.13856E-07 -4.95411E-01
4.66000E+01 -4.98000E-01 -4.61639E-07 -4.97542E-01
4.66667E+01 -5.00000E-01 -5.27832E-07 -4.99521E-01
4.67333E+01 -5.02000E-01 -5.41501E-07 -5.01500E-01
4.68000E+01 -5.04000E-01 -4.70086E-07 -5.03479E-01
4.68667E+01 -5.06000E-01 -5.18464E-07 -5.05610E-01
4.69333E+01 -5.08000E-01 -5.21535E-07 -5.07589E-01
4.70000E+01 -5.10000E-01 -4.80683E-07 -5.09567E-01
4.70667E+01 -5.12000E-01 -5.15546E-07 -5.11699E-01
4.71333E+01 -5.14000E-01 -5.25989E-07 -5.13677E-01
4.72000E+01 -5.16000E-01 -4.79301E-07 -5.15504E-01
4.72667E+01 -5.18000E-01 -5.13396E-07 -5.17483E-01
4.73333E+01 -5.20000E-01 -5.29982E-07 -5.19614E-01
4.74000E+01 -5.22000E-01 -4.82372E-07 -5.21593E-01
4.74667E+01 -5.24000E-01 -5.31364E-07 -5.23572E-01
4.75333E+01 -5.26000E-01 -5.33668E-07 -5.25551E-01
4.76000E+01 -5.28000E-01 -5.05717E-07 -5.27530E-01
4.76667E+01 -5.30000E-01 -5.38429E-07 -5.29661E-01
4.77333E+01 -5.32000E-01 -5.38276E-07 -5.31639E-01
4.78000E+01 -5.34000E-01 -5.03720E-07 -5.33618E-01
4.78667E+01 -5.36000E-01 -5.40426E-07 -5.35445E-01
4.79333E+01 -5.38000E-01 -5.40426E-07 -5.37576E-01
4.80000E+01 -5.40000E-01 -5.23993E-07 -5.39555E-01
4.80667E+01 -5.42000E-01 -5.48565E-07 -5.41686E-01
4.81333E+01 -5.44000E-01 -5.45647E-07 -5.43665E-01
4.82000E+01 -5.46000E-01 -5.52405E-07 -5.45644E-01
4.82667E+01 -5.48000E-01 -5.44726E-07 -5.47623E-01
4.83333E+01 -5.50000E-01 -5.48412E-07 -5.49754E-01
4.84000E+01 -5.52000E-01 -5.87728E-07 -5.51733E-01
4.84667E+01 -5.54000E-01 -5.50869E-07 -5.53559E-01
4.85333E+01 -5.56000E-01 -5.55016E-07 -5.55690E-01
4.86000E+01 -5.58000E-01 -5.14931E-07 -5.57669E-01
4.86667E+01 -5.60000E-01 -5.71142E-07 -5.59648E-01
4.87333E+01 -5.62000E-01 -5.59777E-07 -5.61627E-01
4.88000E+01 -5.64000E-01 -6.51157E-07 -5.63606E-01
4.88667E+01 -5.66000E-01 -5.63309E-07 -5.65585E-01
4.89333E+01 -5.68000E-01 -5.60084E-07 -5.67564E-01
4.90000E+01 -5.70000E-01 -6.26431E-07 -5.69542E-01
4.90667E+01 -5.72000E-01 -5.66534E-07 -5.71674E-01
4.91333E+01 -5.74000E-01 -5.70067E-07 -5.73500E-01
4.92000E+01 -5.76000E-01 -5.22918E-07 -5.75479E-01
4.92667E+01 -5.78000E-01 -5.67917E-07 -5.77610E-01
4.93333E+01 -5.80000E-01 -5.69145E-07 -5.79589E-01
4.94000E+01 -5.82000E-01 -6.43017E-07 -5.81568E-01
4.94667E+01 -5.84000E-01 -5.65613E-07 -5.83547E-01
4.95333E+01 -5.86000E-01 -5.74828E-07 -5.85678E-01
4.96000E+01 -5.88000E-01 -6.49161E-07 -5.87657E-01
4.96667E+01 -5.90000E-01 -5.71910E-07 -5.89636E-01
4.97333E+01 -5.92000E-01 -5.81585E-07 -5.91767E-01
4.98000E+01 -5.94000E-01 -6.50696E-07 -5.93593E-01
4.98667E+01 -5.96000E-01 -5.90186E-07 -5.95572E-01
4.99333E+01 -5.98000E-01 -5.84043E-07 -5.97703E-01
5.00000E+01 -6.00000E-01 -6.48546E-07 -5.99682E-01
5.00667E+01 -6.02000E-01 -5.75135E-07 -6.01661E-01
5.01333E+01 -6.04000E-01 -5.97711E-07 -6.03640E-01
5.02000E+01 -6.06000E-01 -6.44400E-07 -6.05619E-01
5.02667E+01 -6.08000E-01 -5.81585E-07 -6.07598E-01
5.03333E+01 -6.10000E-01 -6.03394E-07 -6.09729E-01
5.04000E+01 -6.12000E-01 -6.41021E-07 -6.11708E-01
5.04667E+01 -6.14000E-01 -6.08155E-07 -6.13534E-01
5.05333E+01 -6.16000E-01 -5.99708E-07 -6.15665E-01
5.06000E+01 -6.18000E-01 -6.37949E-07 -6.17644E-01
5.06667E+01 -6.20000E-01 -5.95561E-07 -6.19623E-01
5.07333E+01 -6.22000E-01 -6.18598E-07 -6.21754E-01
5.08000E+01 -6.24000E-01 -6.36874E-07 -6.23733E-01
5.08667E+01 -6.26000E-01 -5.80817E-07 -6.25712E-01
5.09333E+01 -6.28000E-01 -6.30577E-07 -6.27691E-01
5.10000E+01 -6.30000E-01 -6.34724E-07 -6.29822E-01
5.10667E+01 -6.32000E-01 -5.85425E-07 -6.31649E-01
5.11333E+01 -6.34000E-01 -6.36567E-07 -6.33628E-01
5.12000E+01 -6.36000E-01 -6.46550E-07 -6.35759E-01
5.12667E+01 -6.38000E-01 -6.14298E-07 -6.37737E-01
5.13333E+01 -6.40000E-01 -6.42096E-07 -6.39716E-01
5.14000E+01 -6.42000E-01 -6.56379E-07 -6.41695E-01
5.14667E+01 -6.44000E-01 -6.13069E-07 -6.43522E-01
5.15333E+01 -6.46000E-01 -6.47164E-07 -6.45349E-01
5.16000E+01 -6.48000E-01 -6.62061E-07 -6.47480E-01
5.16667E+01 -6.50000E-01 -6.00936E-07 -6.49458E-01
5.17333E+01 -6.52000E-01 -6.72812E-07 -6.51437E-01
5.18000E+01 -6.54000E-01 -6.73273E-07 -6.53416E-01
5.18667E+01 -6.56000E-01 -6.11687E-07 -6.55395E-01
5.19333E+01 -6.58000E-01 -6.82027E-07 -6.57526E-01
5.20000E+01 -6.60000E-01 -6.88938E-07 -6.59505E-01
5.20667E+01 -6.62000E-01 -6.38410E-07 -6.61484E-01
5.21333E+01 -6.64000E-01 -6.84023E-07 -6.63463E-01
5.22000E+01 -6.66000E-01 -6.98460E-07 -6.65442E-01
5.22667E+01 -6.68000E-01 -6.45321E-07 -6.67573E-01
5.23333E+01 -6.70000E-01 -6.95542E-07 -6.69552E-01
5.24000E+01 -6.72000E-01 -7.10132E-07 -6.71378E-01
5.24667E+01 -6.74000E-01 -6.84023E-07 -6.73509E-01
5.25333E+01 -6.76000E-01 -7.19040E-07 -6.75488E-01
5.26000E+01 -6.78000E-01 -7.20575E-07 -6.77467E-01
5.26667E+01 -6.80000E-01 -7.14893E-07 -6.79598E-01
5.27333E+01 -6.82000E-01 -7.35473E-07 -6.81425E-01
5.28000E+01 -6.84000E-01 -7.38391E-07 -6.83556E-01
5.28667E+01 -6.86000E-01 -7.25490E-07 -6.85535E-01
5.29333E+01 -6.88000E-01 -7.40234E-07 -6.87514E-01
5.30000E+01 -6.90000E-01 -7.48220E-07 -6.89493E-01
5.30667E+01 -6.92000E-01 -7.68185E-07 -6.91471E-01
5.31333E+01 -6.94000E-01 -7.62349E-07 -6.93450E-01
5.32000E+01 -6.96000E-01 -7.64960E-07 -6.95429E-01
5.32667E+01 -6.98000E-01 -8.13031E-07 -6.97560E-01
