% # columns="iteration, evaluation, sigma, max axis length,  min axis length, all principle axes lengths  (sorted square roots of eigenvalues of C)", seed=253955, Wed Jan 20 17:40:31 2021
1 8 0.46122578193463026 1.0000375007031337 1.0 1.0 1.0000125000781253 1.0000250003125026 1.0000375007031337
2 16 0.4658532672522898 1.0466879822690822 0.828235623097123 0.828235623097123 0.9715932273741663 1.0093224127364302 1.0466879822690822
3 24 0.517615238426918 1.0288851233095635 0.8190309992456085 0.8190309992456085 0.9445863530871595 0.9729499123373472 1.0288851233095635
4 32 0.5841720971307125 1.2555316999498476 0.7256426700394443 0.7256426700394443 0.8792082774163424 0.9678943328231636 1.2555316999498476
5 40 0.673858319631721 1.3399670568590787 0.7125787632116986 0.7125787632116986 0.8610374984942804 0.9144620800464315 1.3399670568590787
6 48 0.5879388823092455 1.4439774429887295 0.6862944739495208 0.6862944739495208 0.7610001522105687 0.9608031517249882 1.4439774429887295
7 56 0.5690345103299489 1.4175615889151951 0.6323885891084922 0.6323885891084922 0.7232831571760941 0.9070431318848013 1.4175615889151951
8 64 0.5092176510464995 1.346387775607266 0.604711595953155 0.604711595953155 0.6744117375345421 0.9599100459978125 1.346387775607266
9 72 0.45774645812541237 1.2796648536775312 0.5446771268909328 0.5446771268909328 0.7119438510878391 0.9277608256238661 1.2796648536775312
10 80 0.41759660014512395 1.223917222525983 0.5342847353148686 0.5342847353148686 0.7106525952642103 0.8450084788195885 1.223917222525983
11 88 0.42198692989950665 1.1544031597437925 0.5112814840299621 0.5112814840299621 0.7078111570945247 0.8662988150070349 1.1544031597437925
12 96 0.33539145453981484 1.2698486957514055 0.48210413815464775 0.48210413815464775 0.6556241181033877 0.8303768793133268 1.2698486957514055
13 104 0.31823912515257263 1.2638223458460358 0.470180312661266 0.470180312661266 0.6037485517597279 0.7230628949126738 1.2638223458460358
14 112 0.2736947077150554 1.24944747263064 0.45221044165351076 0.45221044165351076 0.5790423722331949 0.674700014100698 1.24944747263064
15 120 0.21765164945299795 1.1437636044981603 0.4457572419185499 0.4457572419185499 0.5406814031148912 0.7003391613797396 1.1437636044981603
16 128 0.17704340044407244 1.1366586002914778 0.40541211604568406 0.40541211604568406 0.5006380828539242 0.7034032864315585 1.1366586002914778
17 136 0.17768200818689942 1.1138701887145077 0.35338677661937323 0.35338677661937323 0.46347149881988153 0.718060444444538 1.1138701887145077
18 144 0.18960484487050028 1.1977440834611 0.3173480776137994 0.3173480776137994 0.4287595048312003 0.7326724399395641 1.1977440834611
19 152 0.17908905125476313 1.3020834824248657 0.2902591630565538 0.2902591630565538 0.4323133682101722 0.7139629600453797 1.3020834824248657
20 160 0.17584546472260668 1.2894721759503216 0.2729621010475861 0.2729621010475861 0.399121831203272 0.7008110792446233 1.2894721759503216
21 168 0.14979179688047425 1.3627302731190278 0.24708461789930516 0.24708461789930516 0.3999591437189825 0.6554961316791558 1.3627302731190278
22 176 0.15299755445886545 1.3576786094823217 0.22051584741278776 0.22051584741278776 0.3664397972438499 0.6473687386955955 1.3576786094823217
23 184 0.14048757206425286 1.3529066232075093 0.2077653976650067 0.2077653976650067 0.3322394026400263 0.7027774071448348 1.3529066232075093
24 192 0.1291589777034435 1.2599500019103909 0.19356596050461866 0.19356596050461866 0.31586294718050417 0.6930233852868133 1.2599500019103909
25 200 0.1134032408505048 1.3040833436087416 0.17208326182053046 0.17208326182053046 0.29949512045989707 0.6876106201688065 1.3040833436087416
26 208 0.0905063967212249 1.3411752569735094 0.15183905781705656 0.15183905781705656 0.2967803312142729 0.6865279461258984 1.3411752569735094
27 216 0.09306824549214467 1.1264326891964398 0.1447688669827418 0.1447688669827418 0.2940871151100339 0.6700539266443682 1.1264326891964398
28 224 0.08534200439086657 1.0764490356292002 0.13270758256125698 0.13270758256125698 0.28204881461969256 0.7583908757544251 1.0764490356292002
29 232 0.08100214392094476 1.0676216518919255 0.11650577039792313 0.11650577039792313 0.2732750127133352 0.7998221335237421 1.0676216518919255
30 240 0.07107704902012227 1.0908901999316647 0.10516663467547589 0.10516663467547589 0.26445879326427385 0.8393960438257348 1.0908901999316647
31 248 0.07323005728463367 1.1150446955083302 0.08646603857520886 0.08646603857520886 0.26025577592450144 0.8976373809761936 1.1150446955083302
32 256 0.06426543392730301 1.0888469524080784 0.07613263777141444 0.07613263777141444 0.27307945210974577 0.94703794370285 1.0888469524080784
33 264 0.055188263131804874 1.0989337699470987 0.07308675783042443 0.07308675783042443 0.24695496574639875 0.874876081952379 1.0989337699470987
34 272 0.05356476521812396 1.038364773927673 0.063460959527881 0.063460959527881 0.2607413405058771 0.8566099499401828 1.038364773927673
35 280 0.05192154799310238 1.0765386989179582 0.055892214018509245 0.055892214018509245 0.2586518053415157 0.8205395927624387 1.0765386989179582
36 288 0.041784231029908844 1.0744761588384695 0.05027429991104914 0.05027429991104914 0.2852202300522368 0.7757072012114548 1.0744761588384695
37 296 0.04464885828268825 1.0954478935198797 0.04169014738391151 0.04169014738391151 0.2991041974162113 0.7199053389634776 1.0954478935198797
38 304 0.0450496379210967 1.0626766778543073 0.0396183897671741 0.0396183897671741 0.3342567036341785 0.6617306055015997 1.0626766778543073
39 312 0.045349156716925236 1.09237918610562 0.037714889931833404 0.037714889931833404 0.3396772160603263 0.5802205709037928 1.09237918610562
40 320 0.04894935091405925 1.099968614160024 0.036008629770233336 0.036008629770233336 0.3230402176842585 0.6147465781770554 1.099968614160024
41 328 0.04138739430167238 1.0799847543264147 0.03629201103674164 0.03629201103674164 0.28849087749418784 0.6589244807597877 1.0799847543264147
42 336 0.034331404781243184 1.052463116548255 0.031947636709481655 0.031947636709481655 0.27710100788584613 0.6432777877378539 1.052463116548255
43 344 0.03319471373238693 1.0570000322373965 0.031031767085622605 0.031031767085622605 0.2606373627197033 0.5552654592769833 1.0570000322373965
44 352 0.029951155181460395 1.047583486915773 0.026430196530253563 0.026430196530253563 0.26032337147488827 0.5814728030851122 1.047583486915773
45 360 0.03566544863848352 1.000715138795538 0.02157947425096972 0.02157947425096972 0.2652666480877087 0.5867583211263445 1.000715138795538
46 368 0.03439200004349197 1.124525539213545 0.023583502281797463 0.023583502281797463 0.23698222221377865 0.5683585208670701 1.124525539213545
47 376 0.03161247057861076 1.1019502208902958 0.023237127052308806 0.023237127052308806 0.20012528052878176 0.6421474107803283 1.1019502208902958
48 384 0.035281024270286024 1.1518436762911919 0.02163395508569803 0.02163395508569803 0.1860222790291718 0.6409774622229948 1.1518436762911919
49 392 0.03316782964867288 1.104333077980827 0.022021144002122923 0.022021144002122923 0.20347343379576485 0.6011729041174035 1.104333077980827
50 400 0.03893374904569219 1.1227611797124755 0.02095236119750314 0.02095236119750314 0.18700784048940924 0.5867718309240385 1.1227611797124755
51 408 0.038364517600978386 1.1174117222968123 0.02068669956479435 0.02068669956479435 0.20788814817513587 0.5761429484493485 1.1174117222968123
52 416 0.03857549621399771 1.1022889629017 0.021000392386414067 0.021000392386414067 0.18807153585717862 0.5435056409222317 1.1022889629017
53 424 0.03332097437638111 1.0578428388389425 0.019808118050820164 0.019808118050820164 0.16981806385847167 0.6325531645976826 1.0578428388389425
54 432 0.034105454177503984 0.9975324503553564 0.01706435273713991 0.01706435273713991 0.16516577963997894 0.6355899933424607 0.9975324503553564
55 440 0.03625075136411113 0.9815569171249819 0.016838294268296708 0.016838294268296708 0.16307518577421884 0.6308333030061305 0.9815569171249819
56 448 0.03377886170550227 0.9783444986392743 0.015414268992203422 0.015414268992203422 0.17676922841775264 0.6200844527258629 0.9783444986392743
57 456 0.029613425037679372 0.9433448276676256 0.01507351495126415 0.01507351495126415 0.16286664798152659 0.6125609165684146 0.9433448276676256
58 464 0.02911273312401196 0.8955985347560368 0.01319033131447235 0.01319033131447235 0.15825052979289958 0.6332724373462403 0.8955985347560368
59 472 0.03250327408584778 0.809387834025214 0.01333780152546007 0.01333780152546007 0.1504985666211588 0.6593976801846848 0.809387834025214
60 480 0.046103608150954725 0.9470463288789884 0.011818287918546227 0.011818287918546227 0.13586156899910978 0.671243220578682 0.9470463288789884
61 488 0.043245341674860355 0.9921066771922561 0.01124122846413346 0.01124122846413346 0.13747676081682134 0.7102843168616617 0.9921066771922561
62 496 0.046409893929888604 0.9539587108311963 0.010177826376687394 0.010177826376687394 0.13013576647028532 0.7283276076720837 0.9539587108311963
63 504 0.043892730256914265 0.904846612537612 0.009954351498241736 0.009954351498241736 0.12727413604007065 0.7095810328774449 0.904846612537612
64 512 0.043179053926499206 0.8386492698857723 0.009952848159385786 0.009952848159385786 0.11803949719935922 0.6844940461876177 0.8386492698857723
65 520 0.04535560437707466 0.8262329377724842 0.009762295592456848 0.009762295592456848 0.10652195539275083 0.7079254431746922 0.8262329377724842
66 528 0.0424318189753857 0.8686200705554887 0.009341855051891638 0.009341855051891638 0.10771469795974709 0.652750164492982 0.8686200705554887
67 536 0.04224858194658643 0.8380018463210641 0.00893746365469546 0.00893746365469546 0.1086702135473929 0.5935545117110347 0.8380018463210641
68 544 0.04008040723979361 0.8624801592360949 0.008799976743537653 0.008799976743537653 0.09489249564746903 0.5868543565341079 0.8624801592360949
69 552 0.04908935450816969 0.8178561458846076 0.00798626329403999 0.00798626329403999 0.09466530747590497 0.5796952226862099 0.8178561458846076
70 560 0.05886103474136905 0.7859647822318275 0.008803475255409603 0.008803475255409603 0.10224461538800392 0.5705518711593359 0.7859647822318275
71 568 0.066191548427106 0.7432689455107737 0.008829228173252782 0.008829228173252782 0.10802093899348332 0.5437102041047196 0.7432689455107737
72 576 0.05348591515217115 0.7369161719105426 0.007954515013635713 0.007954515013635713 0.11988439657175702 0.52304487129053 0.7369161719105426
73 584 0.045794823149067306 0.7281102243124412 0.007202013733024861 0.007202013733024861 0.11654168947862972 0.5255364383519565 0.7281102243124412
74 592 0.05272821580164443 0.6986139310173611 0.007001115146929524 0.007001115146929524 0.10266381422097526 0.5377207457122857 0.6986139310173611
75 600 0.05808464655110067 0.6910781266457319 0.007594385554465042 0.007594385554465042 0.10044598048815066 0.5256396695628435 0.6910781266457319
76 608 0.05325841390964243 0.7227969767039835 0.006706568824367585 0.006706568824367585 0.10443165114634995 0.5200099740314224 0.7227969767039835
77 616 0.05816484203601295 0.7112082711971995 0.007004904716742092 0.007004904716742092 0.08487123574344874 0.5255196438504907 0.7112082711971995
78 624 0.052524226591784184 0.7425411379290151 0.006767030115060528 0.006767030115060528 0.0768416207068023 0.5436248863083976 0.7425411379290151
79 632 0.053251609133056745 0.7222095855749053 0.006624545180562835 0.006624545180562835 0.07046507219045327 0.5433950294375941 0.7222095855749053
80 640 0.05610564753251356 0.6894373367295342 0.006483143299362175 0.006483143299362175 0.06989005574186076 0.5392967588624844 0.6894373367295342
81 648 0.04818077791987248 0.6773142137489848 0.0062819980873604925 0.0062819980873604925 0.07194133606623027 0.5393872346916405 0.6773142137489848
82 656 0.04442075749746338 0.6609654779567569 0.006081129014006935 0.006081129014006935 0.06385804486790794 0.5099454706420159 0.6609654779567569
83 664 0.053617428125358614 0.63429411298202 0.005681767950867476 0.005681767950867476 0.06063521534765217 0.5151791899442203 0.63429411298202
84 672 0.05411575858056302 0.7848515573256747 0.0053309356463735035 0.0053309356463735035 0.06286298580584179 0.4729058676071455 0.7848515573256747
85 680 0.04961586163924466 0.8170664677648679 0.005129553154190375 0.005129553154190375 0.0552278229369449 0.4718472411230021 0.8170664677648679
86 688 0.06157646406919198 0.7514678787816361 0.005203777824661599 0.005203777824661599 0.05295668929170424 0.4380562803868849 0.7514678787816361
87 696 0.06563414152005148 0.7641190200267135 0.004804262965545784 0.004804262965545784 0.06603117475823678 0.40476895968969756 0.7641190200267135
88 704 0.07384050359681943 0.8344782447766378 0.004456719802156918 0.004456719802156918 0.061777544512300574 0.40316381987428945 0.8344782447766378
89 712 0.06955555197782035 0.8850162470006367 0.004156696772290983 0.004156696772290983 0.0566082444350504 0.4200654282478607 0.8850162470006367
90 720 0.07626971074299321 0.9058996696139799 0.0038199914507699765 0.0038199914507699765 0.05279092648386417 0.39291189628389955 0.9058996696139799
91 728 0.09106977171832877 1.0355061062023025 0.0036678110287751554 0.0036678110287751554 0.04417059537855166 0.38767944374116187 1.0355061062023025
92 736 0.1009707699223902 1.0725662401981009 0.004031447045034352 0.004031447045034352 0.041969037066796416 0.3500691493441193 1.0725662401981009
93 744 0.12314274360445544 1.0676741994187078 0.0040826321357893824 0.0040826321357893824 0.0374211880329331 0.34596825468255976 1.0676741994187078
94 752 0.12180564532654968 1.117429542394445 0.0038649968980892036 0.0038649968980892036 0.03803396771466573 0.330277216746451 1.117429542394445
95 760 0.14027852150299613 1.173922044592981 0.003489992357890335 0.003489992357890335 0.03747048022871993 0.3005848756668787 1.173922044592981
96 768 0.1586281240973567 1.1831254786312548 0.0035432195844710807 0.0035432195844710807 0.039628161826207674 0.2712067235679864 1.1831254786312548
97 776 0.209991137040887 1.0770450677861214 0.003365937845904364 0.003365937845904364 0.04265483661334136 0.26501083518178 1.0770450677861214
98 784 0.22949004534819367 1.0568349814473033 0.0034571094884455968 0.0034571094884455968 0.04336341996158945 0.2603689983203026 1.0568349814473033
99 792 0.18747232300486233 0.9016951439749703 0.003372587914168903 0.003372587914168903 0.04387193956505451 0.2524459343146779 0.9016951439749703
100 800 0.1617145146592736 0.7972952627743048 0.003180663351358229 0.003180663351358229 0.045174230167421 0.23841087144409578 0.7972952627743048
101 808 0.1512816772931449 0.730454057431139 0.0029617286904927496 0.0029617286904927496 0.043251559868415355 0.23665538571833672 0.730454057431139
102 816 0.13704896183171922 0.6797673413424402 0.0028116437204789256 0.0028116437204789256 0.04088268906960687 0.23584502386718809 0.6797673413424402
103 824 0.1425710197327225 0.6467677091649904 0.002712160227704718 0.002712160227704718 0.03696907835533988 0.23637560476312036 0.6467677091649904
104 832 0.1284534502832878 0.6527577204988321 0.0027278239135927404 0.0027278239135927404 0.038800471720305284 0.21028336306632575 0.6527577204988321
105 840 0.12956817638132404 0.637018960991158 0.002620967280717746 0.002620967280717746 0.03393670906516777 0.2142675749779191 0.637018960991158
106 848 0.12932485058906257 0.6270509164520931 0.0024939291276435908 0.0024939291276435908 0.03025565021189272 0.2293709664813193 0.6270509164520931
107 856 0.1274090881653322 0.5785558962001417 0.00257072440045367 0.00257072440045367 0.029591608009715407 0.22633376673419212 0.5785558962001417
108 864 0.15350376920588527 0.5770538861577188 0.002568821657741582 0.002568821657741582 0.030559124762165067 0.20342704650781682 0.5770538861577188
109 872 0.16273585634198443 0.5740410934194345 0.0026280774428098937 0.0026280774428098937 0.030712031743080178 0.20578133526450038 0.5740410934194345
110 880 0.19393738420980022 0.5683143920885539 0.002393627557501104 0.002393627557501104 0.030245928754033136 0.2151560816633863 0.5683143920885539
111 888 0.1950072393215231 0.5852716707978175 0.002580401072156733 0.002580401072156733 0.028498018006761352 0.20710559850174123 0.5852716707978175
112 896 0.1734379756379515 0.6058316419050278 0.002145791549439722 0.002145791549439722 0.030430232175389003 0.19509048595046996 0.6058316419050278
113 904 0.15123477346853384 0.6181019023735772 0.002066813154888291 0.002066813154888291 0.028198459553272957 0.17861535395237865 0.6181019023735772
114 912 0.1354012998326481 0.5763172748766251 0.002013176515212922 0.002013176515212922 0.026822645479005182 0.17135244040388348 0.5763172748766251
115 920 0.12382350200398202 0.5717595153435052 0.0018295320180922922 0.0018295320180922922 0.02376466711315177 0.18075882545700864 0.5717595153435052
116 928 0.12146818032239524 0.5674315952834209 0.0018583582190727194 0.0018583582190727194 0.021781138770147354 0.16380550936459068 0.5674315952834209
117 936 0.12376706628767775 0.5620107420232519 0.0018537121320525078 0.0018537121320525078 0.019688387912179712 0.16400188746458555 0.5620107420232519
118 944 0.1630902500111774 0.5192692353232813 0.0020444410818061306 0.0020444410818061306 0.01749097373686814 0.16486405461132161 0.5192692353232813
119 952 0.19490470866976947 0.5274434641445176 0.0020217659201089227 0.0020217659201089227 0.016937763341955715 0.16957066271184243 0.5274434641445176
120 960 0.21208439309192462 0.5367631339756268 0.0020706315135543135 0.0020706315135543135 0.014423660775557052 0.16715593008400634 0.5367631339756268
121 968 0.237496029804547 0.5513744017073358 0.001997468121313523 0.001997468121313523 0.014900081902876247 0.15352281260316572 0.5513744017073358
122 976 0.2887417170932256 0.5484257867458258 0.002011967004911953 0.002011967004911953 0.014700933710699346 0.1438820122283188 0.5484257867458258
123 984 0.2701282639556902 0.5496656166798344 0.002108092144539981 0.002108092144539981 0.01467126419878718 0.13969695631968243 0.5496656166798344
124 992 0.24096799737527158 0.5401892067517855 0.0018970484826157333 0.0018970484826157333 0.01381720177093804 0.13612760830076623 0.5401892067517855
125 1000 0.2926570035119406 0.5142248115921495 0.001878137505450861 0.001878137505450861 0.013257901661803748 0.12801198758013083 0.5142248115921495
126 1008 0.28627643610589 0.5148281060471922 0.0018243337286044717 0.0018243337286044717 0.013417724962545601 0.14686931044453838 0.5148281060471922
127 1016 0.31265291070142637 0.4879085599742628 0.0017282445720101524 0.0017282445720101524 0.013904747568428548 0.13030819121680193 0.4879085599742628
128 1024 0.33915780649695215 0.44354946369429804 0.0017502887812326756 0.0017502887812326756 0.014186380131177831 0.12886934601052838 0.44354946369429804
129 1032 0.4294199736384079 0.4746653372246964 0.001723183611244465 0.001723183611244465 0.013582066720151352 0.12090898037740676 0.4746653372246964
130 1040 0.4684802071489314 0.4802574001243232 0.0017319587284705966 0.0017319587284705966 0.01393091184195127 0.1282034609173594 0.4802574001243232
131 1048 0.6300504661500391 0.4873508834039636 0.001596212207569868 0.001596212207569868 0.014500060198616755 0.11784493679976502 0.4873508834039636
132 1056 0.7286669971296834 0.4462341720070571 0.0015937455328955419 0.0015937455328955419 0.016208609113899434 0.11489055522801278 0.4462341720070571
133 1064 0.7165604268166171 0.3993089852007356 0.0016017342680874314 0.0016017342680874314 0.016857073177571288 0.11486351129960277 0.3993089852007356
134 1072 0.7190283816326726 0.3426352046334839 0.0015488326032320216 0.0015488326032320216 0.015815365629540275 0.11706857417027874 0.3426352046334839
135 1080 0.7886579770589291 0.34244268116558857 0.0013465974538727427 0.0013465974538727427 0.01596519335565327 0.11350009628991012 0.34244268116558857
136 1088 0.6527001522986818 0.33671456862406046 0.001394954070572482 0.001394954070572482 0.016074071022911036 0.10149428609971654 0.33671456862406046
137 1096 0.709660140528745 0.3081472040095399 0.0013606517907830838 0.0013606517907830838 0.015748823043942303 0.09388753494795254 0.3081472040095399
138 1104 0.881041371680109 0.2968408709081445 0.0014134023687736098 0.0014134023687736098 0.01578066838545173 0.10412240160959019 0.2968408709081445
139 1112 0.7743135128787715 0.2671007628829666 0.0017470515624952003 0.0017470515624952003 0.01538361782994983 0.10358377308173188 0.2671007628829666
140 1120 0.8084281806967442 0.2559222622440652 0.0016916320537760149 0.0016916320537760149 0.015300159353380942 0.08810900350539413 0.2559222622440652
141 1128 0.970096169094446 0.23404212801180285 0.001678073085479646 0.001678073085479646 0.016026106614718736 0.08470109279679477 0.23404212801180285
142 1136 1.0121167717964996 0.23698407657821294 0.0017868974440581084 0.0017868974440581084 0.017358183249272432 0.0749430456981472 0.23698407657821294
143 1144 1.2355884245264008 0.2261799928544359 0.0017560794216168664 0.0017560794216168664 0.016970204391732434 0.07159777804714793 0.2261799928544359
144 1152 1.340109636783206 0.22700438628550362 0.0017047019924759364 0.0017047019924759364 0.017910543885237263 0.07036452607080503 0.22700438628550362
145 1160 1.4847243780542014 0.2238607275953805 0.001636034543732979 0.001636034543732979 0.016934010858944425 0.06859812065622328 0.2238607275953805
146 1168 1.4358059972473252 0.20908057478814693 0.0017941703449915526 0.0017941703449915526 0.01701443295168572 0.06230941502412818 0.20908057478814693
147 1176 1.4830644481210835 0.19205217846111597 0.0018396086538931262 0.0018396086538931262 0.015310709984628565 0.06135063365889602 0.19205217846111597
148 1184 1.4547560168107652 0.18470979990484743 0.0018919626505629471 0.0018919626505629471 0.01462643304714835 0.059831385576965705 0.18470979990484743
149 1192 1.5593419092162466 0.16163938789321053 0.0019018295702608388 0.0019018295702608388 0.014436087315433542 0.058655014903213766 0.16163938789321053
150 1200 1.4041559640182906 0.1543162098217393 0.0020344551822798285 0.0020344551822798285 0.012718071527763816 0.062332396335425484 0.1543162098217393
151 1208 1.5443596299855757 0.14087143495481216 0.002089090169662584 0.002089090169662584 0.012328005518352073 0.055119181917636 0.14087143495481216
152 1216 1.5862489382829952 0.12532726261990576 0.002258417528744306 0.002258417528744306 0.012625312200150094 0.05107398506798101 0.12532726261990576
153 1224 1.5729762749390324 0.12222415924515097 0.002209657276447047 0.002209657276447047 0.011474881542327228 0.05205010082448164 0.12222415924515097
154 1232 1.573580272362431 0.11493041579959282 0.0021588413673789384 0.0021588413673789384 0.011132936246971849 0.05082423095147076 0.11493041579959282
155 1240 1.3362155355361536 0.09720365276879554 0.0021966882415461017 0.0021966882415461017 0.011544668335967007 0.04976859371163651 0.09720365276879554
156 1248 1.0937280571141015 0.08770691553388307 0.002184239024330383 0.002184239024330383 0.010756276518701872 0.05048271356812403 0.08770691553388307
157 1256 1.0457390974007843 0.08810033294225361 0.002093972437526707 0.002093972437526707 0.009872761425827985 0.04832478317253395 0.08810033294225361
158 1264 0.9338930955279425 0.08291436792337561 0.00178317917137453 0.00178317917137453 0.009743025924600617 0.05229498656381206 0.08291436792337561
159 1272 0.9112261565974362 0.07899366966882493 0.001651854965970328 0.001651854965970328 0.009224426581596957 0.05146748506116381 0.07899366966882493
160 1280 0.9685812333904816 0.07781686137217217 0.0016228846094523844 0.0016228846094523844 0.008157779531019054 0.05510280711996429 0.07781686137217217
161 1288 0.9786848918221588 0.0759445139945593 0.001617330271987351 0.001617330271987351 0.007735781567748457 0.055380398610181694 0.0759445139945593
162 1296 0.9203332484692133 0.0728779036176787 0.0015003670477381614 0.0015003670477381614 0.007815023153646376 0.05710110675873928 0.0728779036176787
163 1304 0.912030300522795 0.06797719165694499 0.001533113532838942 0.001533113532838942 0.007264734182992289 0.059621839395874905 0.06797719165694499
164 1312 0.829539280357401 0.07153246640047614 0.0013548982791205765 0.0013548982791205765 0.006809898189499857 0.059310751838940474 0.07153246640047614
165 1320 0.7635757348076208 0.06767334684032522 0.0012027187165364766 0.0012027187165364766 0.006730300585943672 0.059189139946105286 0.06767334684032522
166 1328 0.7189527588073392 0.0698369090129126 0.0010580565110508654 0.0010580565110508654 0.006331599453155736 0.059602158287209425 0.0698369090129126
167 1336 0.8041998224736286 0.07628228816705798 0.0010220922933707032 0.0010220922933707032 0.0055630079625477715 0.05747374601678921 0.07628228816705798
168 1344 0.851296659636426 0.07628496746451591 0.0009399649243757531 0.0009399649243757531 0.005086427374917488 0.06679099280425177 0.07628496746451591
169 1352 0.7433643846270668 0.07638039307156333 0.0009147701647849407 0.0009147701647849407 0.0048069618940867215 0.06624750051292994 0.07638039307156333
170 1360 0.7764141175904801 0.07492371389571682 0.0007874136787786515 0.0007874136787786515 0.004629803175995086 0.06354308804304666 0.07492371389571682
171 1368 0.7059652971030906 0.07898868072519287 0.0007341358985256149 0.0007341358985256149 0.004557444503731942 0.05861960290871716 0.07898868072519287
172 1376 0.622264226304663 0.07898764101796259 0.0006831458961496248 0.0006831458961496248 0.004562246802215652 0.05363213124495576 0.07898764101796259
173 1384 0.52103398465416 0.07383103486574011 0.0006642760930455233 0.0006642760930455233 0.004126694705101572 0.05380080885835477 0.07383103486574011
174 1392 0.4835138306863302 0.06481469839438872 0.0006736493254795274 0.0006736493254795274 0.003915903905622508 0.053852923239113906 0.06481469839438872
175 1400 0.5096565984679275 0.058693156647840264 0.0007030661862801814 0.0007030661862801814 0.003689343286613707 0.05166733074840378 0.058693156647840264
176 1408 0.4800422299356632 0.06309700316243488 0.0006625257846825254 0.0006625257846825254 0.003810514469759201 0.04932186414285931 0.06309700316243488
177 1416 0.5003056120408864 0.06188787437005085 0.000666499009185789 0.000666499009185789 0.0034661992693227344 0.04889976414275799 0.06188787437005085
178 1424 0.43087425564961307 0.06684935505709057 0.00062332975657 0.00062332975657 0.0034091938001002096 0.04892496813498202 0.06684935505709057
179 1432 0.4364198796650633 0.06901394362987309 0.000587408902543665 0.000587408902543665 0.0033096637609235707 0.0455974401756003 0.06901394362987309
180 1440 0.4790514015135869 0.07341173059192718 0.000529394412365486 0.000529394412365486 0.003394563324072476 0.04436355094610805 0.07341173059192718
181 1448 0.6359202718418399 0.07378581470492505 0.0005740533927297894 0.0005740533927297894 0.0031796023442368423 0.04603616667393873 0.07378581470492505
182 1456 0.6889139194124984 0.07147888980316067 0.0006263581933126537 0.0006263581933126537 0.0029638782349993655 0.046884367286408254 0.07147888980316067
183 1464 0.6714807212282743 0.07515287700040703 0.0006017030086061102 0.0006017030086061102 0.002881986658338013 0.04399096491316433 0.07515287700040703
184 1472 0.7069834730051854 0.07475222474982039 0.0005732266301740894 0.0005732266301740894 0.00274713744457645 0.04177860800573091 0.07475222474982039
185 1480 0.8045011444814031 0.07539372902449802 0.0005557528551661389 0.0005557528551661389 0.0026960705489577526 0.04092033960718094 0.07539372902449802
186 1488 0.713540126917386 0.0661018758239654 0.0005596255850442211 0.0005596255850442211 0.0028736189581747874 0.042818483870135926 0.0661018758239654
187 1496 0.5758709675921491 0.051868662305266086 0.000556821988622875 0.000556821988622875 0.0028413484386083385 0.042612259245683765 0.051868662305266086
188 1504 0.5691166753171129 0.044875275074767455 0.0005438885904743348 0.0005438885904743348 0.0028190521227209357 0.0410108519405845 0.044875275074767455
189 1512 0.5031321768354723 0.04658971747701288 0.0005320623918483189 0.0005320623918483189 0.002658015925558827 0.03973553722537923 0.04658971747701288
190 1520 0.5492043439238083 0.04017859821441057 0.0005292602604712299 0.0005292602604712299 0.0026652386773822613 0.03994414005593759 0.04017859821441057
191 1528 0.5500301567614908 0.03967838091334133 0.000516864383984833 0.000516864383984833 0.0029501750923523733 0.03713733245370552 0.03967838091334133
192 1536 0.4852929134562905 0.038909726892877944 0.0005351563070126332 0.0005351563070126332 0.0030202770821537023 0.033477018533396526 0.038909726892877944
193 1544 0.43392838803083766 0.03637760188383403 0.000550386459342234 0.000550386459342234 0.002925320865827387 0.030792620179984246 0.03637760188383403
194 1552 0.4413182551553671 0.036778380858866346 0.0005345077793566047 0.0005345077793566047 0.002596971100059904 0.029272224971053064 0.036778380858866346
195 1560 0.40953052531969364 0.03901561181947997 0.0005349623457697398 0.0005349623457697398 0.002277998527955595 0.02865084073046931 0.03901561181947997
196 1568 0.38554288011097837 0.038821112777559584 0.0004973975869156155 0.0004973975869156155 0.00206309469430376 0.027879196947981064 0.038821112777559584
197 1576 0.3450573896997431 0.03629933856786357 0.0004709802765986906 0.0004709802765986906 0.0020366375281357547 0.02662803679573211 0.03629933856786357
198 1584 0.2724526596806547 0.035107199034497494 0.0004219001831579462 0.0004219001831579462 0.0020001115473621267 0.025520860127450293 0.035107199034497494
199 1592 0.2599152509976632 0.030893417060683295 0.0003810677478779973 0.0003810677478779973 0.002028640689173524 0.024492998779232333 0.030893417060683295
200 1600 0.2408191171964136 0.030254528808329323 0.00033582628222590796 0.00033582628222590796 0.00206055794410638 0.024847745440373513 0.030254528808329323
201 1608 0.2447178969079042 0.031213313465852127 0.0003745208709942391 0.0003745208709942391 0.001767057112765334 0.023644407856501903 0.031213313465852127
202 1616 0.25463479826234897 0.028172336325738748 0.0004243455901799856 0.0004243455901799856 0.001674689999197968 0.021848245399980246 0.028172336325738748
203 1624 0.19901897799609242 0.0267015611909928 0.00042655612630569347 0.00042655612630569347 0.001685356584871187 0.020097496900556826 0.0267015611909928
204 1632 0.19172282768184426 0.024396278559701084 0.00038272788236804947 0.00038272788236804947 0.001706616247501866 0.01909294669405206 0.024396278559701084
205 1640 0.16648271412878007 0.02556697980592227 0.0003706980476487831 0.0003706980476487831 0.0016175755798935826 0.018417588193039416 0.02556697980592227
206 1648 0.17244891594753506 0.026412424844114473 0.00035343154634528826 0.00035343154634528826 0.0014809331384246114 0.016238572078642655 0.026412424844114473
207 1656 0.18996980043574427 0.026121633222828813 0.0003388179268928591 0.0003388179268928591 0.0013147583983707616 0.01765219561275257 0.026121633222828813
208 1664 0.18875422758122484 0.025995517948604926 0.00032301521195842044 0.00032301521195842044 0.0012085244632846156 0.018307888346274247 0.025995517948604926
209 1672 0.16165433339167404 0.028656145632530532 0.0003033573158904028 0.0003033573158904028 0.0011326606663723355 0.01739075211672283 0.028656145632530532
210 1680 0.14445357616976331 0.027364698364064164 0.0002906725381136357 0.0002906725381136357 0.0010662985496529595 0.01635333539390493 0.027364698364064164
211 1688 0.1619134862142066 0.025034395763968622 0.0002992819903136052 0.0002992819903136052 0.0010044391290882273 0.01603922225607323 0.025034395763968622
212 1696 0.15717266349504408 0.027029837414440816 0.0002712061954601498 0.0002712061954601498 0.0009130345726284921 0.01739776845115999 0.027029837414440816
213 1704 0.14291014305210897 0.026097889527159517 0.00025555396229818856 0.00025555396229818856 0.0008780975815613658 0.01763041970131596 0.026097889527159517
214 1712 0.1444066651199874 0.025182184679981658 0.00024979738804751904 0.00024979738804751904 0.000783481875470077 0.0167683803192162 0.025182184679981658
215 1720 0.137622187263321 0.025730542479231525 0.0002503814792508842 0.0002503814792508842 0.0006913175131259597 0.01684202210274925 0.025730542479231525
216 1728 0.14841123406689813 0.024620818179225238 0.00022715741300522192 0.00022715741300522192 0.0006760931481600828 0.017437412044467235 0.024620818179225238
217 1736 0.12792863557742956 0.0227579349507906 0.0002367884526284924 0.0002367884526284924 0.0006789934905953282 0.017730573802227152 0.0227579349507906
218 1744 0.11220456630895159 0.022947337929681726 0.00022647454535447005 0.00022647454535447005 0.0005895186055754943 0.017164226528082045 0.022947337929681726
219 1752 0.09303622115042032 0.02014040218623116 0.00022273468354501192 0.00022273468354501192 0.0005514199868243314 0.016644232940171786 0.02014040218623116
220 1760 0.07875498745958473 0.019579972717482696 0.00019522621202906342 0.00019522621202906342 0.0005386010004857528 0.01619170871859324 0.019579972717482696
221 1768 0.07995645732859584 0.017689894953800068 0.00017350171476412533 0.00017350171476412533 0.0005293165329060635 0.01630235346408621 0.017689894953800068
222 1776 0.09301235753170096 0.017005715780646052 0.00018132894145024193 0.00018132894145024193 0.0005445110150756568 0.014285139219343879 0.017005715780646052
223 1784 0.12563711204842848 0.018373986231847765 0.0001748768597015885 0.0001748768597015885 0.000574916256586523 0.01268420837740747 0.018373986231847765
224 1792 0.17201066313569793 0.01714672183573463 0.00017571518979461493 0.00017571518979461493 0.0005902763895171766 0.013143697950996496 0.01714672183573463
225 1800 0.21815351123837734 0.016035880632780143 0.00017222896982786926 0.00017222896982786926 0.0006072939473667567 0.013517055642350558 0.016035880632780143
226 1808 0.21325418282432498 0.014974719799787423 0.00016826542721506147 0.00016826542721506147 0.0006175888417565423 0.013073404609293725 0.014974719799787423
227 1816 0.20371770126658637 0.013768203606463695 0.0001662122912107658 0.0001662122912107658 0.0006299116780016058 0.01245828776884111 0.013768203606463695
228 1824 0.21766834733114193 0.013507760304742343 0.00016488790878467057 0.00016488790878467057 0.0005873546539498611 0.0117334171211747 0.013507760304742343
229 1832 0.1972365322509048 0.014805178101438997 0.0001646526580720654 0.0001646526580720654 0.0005540622664615337 0.01020660264030064 0.014805178101438997
230 1840 0.22472103610585337 0.01393237484908525 0.00015993118560332875 0.00015993118560332875 0.0005085917455441526 0.010033889623647547 0.01393237484908525
231 1848 0.21919925521893455 0.015103175257690725 0.00014807318415925274 0.00014807318415925274 0.0004883935441159353 0.01026399304505496 0.015103175257690725
232 1856 0.21369232935695237 0.014335780313624705 0.000144934892224943 0.000144934892224943 0.00046359225471706567 0.009891083299229508 0.014335780313624705
233 1864 0.2055864963235007 0.013933626869735588 0.00013666166295001655 0.00013666166295001655 0.000455395855324215 0.009372429260072425 0.013933626869735588
234 1872 0.21885786197708232 0.013195585889725674 0.0001302337494205951 0.0001302337494205951 0.000424246551286784 0.009475877627775919 0.013195585889725674
235 1880 0.22380408207500602 0.012875487421852821 0.00014550827201563707 0.00014550827201563707 0.0003805279081850516 0.009103649489693742 0.012875487421852821
236 1888 0.2739110248464122 0.013418601249912314 0.00013752321191289304 0.00013752321191289304 0.0003561702027209893 0.009103608452716492 0.013418601249912314
237 1896 0.27825644705854224 0.013337889233866359 0.0001602403368865516 0.0001602403368865516 0.0003026492193461428 0.009369218296929695 0.013337889233866359
238 1904 0.2786926767531601 0.013116419846670401 0.00013592836724887148 0.00013592836724887148 0.0003052400076134163 0.009124723447574581 0.013116419846670401
239 1912 0.335737894817566 0.012752724450927502 0.0001377580034818121 0.0001377580034818121 0.0002660695396020705 0.00883859516587147 0.012752724450927502
240 1920 0.4077210590430214 0.014332415477315294 0.00013995745567235495 0.00013995745567235495 0.0002573009297384591 0.007947013597065605 0.014332415477315294
241 1928 0.41655394532461254 0.01461139102505784 0.0001460597622543819 0.0001460597622543819 0.0002536136877864878 0.007651186662043586 0.01461139102505784
242 1936 0.3942135957992408 0.013309573922598744 0.00014408248904441702 0.00014408248904441702 0.0002457579952574542 0.007524010129329044 0.013309573922598744
243 1944 0.48164579111596506 0.012430614024205904 0.00013777016591955224 0.00013777016591955224 0.00025206324431853596 0.00752693790970992 0.012430614024205904
244 1952 0.4497977167771909 0.011542063207524324 0.00014014347666086807 0.00014014347666086807 0.000293119836847848 0.007692506041935553 0.011542063207524324
245 1960 0.4146772958270472 0.010528692774771014 0.0001385439574005306 0.0001385439574005306 0.00028347461823767105 0.007479472866852433 0.010528692774771014
246 1968 0.4031387925597095 0.009888547469499073 0.0001243343549482279 0.0001243343549482279 0.00029054853935248077 0.007479905551045601 0.009888547469499073
247 1976 0.342167577676324 0.010642662404405246 0.0001219170328591349 0.0001219170328591349 0.0002673794344247133 0.007087748772597877 0.010642662404405246
248 1984 0.27358359647381275 0.010187833371233275 0.00012194746367212166 0.00012194746367212166 0.00022942192385279266 0.0068976408120403334 0.010187833371233275
249 1992 0.26027633957927954 0.009235979422250795 0.00012130978731757108 0.00012130978731757108 0.00022102552580357168 0.0063699546430557195 0.009235979422250795
250 2000 0.2932712361865875 0.00852212300328949 0.00011164029202220298 0.00011164029202220298 0.00023338760971409973 0.006440813835773256 0.00852212300328949
251 2008 0.2854294317107328 0.008462042510723695 0.00010884716093088518 0.00010884716093088518 0.0002466862023641477 0.006440780023880844 0.008462042510723695
252 2016 0.3056650691798685 0.008122924336224538 0.00010346342099143736 0.00010346342099143736 0.0002440969190850527 0.006204540585912963 0.008122924336224538
253 2024 0.3309312800553995 0.009080897372524455 9.91112936063029e-05 9.91112936063029e-05 0.00022777574536764688 0.005900430687888315 0.009080897372524455
254 2032 0.32737982688243894 0.008866367272972955 9.351535004620861e-05 9.351535004620861e-05 0.00020787057401517288 0.006996726502148052 0.008866367272972955
255 2040 0.3492237133529271 0.009101925290285856 9.345259849807534e-05 9.345259849807534e-05 0.00019698273099461703 0.006619271305552815 0.009101925290285856
256 2048 0.31586269381518206 0.009165982561534931 9.104083622551057e-05 9.104083622551057e-05 0.000189164623821075 0.006428977108777038 0.009165982561534931
257 2056 0.29086318588303234 0.00854531274255334 8.777365985501831e-05 8.777365985501831e-05 0.00018458504211767184 0.00620867313867341 0.00854531274255334
258 2064 0.2811158829954025 0.008187231513580646 8.246521477368568e-05 8.246521477368568e-05 0.00018794895387592796 0.005800508925666495 0.008187231513580646
259 2072 0.3207684007585819 0.007805635544082439 7.49517274442228e-05 7.49517274442228e-05 0.00017185942793230952 0.006275566082071792 0.007805635544082439
260 2080 0.3379486058722533 0.008346880937374722 7.867407480152028e-05 7.867407480152028e-05 0.00016818331374185896 0.006004492553985019 0.008346880937374722
261 2088 0.43332229855645205 0.008725432133365633 7.361817415335646e-05 7.361817415335646e-05 0.0001656462358086094 0.0053894222775953075 0.008725432133365633
262 2096 0.4654654987919531 0.011144784169354405 6.199002924582812e-05 6.199002924582812e-05 0.0001647528483723965 0.005267474067706773 0.011144784169354405
263 2104 0.42591259847479557 0.01093222358768905 6.118971036405556e-05 6.118971036405556e-05 0.0001612969213782457 0.0054877453647658395 0.01093222358768905
264 2112 0.3897498195612955 0.009473426017387107 5.785338142559695e-05 5.785338142559695e-05 0.0001584411068677741 0.00565675400933929 0.009473426017387107
265 2120 0.3638570494940586 0.009057630432722183 5.7542080116815884e-05 5.7542080116815884e-05 0.00015508657025641026 0.005230160826123313 0.009057630432722183
266 2128 0.4118424115649058 0.008373028503249185 5.1805648163324326e-05 5.1805648163324326e-05 0.0001663021219023696 0.005055586244472429 0.008373028503249185
267 2136 0.43331444865202057 0.007937875138885568 5.017578406147541e-05 5.017578406147541e-05 0.00016855413874585136 0.005540120520378415 0.007937875138885568
268 2144 0.4671210989006618 0.007602312975800991 4.9271916273055106e-05 4.9271916273055106e-05 0.00017712552661462588 0.005095419519079893 0.007602312975800991
269 2152 0.42396253056980515 0.007623926800193635 4.755017154890918e-05 4.755017154890918e-05 0.00016375378250491928 0.005173893271114821 0.007623926800193635
270 2160 0.39923391772069344 0.007175380128862068 4.861084990621205e-05 4.861084990621205e-05 0.00015001978438702532 0.004869428809103879 0.007175380128862068
271 2168 0.34936189381519384 0.0061106909954107705 5.044337275280796e-05 5.044337275280796e-05 0.00014622474332078454 0.00479826087587443 0.0061106909954107705
272 2176 0.3963452934822079 0.005881647662453181 5.010352571531856e-05 5.010352571531856e-05 0.00013741218367224671 0.004398252632833792 0.005881647662453181
273 2184 0.37713661850945923 0.005899881330770079 4.767845718815627e-05 4.767845718815627e-05 0.0001386496679108362 0.004442396135805845 0.005899881330770079
274 2192 0.4078091243561826 0.005573112271709491 4.502491273693374e-05 4.502491273693374e-05 0.00012820614673368901 0.004356416572154623 0.005573112271709491
275 2200 0.5266642360931822 0.005217395391149274 4.4327660016791354e-05 4.4327660016791354e-05 0.00012715018005145394 0.004477733368063817 0.005217395391149274
276 2208 0.5946102850733403 0.005135671481517438 4.683247060929743e-05 4.683247060929743e-05 0.00012582637995549052 0.004230225896686088 0.005135671481517438
277 2216 0.7222542073878615 0.005071913660217099 4.430152292766527e-05 4.430152292766527e-05 0.00012429630708348213 0.003936008975505081 0.005071913660217099
278 2224 0.9442925786405494 0.0051961682901547285 5.1626101634468735e-05 5.1626101634468735e-05 0.00011908644675209013 0.0034180869014288863 0.0051961682901547285
279 2232 1.040900509828965 0.004549136418379433 5.351819935679816e-05 5.351819935679816e-05 0.00012579250843294598 0.003453212185120496 0.004549136418379433
280 2240 1.3133308995379405 0.003969162798863425 5.574156959305988e-05 5.574156959305988e-05 0.00012217314140947132 0.0033942550142610634 0.003969162798863425
281 2248 1.1889014808701515 0.004034434403341746 6.143709604016553e-05 6.143709604016553e-05 0.00012519168094439107 0.0029074706303886294 0.004034434403341746
282 2256 1.0412666402405557 0.0036029926785458408 6.246783798607186e-05 6.246783798607186e-05 0.00012082328834170589 0.00273729915403378 0.0036029926785458408
283 2264 1.079192275477468 0.0032472631225853943 6.0838205519555275e-05 6.0838205519555275e-05 0.00010649746190998396 0.002733336054626793 0.0032472631225853943
284 2272 1.0808442851703384 0.0031531451456093583 5.896447651169839e-05 5.896447651169839e-05 0.00010354237064839782 0.0026491042469765436 0.0031531451456093583
285 2280 0.8952802992212394 0.00304664487041589 5.4523966369496496e-05 5.4523966369496496e-05 0.00010434120992022366 0.0025135208229231936 0.00304664487041589
286 2288 0.7990185693560158 0.0028921290837193195 5.1837213191552043e-05 5.1837213191552043e-05 0.00010032132154815 0.0022221011662738313 0.0028921290837193195
287 2296 0.7497970913427323 0.0028541695020917177 4.8214581412938305e-05 4.8214581412938305e-05 9.173097420089674e-05 0.0021344861892121465 0.0028541695020917177
288 2304 0.6366781465263162 0.002460037619338316 4.43009390887304e-05 4.43009390887304e-05 9.093598999701928e-05 0.0022374938843374133 0.002460037619338316
289 2312 0.7109304312150267 0.0023217717265921764 3.9681699103587326e-05 3.9681699103587326e-05 9.113663558802397e-05 0.002216579987403775 0.0023217717265921764
290 2320 0.7850659744853834 0.0026778570821661945 3.8930778769443174e-05 3.8930778769443174e-05 8.706544218977181e-05 0.002203360549306958 0.0026778570821661945
291 2328 0.7873312277762322 0.0027267116909153364 3.986793366606875e-05 3.986793366606875e-05 7.89574040545326e-05 0.002140991781301601 0.0027267116909153364
292 2336 0.8943571755488551 0.002705632890321975 3.49676775156206e-05 3.49676775156206e-05 7.766021753865655e-05 0.0022493729766752783 0.002705632890321975
293 2344 0.9187428233613683 0.002417410435167252 3.9411811252210204e-05 3.9411811252210204e-05 7.536935591094636e-05 0.002170189132505279 0.002417410435167252
294 2352 0.8756834655820922 0.0026051180995912415 3.893336837532844e-05 3.893336837532844e-05 7.275124126166194e-05 0.0018687167037507873 0.0026051180995912415
295 2360 0.8164751393761084 0.00256037992463881 3.919201264848002e-05 3.919201264848002e-05 6.898168296835504e-05 0.0018502054884116334 0.00256037992463881
296 2368 1.0389207639737343 0.00247651285364666 3.90655827491711e-05 3.90655827491711e-05 6.532956777307164e-05 0.0018009704343569803 0.00247651285364666
297 2376 1.2298610045793115 0.0030002133139739808 3.7695552986013585e-05 3.7695552986013585e-05 6.272248763934058e-05 0.0017583469453050114 0.0030002133139739808
298 2384 1.4014580448652574 0.003625174976204866 3.512493115567671e-05 3.512493115567671e-05 5.8168795978432475e-05 0.0016502613934102467 0.003625174976204866
299 2392 1.701118481196039 0.003296899941642708 3.47188267504168e-05 3.47188267504168e-05 5.9348842452941685e-05 0.001695032684390731 0.003296899941642708
300 2400 2.181854188525658 0.003096396816231182 3.6373232609108237e-05 3.6373232609108237e-05 6.094939403782112e-05 0.0018025036376663874 0.003096396816231182
301 2408 2.5619166902994754 0.0030660643297704473 3.3657392056705283e-05 3.3657392056705283e-05 6.105685958114798e-05 0.0020078937760837304 0.0030660643297704473
302 2416 2.561284811558563 0.002937934112354216 3.304878598458462e-05 3.304878598458462e-05 6.791562235848517e-05 0.001866236071714111 0.002937934112354216
303 2424 2.392627740603864 0.0027645632547269173 3.4746820380641074e-05 3.4746820380641074e-05 6.674193607241244e-05 0.001544028593345652 0.0027645632547269173
304 2432 2.2295243436118777 0.0024930202506273594 3.514302943704138e-05 3.514302943704138e-05 6.566067827883877e-05 0.001487441123916183 0.0024930202506273594
305 2440 2.1633306164161232 0.002437733709789004 3.178949083901333e-05 3.178949083901333e-05 6.532574287999858e-05 0.0013989751886205916 0.002437733709789004
306 2448 1.9858382700960164 0.0023481444101166597 3.0267228538183532e-05 3.0267228538183532e-05 6.27219505523327e-05 0.0014009749177836118 0.0023481444101166597
307 2456 1.6964988015548448 0.00209113717781231 2.9882841469826875e-05 2.9882841469826875e-05 6.174824870080281e-05 0.0013083562797060987 0.00209113717781231
308 2464 1.559066201235579 0.0019267141462801928 2.9953822680112587e-05 2.9953822680112587e-05 6.048846949991815e-05 0.0011741504377010296 0.0019267141462801928
309 2472 1.5355713381069698 0.0017884954839257159 2.8064165866629856e-05 2.8064165866629856e-05 6.331519452631003e-05 0.0011094090602624636 0.0017884954839257159
310 2480 1.4288639888968941 0.001780919162507407 2.822638439085447e-05 2.822638439085447e-05 6.103640708126399e-05 0.0009972687152771066 0.001780919162507407
311 2488 1.6219085195495722 0.0017353434794101614 2.429239043599388e-05 2.429239043599388e-05 6.164032871991557e-05 0.0009791803017960988 0.0017353434794101614
312 2496 1.8324518842166968 0.0017435202751400647 2.5196199299233716e-05 2.5196199299233716e-05 5.796522660949479e-05 0.0010294200945893436 0.0017435202751400647
313 2504 1.8903298604037548 0.0017275557311595083 2.62182285622622e-05 2.62182285622622e-05 5.612015187918392e-05 0.0009851667416257142 0.0017275557311595083
314 2512 2.1042023184969567 0.0017914027276894682 2.5318869467203622e-05 2.5318869467203622e-05 5.205392239134623e-05 0.0008753426231046304 0.0017914027276894682
315 2520 1.7166974052568655 0.001945131075804843 2.3765743846032228e-05 2.3765743846032228e-05 5.741332687966658e-05 0.0007912746820358935 0.001945131075804843
316 2528 1.6649298615681543 0.001811164360468173 2.3246883642874886e-05 2.3246883642874886e-05 5.4193889566776565e-05 0.0007298455328788283 0.001811164360468173
317 2536 1.6236246837062958 0.001611099714640969 2.544767779841885e-05 2.544767779841885e-05 5.2270172349051086e-05 0.0006811457092518236 0.001611099714640969
318 2544 1.6950780170820088 0.0016259162678826883 2.6092390786667613e-05 2.6092390786667613e-05 4.474537524560004e-05 0.0006726773939203805 0.0016259162678826883
319 2552 1.9093258878075086 0.001610397051412367 2.7063236123627122e-05 2.7063236123627122e-05 4.300052704891997e-05 0.0006421324020326242 0.001610397051412367
320 2560 2.270962490672592 0.0016775691039760295 2.7396013640370778e-05 2.7396013640370778e-05 3.928544903367587e-05 0.0006117448918019347 0.0016775691039760295
321 2568 2.7510483045064156 0.0016744617732409154 2.9844038085482716e-05 2.9844038085482716e-05 3.6159034671621955e-05 0.0006053294808600346 0.0016744617732409154
322 2576 3.084246777182281 0.0015153062562640162 3.0268853900162796e-05 3.0268853900162796e-05 3.7938960515713544e-05 0.0006325470585189165 0.0015153062562640162
323 2584 3.7191093098547516 0.0015154993330298446 2.9282681628501555e-05 2.9282681628501555e-05 4.093041213107524e-05 0.0005494336643910525 0.0015154993330298446
324 2592 2.97369858115716 0.0015810288254701358 3.420943443897447e-05 3.420943443897447e-05 3.509378531199264e-05 0.0005421766029150413 0.0015810288254701358
325 2600 2.9053728883753793 0.0013504566932510086 3.4094434715035205e-05 3.4094434715035205e-05 3.4682809092605865e-05 0.0005070307862551655 0.0013504566932510086
326 2608 3.2159655010873074 0.0013698559827490919 2.9314146302641203e-05 2.9314146302641203e-05 3.384930558271737e-05 0.0005096093275941376 0.0013698559827490919
327 2616 3.452842407569337 0.0013731550589654899 3.0059705783082163e-05 3.0059705783082163e-05 3.397806580332999e-05 0.0004894482445615315 0.0013731550589654899
328 2624 2.9051326612261428 0.0014005941537445538 3.2839285403726574e-05 3.2839285403726574e-05 3.3568408924233675e-05 0.0004311502275921773 0.0014005941537445538
329 2632 2.847810667765661 0.0012190332761813241 2.944644778947918e-05 2.944644778947918e-05 3.40518282896876e-05 0.00042546326620681457 0.0012190332761813241
330 2640 3.277433386335064 0.0011347428704107548 2.99935850265099e-05 2.99935850265099e-05 3.44210212614543e-05 0.00039219543596048605 0.0011347428704107548
331 2648 3.493028573111756 0.001303842942701664 2.9325675554630124e-05 2.9325675554630124e-05 3.3454857605015264e-05 0.0003835882538941448 0.001303842942701664
332 2656 2.919610442225228 0.0012936953879698634 2.9196752467587554e-05 2.9196752467587554e-05 3.3231032204774974e-05 0.00035976853961241487 0.0012936953879698634
333 2664 2.622283833161467 0.0012423958807612132 2.640806093361598e-05 2.640806093361598e-05 3.249615901102449e-05 0.00034199880402095 0.0012423958807612132
334 2672 3.3773810284770827 0.0011738069743363567 2.4264675072459006e-05 2.4264675072459006e-05 3.0760093650890574e-05 0.0003637903605174837 0.0011738069743363567
335 2680 4.008320295462155 0.0012885366921447782 2.3646606959409193e-05 2.3646606959409193e-05 2.9726145925524166e-05 0.00036772072298995077 0.0012885366921447782
336 2688 3.762660611752573 0.001241415360943321 2.379552524124929e-05 2.379552524124929e-05 3.0236576042080115e-05 0.0003469041970349197 0.001241415360943321
337 2696 3.951050837240863 0.0011824128605715902 2.0884779684543577e-05 2.0884779684543577e-05 2.9609051041670928e-05 0.0003488917406865325 0.0011824128605715902
338 2704 4.474252094894026 0.0011745206828885435 1.8260639768717215e-05 1.8260639768717215e-05 3.045646353378823e-05 0.00034489199157806917 0.0011745206828885435
339 2712 6.047800626461873 0.0012390183056965487 1.6352733914119045e-05 1.6352733914119045e-05 2.9872333122754026e-05 0.00035453351598829796 0.0012390183056965487
340 2720 5.7068469751028355 0.0011775508159562944 1.9206513565943717e-05 1.9206513565943717e-05 2.8116094042409636e-05 0.0003562244038747228 0.0011775508159562944
341 2728 5.012086651364425 0.001160758712391914 1.795115432169069e-05 1.795115432169069e-05 2.7028396156188897e-05 0.0003423434702936006 0.001160758712391914
342 2736 4.57348074935809 0.001106429317235621 1.7314285009309865e-05 1.7314285009309865e-05 2.5378342871756933e-05 0.0003138295602538432 0.001106429317235621
343 2744 4.430539702032119 0.0010927125718615943 1.6819479700383704e-05 1.6819479700383704e-05 2.4920948365884327e-05 0.0002780821673651119 0.0010927125718615943
344 2752 4.644378548290994 0.001060527009979488 1.7170764258027106e-05 1.7170764258027106e-05 2.2401275814773467e-05 0.0002722192741171727 0.001060527009979488
345 2760 7.206880265687564 0.0009969864559574656 1.8516820020683792e-05 1.8516820020683792e-05 2.2630628879801846e-05 0.0002616171262216741 0.0009969864559574656
346 2768 10.492706174440237 0.001063148181196969 1.949991130833002e-05 1.949991130833002e-05 2.159269174755701e-05 0.0002725299460303744 0.001063148181196969
347 2776 10.707539676945357 0.0009938689901016614 1.9461227782399586e-05 1.9461227782399586e-05 2.217349513535333e-05 0.00026704219976806537 0.0009938689901016614
348 2784 9.682238961026957 0.0009495936066429511 1.736771039542702e-05 1.736771039542702e-05 2.2177765705967552e-05 0.0002608400566613687 0.0009495936066429511
349 2792 13.435827416364297 0.0008322294568181215 1.685477043323127e-05 1.685477043323127e-05 2.0433623790630212e-05 0.0002566349375937127 0.0008322294568181215
350 2800 15.450602385256516 0.0008563020525247758 1.805146216412145e-05 1.805146216412145e-05 2.040530012802236e-05 0.0002539720900571815 0.0008563020525247758
351 2808 16.896340871519058 0.0006918950185141342 1.7855608206748746e-05 1.7855608206748746e-05 2.0491325576040012e-05 0.00026060605870519357 0.0006918950185141342
352 2816 14.78466839715704 0.0006442668182448301 1.8261863789393806e-05 1.8261863789393806e-05 1.908993844250807e-05 0.0002734023752646127 0.0006442668182448301
353 2824 12.824815140372055 0.0005901323453617428 1.6693556477307838e-05 1.6693556477307838e-05 1.9118230725404672e-05 0.00026780526345202113 0.0005901323453617428
354 2832 12.969381773123297 0.0004842155616020577 1.591100484969681e-05 1.591100484969681e-05 1.9241389852838367e-05 0.0002731297277067152 0.0004842155616020577
355 2840 11.885288651278524 0.0004060707659247993 1.601065850826581e-05 1.601065850826581e-05 2.0613548638048858e-05 0.0002719583772063365 0.0004060707659247993
356 2848 14.968522800840015 0.0004076044798683415 1.3739154289443826e-05 1.3739154289443826e-05 2.1199764125211115e-05 0.00024989525831140897 0.0004076044798683415
357 2856 20.214049861695553 0.0004550257620426662 1.580319473933126e-05 1.580319473933126e-05 1.9787268815417648e-05 0.0002439078790273403 0.0004550257620426662
358 2864 18.99119354317314 0.0004757160823052632 1.6267760731127626e-05 1.6267760731127626e-05 1.848769706760401e-05 0.00023855311896081246 0.0004757160823052632
359 2872 17.82392111227806 0.0004321010364394512 1.5567205304222314e-05 1.5567205304222314e-05 1.7649709088418804e-05 0.00023125528617003548 0.0004321010364394512
360 2880 14.942601370611843 0.000428102432557258 1.4843496594245338e-05 1.4843496594245338e-05 1.683943415241191e-05 0.00022835515188313947 0.000428102432557258
361 2888 14.108728391004568 0.0004080192328837688 1.4062183556369301e-05 1.4062183556369301e-05 1.7226151154317298e-05 0.00020272114894112354 0.0004080192328837688
362 2896 14.729951317736257 0.00042867857640658543 1.2637894070078634e-05 1.2637894070078634e-05 1.6292877154872465e-05 0.00019357232023659894 0.00042867857640658543
363 2904 14.671847117324248 0.00043487427889417275 1.2528008087587992e-05 1.2528008087587992e-05 1.4225215205486137e-05 0.00020235524559014767 0.00043487427889417275
364 2912 13.871463876390056 0.00039574916631607775 1.2200003818439539e-05 1.2200003818439539e-05 1.6391762007664954e-05 0.00019626000026876106 0.00039574916631607775
365 2920 16.144546565846394 0.0004043928346220343 1.1221718913866707e-05 1.1221718913866707e-05 1.5671564359955754e-05 0.00017895659664244452 0.0004043928346220343
366 2928 20.1022373121941 0.00042683677150012425 1.1010012105448244e-05 1.1010012105448244e-05 1.6587263031804737e-05 0.00016773677110577012 0.00042683677150012425
367 2936 21.293538405191992 0.0004515452634440797 1.125623413118089e-05 1.125623413118089e-05 1.3313424452702858e-05 0.00020337027573109326 0.0004515452634440797
368 2944 20.03435984974385 0.0004342728240107167 1.0751086071636644e-05 1.0751086071636644e-05 1.3284659870347422e-05 0.00020212225019059402 0.0004342728240107167
369 2952 20.217414569858732 0.0004552796738565692 9.851728328538623e-06 9.851728328538623e-06 1.3172571263492997e-05 0.00017423118413079726 0.0004552796738565692
370 2960 21.645594691217596 0.00043154323912873504 9.80661652956752e-06 9.80661652956752e-06 1.2676891687979463e-05 0.00018454431265722685 0.00043154323912873504
371 2968 18.800710602503173 0.00046895564062088827 9.825132942273236e-06 9.825132942273236e-06 1.2145281542965273e-05 0.00016892213864193358 0.00046895564062088827
372 2976 18.46614011514262 0.0004240610050988939 9.487647064891898e-06 9.487647064891898e-06 1.1319787724421078e-05 0.00016821598056516573 0.0004240610050988939
373 2984 16.075732480688234 0.00042680775249428945 9.626134240384429e-06 9.626134240384429e-06 1.1192614726243667e-05 0.00014164601795018308 0.00042680775249428945
374 2992 13.333309198866688 0.000400203472454527 8.993170343023405e-06 8.993170343023405e-06 1.0606500826984847e-05 0.0001444541409588649 0.000400203472454527
375 3000 10.45156619499096 0.0003764629950497488 8.088735022562811e-06 8.088735022562811e-06 1.0157039714099742e-05 0.00014173731782330702 0.0003764629950497488
376 3008 9.794525780880772 0.00033740347617374584 7.929833223119807e-06 7.929833223119807e-06 9.73205907661124e-06 0.00013425478963225806 0.00033740347617374584
377 3016 8.671890930174554 0.00031794927437065005 7.280102120282147e-06 7.280102120282147e-06 9.853848179042026e-06 0.0001339200837088832 0.00031794927437065005
378 3024 7.927673864017464 0.00031926046459066973 6.642856581288023e-06 6.642856581288023e-06 9.289480064509978e-06 0.00012625225967213436 0.00031926046459066973
379 3032 7.63031191165501 0.00026306753087168783 6.641019520566964e-06 6.641019520566964e-06 9.350310417254454e-06 0.00012635210347121433 0.00026306753087168783
380 3040 7.59797336457369 0.000278084446005879 5.7319622748309805e-06 5.7319622748309805e-06 9.4998088270429e-06 0.0001234911014729523 0.000278084446005879
381 3048 6.280104173052561 0.00027697999692714333 5.904218325722475e-06 5.904218325722475e-06 9.383149777841547e-06 0.00011221007195425799 0.00027697999692714333
382 3056 5.282769201562563 0.0002678749872429771 4.913995814074097e-06 4.913995814074097e-06 9.106519014714999e-06 0.0001139309449982381 0.0002678749872429771
383 3064 4.364603330294647 0.0002599234923086322 4.715496674741133e-06 4.715496674741133e-06 8.81904141991218e-06 9.67586941477431e-05 0.0002599234923086322
384 3072 3.4841730447729438 0.0002518260363891072 4.50165208852445e-06 4.50165208852445e-06 7.91219142764296e-06 9.336073938576629e-05 0.0002518260363891072
385 3080 3.1436247150933943 0.00020474199913950687 4.483609694761232e-06 4.483609694761232e-06 7.663254716421379e-06 9.059086362073838e-05 0.00020474199913950687
386 3088 2.6970314311879733 0.00020176002386124907 4.048867731549011e-06 4.048867731549011e-06 7.312879169438014e-06 8.923789256881913e-05 0.00020176002386124907
387 3096 2.6417955931199555 0.00019764279778831012 3.5179635170994338e-06 3.5179635170994338e-06 7.42905857425501e-06 8.451634473980889e-05 0.00019764279778831012
388 3104 2.2845177888567534 0.00019707887442380417 3.4846391863144933e-06 3.4846391863144933e-06 6.549375266757448e-06 8.654105564605628e-05 0.00019707887442380417
389 3112 2.1518588521320523 0.00019362412594235853 3.432295114500561e-06 3.432295114500561e-06 5.537444758775817e-06 8.520560229588628e-05 0.00019362412594235853
390 3120 2.2900723006007713 0.00018329905027699336 3.5197698069100557e-06 3.5197698069100557e-06 5.296881226585326e-06 7.968587778434431e-05 0.00018329905027699336
391 3128 2.6023223861249636 0.0001899241160773941 3.3405793605570478e-06 3.3405793605570478e-06 5.334999289810769e-06 7.75097913169331e-05 0.0001899241160773941
392 3136 1.9655215441949359 0.00018448763469646094 3.2464501041254943e-06 3.2464501041254943e-06 5.267876730999764e-06 8.178062586610473e-05 0.00018448763469646094
393 3144 1.79075102715279 0.00018283974347345981 2.893017416536741e-06 2.893017416536741e-06 4.945381518860189e-06 7.804970948324674e-05 0.00018283974347345981
394 3152 2.066950974228046 0.00018757079059538012 2.87879764685476e-06 2.87879764685476e-06 4.486814637235757e-06 7.067159981859302e-05 0.00018757079059538012
395 3160 1.7516573703309102 0.00018795645887736962 3.144112713325625e-06 3.144112713325625e-06 4.523193842432463e-06 6.545666008927946e-05 0.00018795645887736962
396 3168 1.5514994278828702 0.00018424709560075557 2.8096465109441606e-06 2.8096465109441606e-06 4.224093692914128e-06 6.363825638803236e-05 0.00018424709560075557
397 3176 1.634338937564311 0.00016944506753432668 2.3719422329732336e-06 2.3719422329732336e-06 4.183617156125017e-06 6.69870283969997e-05 0.00016944506753432668
398 3184 1.3824322626720975 0.00018031797223625915 2.1552753833407013e-06 2.1552753833407013e-06 4.114052255317181e-06 7.069545284015796e-05 0.00018031797223625915
399 3192 1.3089028947240653 0.00016905653831292318 1.9384262772663007e-06 1.9384262772663007e-06 4.100756373414095e-06 6.999362142196817e-05 0.00016905653831292318
400 3200 1.263913475651979 0.0001649490295447275 1.892084346687132e-06 1.892084346687132e-06 3.845500905815096e-06 7.122121636789103e-05 0.0001649490295447275
401 3208 1.1983337210447698 0.0001586664137678975 1.932956507648962e-06 1.932956507648962e-06 3.543819055907504e-06 6.943488336244255e-05 0.0001586664137678975
402 3216 1.1440101029558638 0.00016386928093096976 1.8214674298562933e-06 1.8214674298562933e-06 3.2440749482601176e-06 6.524023649590816e-05 0.00016386928093096976
403 3224 1.2034089216693933 0.00016766328956192906 1.812302263253462e-06 1.812302263253462e-06 2.7250240013752177e-06 6.773534956554047e-05 0.00016766328956192906
404 3232 1.3559512518504906 0.00017894470876190686 1.7834661182825493e-06 1.7834661182825493e-06 2.3445651207879732e-06 6.976676659637023e-05 0.00017894470876190686
405 3240 1.3568059095227543 0.0001983573504695656 1.6879550996830048e-06 1.6879550996830048e-06 2.3716034118914057e-06 6.660283039774487e-05 0.0001983573504695656
405 3240 1.3568059095227543 0.0001983573504695656 1.6879550996830048e-06 1.6879550996830048e-06 2.3716034118914057e-06 6.660283039774487e-05 0.0001983573504695656
