% # columns="iteration, evaluation, min max(neg(.)) min(pos(.)) max correlation, correlation matrix principle axes lengths  (sorted square roots of eigenvalues of correlation matrix)", seed=253955, Wed Jan 20 17:40:31 2021
1 8 -0.05048257911447115 -0.01080567875033709 0.034677367586935154 0.10786756160964438 0.9403988641565472 0.980823858796328 1.0120233824450904 1.0627526559333336
2 16 -0.05048257911447115 -0.01080567875033709 0.034677367586935154 0.10786756160964438 0.9403988641565472 0.980823858796328 1.0120233824450904 1.0627526559333336
3 24 -0.05048257911447115 -0.01080567875033709 0.034677367586935154 0.10786756160964438 0.9403988641565472 0.980823858796328 1.0120233824450904 1.0627526559333336
4 32 -0.05048257911447115 -0.01080567875033709 0.034677367586935154 0.10786756160964438 0.9403988641565472 0.980823858796328 1.0120233824450904 1.0627526559333336
5 40 -0.2548889976111316 -0.20937522611876075 0.16833459725099434 0.3198946083101828 0.6866458926097964 0.9566255670270826 1.0788566473281083 1.2039324221849668
6 48 -0.2548889976111316 -0.20937522611876075 0.16833459725099434 0.3198946083101828 0.6866458926097964 0.9566255670270826 1.0788566473281083 1.2039324221849668
7 56 -0.2548889976111316 -0.20937522611876075 0.16833459725099434 0.3198946083101828 0.6866458926097964 0.9566255670270826 1.0788566473281083 1.2039324221849668
8 64 -0.2548889976111316 -0.20937522611876075 0.16833459725099434 0.3198946083101828 0.6866458926097964 0.9566255670270826 1.0788566473281083 1.2039324221849668
9 72 -0.09436718915159556 -0.07901836302284998 0.3150201603843107 0.33339281813663807 0.7001307962691351 0.9335219839696711 1.1032224832909938 1.1921634644301637
10 80 -0.09436718915159556 -0.07901836302284998 0.3150201603843107 0.33339281813663807 0.7001307962691351 0.9335219839696711 1.1032224832909938 1.1921634644301637
11 88 -0.09436718915159556 -0.07901836302284998 0.3150201603843107 0.33339281813663807 0.7001307962691351 0.9335219839696711 1.1032224832909938 1.1921634644301637
12 96 -0.09436718915159556 -0.07901836302284998 0.3150201603843107 0.33339281813663807 0.7001307962691351 0.9335219839696711 1.1032224832909938 1.1921634644301637
13 104 -0.013981169025097726 0.05108870717463655 0.17051616178341925 0.4977900778812366 0.6952048663417438 0.9662970799831001 1.0159193575194903 1.245338510625958
14 112 -0.013981169025097726 0.05108870717463655 0.17051616178341925 0.4977900778812366 0.6952048663417438 0.9662970799831001 1.0159193575194903 1.245338510625958
15 120 -0.013981169025097726 0.05108870717463655 0.17051616178341925 0.4977900778812366 0.6952048663417438 0.9662970799831001 1.0159193575194903 1.245338510625958
16 128 -0.013981169025097726 0.05108870717463655 0.17051616178341925 0.4977900778812366 0.6952048663417438 0.9662970799831001 1.0159193575194903 1.245338510625958
17 136 -0.01970746534065261 0.14953455521082903 0.18293773047472842 0.6532581297953877 0.565894341346806 0.9182631533707578 1.0346632452578424 1.3289199917623957
18 144 -0.01970746534065261 0.14953455521082903 0.18293773047472842 0.6532581297953877 0.565894341346806 0.9182631533707578 1.0346632452578424 1.3289199917623957
19 152 -0.01970746534065261 0.14953455521082903 0.18293773047472842 0.6532581297953877 0.565894341346806 0.9182631533707578 1.0346632452578424 1.3289199917623957
20 160 -0.01970746534065261 0.14953455521082903 0.18293773047472842 0.6532581297953877 0.565894341346806 0.9182631533707578 1.0346632452578424 1.3289199917623957
21 168 0.10521167732874612 0.15574479073198144 0.386999230048415 0.8168643160257022 0.39562542505983156 0.7986746061582505 1.083561843346059 1.4253045738257777
22 176 0.10521167732874612 0.15574479073198144 0.386999230048415 0.8168643160257022 0.39562542505983156 0.7986746061582505 1.083561843346059 1.4253045738257777
23 184 0.10521167732874612 0.15574479073198144 0.386999230048415 0.8168643160257022 0.39562542505983156 0.7986746061582505 1.083561843346059 1.4253045738257777
24 192 0.10521167732874612 0.15574479073198144 0.386999230048415 0.8168643160257022 0.39562542505983156 0.7986746061582505 1.083561843346059 1.4253045738257777
25 200 0.08540582391696101 0.16825523223228478 0.47794126145791765 0.8981876688080955 0.3129111914130155 0.7197137587013517 1.139073506721715 1.4445103800627934
26 208 0.08540582391696101 0.16825523223228478 0.47794126145791765 0.8981876688080955 0.3129111914130155 0.7197137587013517 1.139073506721715 1.4445103800627934
27 216 0.08540582391696101 0.16825523223228478 0.47794126145791765 0.8981876688080955 0.3129111914130155 0.7197137587013517 1.139073506721715 1.4445103800627934
28 224 0.08540582391696101 0.16825523223228478 0.47794126145791765 0.8981876688080955 0.3129111914130155 0.7197137587013517 1.139073506721715 1.4445103800627934
29 232 0.24183583865401886 0.29253549475209345 0.6872490429284309 0.8869004562649501 0.3325520851077735 0.5577964139513668 1.086530984578815 1.5484581656679202
30 240 0.24183583865401886 0.29253549475209345 0.6872490429284309 0.8869004562649501 0.3325520851077735 0.5577964139513668 1.086530984578815 1.5484581656679202
31 248 0.24183583865401886 0.29253549475209345 0.6872490429284309 0.8869004562649501 0.3325520851077735 0.5577964139513668 1.086530984578815 1.5484581656679202
32 256 0.24183583865401886 0.29253549475209345 0.6872490429284309 0.8869004562649501 0.3325520851077735 0.5577964139513668 1.086530984578815 1.5484581656679202
33 264 0.3122417599120925 0.35772631276211053 0.8579381811056267 0.8773937748357354 0.3393945733719573 0.38109310433433585 1.063557154819835 1.6150620879167537
34 272 0.3122417599120925 0.35772631276211053 0.8579381811056267 0.8773937748357354 0.3393945733719573 0.38109310433433585 1.063557154819835 1.6150620879167537
35 280 0.3122417599120925 0.35772631276211053 0.8579381811056267 0.8773937748357354 0.3393945733719573 0.38109310433433585 1.063557154819835 1.6150620879167537
36 288 0.3122417599120925 0.35772631276211053 0.8579381811056267 0.8773937748357354 0.3393945733719573 0.38109310433433585 1.063557154819835 1.6150620879167537
37 296 0.6765584973034122 0.7518966054356109 0.8498933152677824 0.93769996927053 0.2270005561125704 0.355778384695726 0.6194230525281814 1.8542404295302575
38 304 0.6765584973034122 0.7518966054356109 0.8498933152677824 0.93769996927053 0.2270005561125704 0.355778384695726 0.6194230525281814 1.8542404295302575
39 312 0.6765584973034122 0.7518966054356109 0.8498933152677824 0.93769996927053 0.2270005561125704 0.355778384695726 0.6194230525281814 1.8542404295302575
40 320 0.6765584973034122 0.7518966054356109 0.8498933152677824 0.93769996927053 0.2270005561125704 0.355778384695726 0.6194230525281814 1.8542404295302575
41 328 0.7864524123856905 0.8516785481961185 0.9240234209126167 0.9508939864202537 0.19265887361720543 0.27434639480886297 0.5133110927686783 1.9037143525520197
42 336 0.7864524123856905 0.8516785481961185 0.9240234209126167 0.9508939864202537 0.19265887361720543 0.27434639480886297 0.5133110927686783 1.9037143525520197
43 344 0.7864524123856905 0.8516785481961185 0.9240234209126167 0.9508939864202537 0.19265887361720543 0.27434639480886297 0.5133110927686783 1.9037143525520197
44 352 0.7864524123856905 0.8516785481961185 0.9240234209126167 0.9508939864202537 0.19265887361720543 0.27434639480886297 0.5133110927686783 1.9037143525520197
45 360 0.8917439305815045 0.9170187786016444 0.961309864227758 0.9741609226428067 0.13331669362330484 0.20462528684848968 0.37017888729188864 1.9502109482276175
46 368 0.8917439305815045 0.9170187786016444 0.961309864227758 0.9741609226428067 0.13331669362330484 0.20462528684848968 0.37017888729188864 1.9502109482276175
47 376 0.8917439305815045 0.9170187786016444 0.961309864227758 0.9741609226428067 0.13331669362330484 0.20462528684848968 0.37017888729188864 1.9502109482276175
48 384 0.8917439305815045 0.9170187786016444 0.961309864227758 0.9741609226428067 0.13331669362330484 0.20462528684848968 0.37017888729188864 1.9502109482276175
49 392 0.8853067230775422 0.9127695610175601 0.9748324210726503 0.9831826095665825 0.1141407513746318 0.1556868093107758 0.39818468562818704 1.9504313529097728
50 400 0.8853067230775422 0.9127695610175601 0.9748324210726503 0.9831826095665825 0.1141407513746318 0.1556868093107758 0.39818468562818704 1.9504313529097728
51 408 0.8853067230775422 0.9127695610175601 0.9748324210726503 0.9831826095665825 0.1141407513746318 0.1556868093107758 0.39818468562818704 1.9504313529097728
52 416 0.8853067230775422 0.9127695610175601 0.9748324210726503 0.9831826095665825 0.1141407513746318 0.1556868093107758 0.39818468562818704 1.9504313529097728
53 424 0.9310623197937575 0.9329847304933454 0.9875206344041526 0.9884431136629056 0.09898279546411572 0.11425700278485998 0.3317841145200505 1.9664859635575525
54 432 0.9310623197937575 0.9329847304933454 0.9875206344041526 0.9884431136629056 0.09898279546411572 0.11425700278485998 0.3317841145200505 1.9664859635575525
55 440 0.9310623197937575 0.9329847304933454 0.9875206344041526 0.9884431136629056 0.09898279546411572 0.11425700278485998 0.3317841145200505 1.9664859635575525
56 448 0.9310623197937575 0.9329847304933454 0.9875206344041526 0.9884431136629056 0.09898279546411572 0.11425700278485998 0.3317841145200505 1.9664859635575525
57 456 0.9571079858472431 0.9578893658256156 0.991043352982091 0.994083011277319 0.07658944199814866 0.08630250840752379 0.25666365252545875 1.980103457875187
58 464 0.9571079858472431 0.9578893658256156 0.991043352982091 0.994083011277319 0.07658944199814866 0.08630250840752379 0.25666365252545875 1.980103457875187
59 472 0.9571079858472431 0.9578893658256156 0.991043352982091 0.994083011277319 0.07658944199814866 0.08630250840752379 0.25666365252545875 1.980103457875187
60 480 0.9571079858472431 0.9578893658256156 0.991043352982091 0.994083011277319 0.07658944199814866 0.08630250840752379 0.25666365252545875 1.980103457875187
61 488 0.972705253675068 0.9763033864891824 0.9946478721024871 0.9980929891113914 0.041337051949965876 0.07150544365067617 0.20698932521700794 1.9875446256400418
62 496 0.972705253675068 0.9763033864891824 0.9946478721024871 0.9980929891113914 0.041337051949965876 0.07150544365067617 0.20698932521700794 1.9875446256400418
63 504 0.972705253675068 0.9763033864891824 0.9946478721024871 0.9980929891113914 0.041337051949965876 0.07150544365067617 0.20698932521700794 1.9875446256400418
64 512 0.972705253675068 0.9763033864891824 0.9946478721024871 0.9980929891113914 0.041337051949965876 0.07150544365067617 0.20698932521700794 1.9875446256400418
65 520 0.974128280167206 0.974181602636636 0.9921949630289634 0.9985501206129811 0.034030984840141894 0.08834710490895724 0.2061224379069769 1.9870959266518313
66 528 0.974128280167206 0.974181602636636 0.9921949630289634 0.9985501206129811 0.034030984840141894 0.08834710490895724 0.2061224379069769 1.9870959266518313
67 536 0.974128280167206 0.974181602636636 0.9921949630289634 0.9985501206129811 0.034030984840141894 0.08834710490895724 0.2061224379069769 1.9870959266518313
68 544 0.974128280167206 0.974181602636636 0.9921949630289634 0.9985501206129811 0.034030984840141894 0.08834710490895724 0.2061224379069769 1.9870959266518313
69 552 0.9719106330381779 0.9772077618381076 0.9910648635824646 0.998631081698911 0.03190190159917238 0.09188602380598745 0.20229622033868003 1.9873639491900235
70 560 0.9719106330381779 0.9772077618381076 0.9910648635824646 0.998631081698911 0.03190190159917238 0.09188602380598745 0.20229622033868003 1.9873639491900235
71 568 0.9719106330381779 0.9772077618381076 0.9910648635824646 0.998631081698911 0.03190190159917238 0.09188602380598745 0.20229622033868003 1.9873639491900235
72 576 0.9719106330381779 0.9772077618381076 0.9910648635824646 0.998631081698911 0.03190190159917238 0.09188602380598745 0.20229622033868003 1.9873639491900235
73 584 0.981809006921978 0.982805115749882 0.9931784049606548 0.9992394076310922 0.02716913238842693 0.07723109964402555 0.1632129969296668 1.9916472361154398
74 592 0.981809006921978 0.982805115749882 0.9931784049606548 0.9992394076310922 0.02716913238842693 0.07723109964402555 0.1632129969296668 1.9916472361154398
75 600 0.981809006921978 0.982805115749882 0.9931784049606548 0.9992394076310922 0.02716913238842693 0.07723109964402555 0.1632129969296668 1.9916472361154398
76 608 0.981809006921978 0.982805115749882 0.9931784049606548 0.9992394076310922 0.02716913238842693 0.07723109964402555 0.1632129969296668 1.9916472361154398
77 616 0.9806730866186496 0.9830409461506606 0.9919915171322524 0.999310986133602 0.023901298565894676 0.0876353738258972 0.16845484380988576 1.9908218741962442
78 624 0.9806730866186496 0.9830409461506606 0.9919915171322524 0.999310986133602 0.023901298565894676 0.0876353738258972 0.16845484380988576 1.9908218741962442
79 632 0.9806730866186496 0.9830409461506606 0.9919915171322524 0.999310986133602 0.023901298565894676 0.0876353738258972 0.16845484380988576 1.9908218741962442
80 640 0.9806730866186496 0.9830409461506606 0.9919915171322524 0.999310986133602 0.023901298565894676 0.0876353738258972 0.16845484380988576 1.9908218741962442
81 648 0.9777874044336115 0.9799681531804945 0.993689237182618 0.9993778054443203 0.02349470994994146 0.07922919693843412 0.19224413215951908 1.9890231086156576
82 656 0.9777874044336115 0.9799681531804945 0.993689237182618 0.9993778054443203 0.02349470994994146 0.07922919693843412 0.19224413215951908 1.9890231086156576
83 664 0.9777874044336115 0.9799681531804945 0.993689237182618 0.9993778054443203 0.02349470994994146 0.07922919693843412 0.19224413215951908 1.9890231086156576
84 672 0.9777874044336115 0.9799681531804945 0.993689237182618 0.9993778054443203 0.02349470994994146 0.07922919693843412 0.19224413215951908 1.9890231086156576
85 680 0.9775096576812345 0.978676886183993 0.9935034310495443 0.9996854245259352 0.0168860219285654 0.08047820289119989 0.19737195456622988 1.988537762445948
86 688 0.9775096576812345 0.978676886183993 0.9935034310495443 0.9996854245259352 0.0168860219285654 0.08047820289119989 0.19737195456622988 1.988537762445948
87 696 0.9775096576812345 0.978676886183993 0.9935034310495443 0.9996854245259352 0.0168860219285654 0.08047820289119989 0.19737195456622988 1.988537762445948
88 704 0.9775096576812345 0.978676886183993 0.9935034310495443 0.9996854245259352 0.0168860219285654 0.08047820289119989 0.19737195456622988 1.988537762445948
89 712 0.9868041850847071 0.9878922520161639 0.996061025511403 0.9998583186595589 0.009903368895965256 0.06248966766642446 0.1483676983913394 1.9934853876548755
90 720 0.9868041850847071 0.9878922520161639 0.996061025511403 0.9998583186595589 0.009903368895965256 0.06248966766642446 0.1483676983913394 1.9934853876548755
91 728 0.9868041850847071 0.9878922520161639 0.996061025511403 0.9998583186595589 0.009903368895965256 0.06248966766642446 0.1483676983913394 1.9934853876548755
92 736 0.9868041850847071 0.9878922520161639 0.996061025511403 0.9998583186595589 0.009903368895965256 0.06248966766642446 0.1483676983913394 1.9934853876548755
93 744 0.9778266645273017 0.979665857216544 0.9932537255992557 0.9998512655921983 0.007173769603244636 0.08199250701821562 0.19164750112460896 1.9890945178988455
94 752 0.9778266645273017 0.979665857216544 0.9932537255992557 0.9998512655921983 0.007173769603244636 0.08199250701821562 0.19164750112460896 1.9890945178988455
95 760 0.9778266645273017 0.979665857216544 0.9932537255992557 0.9998512655921983 0.007173769603244636 0.08199250701821562 0.19164750112460896 1.9890945178988455
96 768 0.9778266645273017 0.979665857216544 0.9932537255992557 0.9998512655921983 0.007173769603244636 0.08199250701821562 0.19164750112460896 1.9890945178988455
97 776 0.986576638979405 0.9877961924707692 0.9890062729233025 0.9999282249894301 0.0064421271878414895 0.10442136383315431 0.13767089751834444 1.9925113303941369
98 784 0.986576638979405 0.9877961924707692 0.9890062729233025 0.9999282249894301 0.0064421271878414895 0.10442136383315431 0.13767089751834444 1.9925113303941369
99 792 0.986576638979405 0.9877961924707692 0.9890062729233025 0.9999282249894301 0.0064421271878414895 0.10442136383315431 0.13767089751834444 1.9925113303941369
100 800 0.986576638979405 0.9877961924707692 0.9890062729233025 0.9999282249894301 0.0064421271878414895 0.10442136383315431 0.13767089751834444 1.9925113303941369
101 808 0.9868084422046666 0.9871325185938286 0.9930983335051184 0.9999231237287641 0.008182534965227436 0.0801267544062123 0.13977519961117071 1.9934832938661733
102 816 0.9868084422046666 0.9871325185938286 0.9930983335051184 0.9999231237287641 0.008182534965227436 0.0801267544062123 0.13977519961117071 1.9934832938661733
103 824 0.9868084422046666 0.9871325185938286 0.9930983335051184 0.9999231237287641 0.008182534965227436 0.0801267544062123 0.13977519961117071 1.9934832938661733
104 832 0.9868084422046666 0.9871325185938286 0.9930983335051184 0.9999231237287641 0.008182534965227436 0.0801267544062123 0.13977519961117071 1.9934832938661733
105 840 0.9811446268103257 0.9814698838556204 0.9937591895540201 0.9999404592401896 0.0076020159030119674 0.07545877608720046 0.17239878423445565 1.991111961106184
106 848 0.9811446268103257 0.9814698838556204 0.9937591895540201 0.9999404592401896 0.0076020159030119674 0.07545877608720046 0.17239878423445565 1.991111961106184
107 856 0.9811446268103257 0.9814698838556204 0.9937591895540201 0.9999404592401896 0.0076020159030119674 0.07545877608720046 0.17239878423445565 1.991111961106184
108 864 0.9811446268103257 0.9814698838556204 0.9937591895540201 0.9999404592401896 0.0076020159030119674 0.07545877608720046 0.17239878423445565 1.991111961106184
109 872 0.9810677161379848 0.9811804797991939 0.9926056504811934 0.9999388256247773 0.0077428477768826266 0.08101193531668215 0.1699375955988803 1.9911048009199872
110 880 0.9810677161379848 0.9811804797991939 0.9926056504811934 0.9999388256247773 0.0077428477768826266 0.08101193531668215 0.1699375955988803 1.9911048009199872
111 888 0.9810677161379848 0.9811804797991939 0.9926056504811934 0.9999388256247773 0.0077428477768826266 0.08101193531668215 0.1699375955988803 1.9911048009199872
112 896 0.9810677161379848 0.9811804797991939 0.9926056504811934 0.9999388256247773 0.0077428477768826266 0.08101193531668215 0.1699375955988803 1.9911048009199872
113 904 0.980835234896614 0.9812037740288571 0.9918627484456816 0.9999507272707799 0.006356559692551737 0.08255241461450383 0.167168098770806 1.9912808741469754
114 912 0.980835234896614 0.9812037740288571 0.9918627484456816 0.9999507272707799 0.006356559692551737 0.08255241461450383 0.167168098770806 1.9912808741469754
115 920 0.980835234896614 0.9812037740288571 0.9918627484456816 0.9999507272707799 0.006356559692551737 0.08255241461450383 0.167168098770806 1.9912808741469754
116 928 0.980835234896614 0.9812037740288571 0.9918627484456816 0.9999507272707799 0.006356559692551737 0.08255241461450383 0.167168098770806 1.9912808741469754
117 936 0.9642999300365463 0.9648383035019741 0.9910177684188564 0.999944744198458 0.0071013909671651535 0.09212027716615673 0.24445767674585606 1.98285245771368
118 944 0.9642999300365463 0.9648383035019741 0.9910177684188564 0.999944744198458 0.0071013909671651535 0.09212027716615673 0.24445767674585606 1.98285245771368
119 952 0.9642999300365463 0.9648383035019741 0.9910177684188564 0.999944744198458 0.0071013909671651535 0.09212027716615673 0.24445767674585606 1.98285245771368
120 960 0.9642999300365463 0.9648383035019741 0.9910177684188564 0.999944744198458 0.0071013909671651535 0.09212027716615673 0.24445767674585606 1.98285245771368
121 968 0.9583181091541831 0.9601915863234702 0.985788201596459 0.9999357744285234 0.006403313234356961 0.11743692617434418 0.26085087118716344 1.9794252673317174
122 976 0.9583181091541831 0.9601915863234702 0.985788201596459 0.9999357744285234 0.006403313234356961 0.11743692617434418 0.26085087118716344 1.9794252673317174
123 984 0.9583181091541831 0.9601915863234702 0.985788201596459 0.9999357744285234 0.006403313234356961 0.11743692617434418 0.26085087118716344 1.9794252673317174
124 992 0.9583181091541831 0.9601915863234702 0.985788201596459 0.9999357744285234 0.006403313234356961 0.11743692617434418 0.26085087118716344 1.9794252673317174
125 1000 0.9546488626802927 0.9563441981644285 0.9836234887692916 0.9999482541561797 0.005913915819141981 0.12070647080202658 0.2624217995183429 1.9790224285347955
126 1008 0.9546488626802927 0.9563441981644285 0.9836234887692916 0.9999482541561797 0.005913915819141981 0.12070647080202658 0.2624217995183429 1.9790224285347955
127 1016 0.9546488626802927 0.9563441981644285 0.9836234887692916 0.9999482541561797 0.005913915819141981 0.12070647080202658 0.2624217995183429 1.9790224285347955
128 1024 0.9546488626802927 0.9563441981644285 0.9836234887692916 0.9999482541561797 0.005913915819141981 0.12070647080202658 0.2624217995183429 1.9790224285347955
129 1032 0.9562982927105048 0.9569844262261318 0.9745833556961835 0.9999624389586211 0.005797066015055511 0.15711054026078286 0.24345409189873884 1.9788918053552955
130 1040 0.9562982927105048 0.9569844262261318 0.9745833556961835 0.9999624389586211 0.005797066015055511 0.15711054026078286 0.24345409189873884 1.9788918053552955
131 1048 0.9562982927105048 0.9569844262261318 0.9745833556961835 0.9999624389586211 0.005797066015055511 0.15711054026078286 0.24345409189873884 1.9788918053552955
132 1056 0.9562982927105048 0.9569844262261318 0.9745833556961835 0.9999624389586211 0.005797066015055511 0.15711054026078286 0.24345409189873884 1.9788918053552955
133 1064 0.9689226215627951 0.9697962384566654 0.9757336095804077 0.9999431174752589 0.0071085817914398036 0.15404073237684326 0.21191249764369186 1.9827541486972442
134 1072 0.9689226215627951 0.9697962384566654 0.9757336095804077 0.9999431174752589 0.0071085817914398036 0.15404073237684326 0.21191249764369186 1.9827541486972442
135 1080 0.9689226215627951 0.9697962384566654 0.9757336095804077 0.9999431174752589 0.0071085817914398036 0.15404073237684326 0.21191249764369186 1.9827541486972442
136 1088 0.9689226215627951 0.9697962384566654 0.9757336095804077 0.9999431174752589 0.0071085817914398036 0.15404073237684326 0.21191249764369186 1.9827541486972442
137 1096 0.9734302863477071 0.9743742221863048 0.9758958111341911 0.9999354407232501 0.0074744776531459976 0.1567192636410545 0.1953593720727519 1.9842424046297762
138 1104 0.9734302863477071 0.9743742221863048 0.9758958111341911 0.9999354407232501 0.0074744776531459976 0.1567192636410545 0.1953593720727519 1.9842424046297762
139 1112 0.9734302863477071 0.9743742221863048 0.9758958111341911 0.9999354407232501 0.0074744776531459976 0.1567192636410545 0.1953593720727519 1.9842424046297762
140 1120 0.9734302863477071 0.9743742221863048 0.9758958111341911 0.9999354407232501 0.0074744776531459976 0.1567192636410545 0.1953593720727519 1.9842424046297762
141 1128 0.930217158063328 0.9435201191298064 0.9604770498660323 0.9998648499926881 0.011611683390593245 0.2294484866850736 0.2789506398501302 1.967080349475834
142 1136 0.930217158063328 0.9435201191298064 0.9604770498660323 0.9998648499926881 0.011611683390593245 0.2294484866850736 0.2789506398501302 1.967080349475834
143 1144 0.930217158063328 0.9435201191298064 0.9604770498660323 0.9998648499926881 0.011611683390593245 0.2294484866850736 0.2789506398501302 1.967080349475834
144 1152 0.930217158063328 0.9435201191298064 0.9604770498660323 0.9998648499926881 0.011611683390593245 0.2294484866850736 0.2789506398501302 1.967080349475834
145 1160 0.9061437314614569 0.90724292591907 0.9487259102339012 0.9998257641813293 0.012926384634582748 0.2509955630556072 0.3516573357707542 1.9527343019738486
146 1168 0.9061437314614569 0.90724292591907 0.9487259102339012 0.9998257641813293 0.012926384634582748 0.2509955630556072 0.3516573357707542 1.9527343019738486
147 1176 0.9061437314614569 0.90724292591907 0.9487259102339012 0.9998257641813293 0.012926384634582748 0.2509955630556072 0.3516573357707542 1.9527343019738486
148 1184 0.9061437314614569 0.90724292591907 0.9487259102339012 0.9998257641813293 0.012926384634582748 0.2509955630556072 0.3516573357707542 1.9527343019738486
149 1192 0.8486086960794778 0.8503062686468275 0.8929416691604204 0.9996124806383514 0.019539513864145937 0.3261008532628723 0.48351545213129143 1.9129791552574362
150 1200 0.8486086960794778 0.8503062686468275 0.8929416691604204 0.9996124806383514 0.019539513864145937 0.3261008532628723 0.48351545213129143 1.9129791552574362
151 1208 0.8486086960794778 0.8503062686468275 0.8929416691604204 0.9996124806383514 0.019539513864145937 0.3261008532628723 0.48351545213129143 1.9129791552574362
152 1216 0.8486086960794778 0.8503062686468275 0.8929416691604204 0.9996124806383514 0.019539513864145937 0.3261008532628723 0.48351545213129143 1.9129791552574362
153 1224 0.7195546711049361 0.7249319534487371 0.7578080810013312 0.9992278952278182 0.0272278838385206 0.49075148488713355 0.63936508155375 1.8302005122151281
154 1232 0.7195546711049361 0.7249319534487371 0.7578080810013312 0.9992278952278182 0.0272278838385206 0.49075148488713355 0.63936508155375 1.8302005122151281
155 1240 0.7195546711049361 0.7249319534487371 0.7578080810013312 0.9992278952278182 0.0272278838385206 0.49075148488713355 0.63936508155375 1.8302005122151281
156 1248 0.7195546711049361 0.7249319534487371 0.7578080810013312 0.9992278952278182 0.0272278838385206 0.49075148488713355 0.63936508155375 1.8302005122151281
157 1256 0.6420152037094535 0.6468048852748136 0.817484659963197 0.9990199559167896 0.030912484598376595 0.426576988206786 0.7721831024213605 1.7946614577026234
158 1264 0.6420152037094535 0.6468048852748136 0.817484659963197 0.9990199559167896 0.030912484598376595 0.426576988206786 0.7721831024213605 1.7946614577026234
159 1272 0.6420152037094535 0.6468048852748136 0.817484659963197 0.9990199559167896 0.030912484598376595 0.426576988206786 0.7721831024213605 1.7946614577026234
160 1280 0.6420152037094535 0.6468048852748136 0.817484659963197 0.9990199559167896 0.030912484598376595 0.426576988206786 0.7721831024213605 1.7946614577026234
161 1288 0.503944823948184 0.5125001785274687 0.8600989303880422 0.9989994737901693 0.029674707033245252 0.37395413070694944 0.9477762797810664 1.7207550213130465
162 1296 0.503944823948184 0.5125001785274687 0.8600989303880422 0.9989994737901693 0.029674707033245252 0.37395413070694944 0.9477762797810664 1.7207550213130465
163 1304 0.503944823948184 0.5125001785274687 0.8600989303880422 0.9989994737901693 0.029674707033245252 0.37395413070694944 0.9477762797810664 1.7207550213130465
164 1312 0.503944823948184 0.5125001785274687 0.8600989303880422 0.9989994737901693 0.029674707033245252 0.37395413070694944 0.9477762797810664 1.7207550213130465
165 1320 0.5703610300430728 0.5842111108748855 0.9331289198236514 0.9992140919508402 0.025319788356489816 0.2576447411196339 0.8873744436043175 1.773568350114792
166 1328 0.5703610300430728 0.5842111108748855 0.9331289198236514 0.9992140919508402 0.025319788356489816 0.2576447411196339 0.8873744436043175 1.773568350114792
167 1336 0.5703610300430728 0.5842111108748855 0.9331289198236514 0.9992140919508402 0.025319788356489816 0.2576447411196339 0.8873744436043175 1.773568350114792
168 1344 0.5703610300430728 0.5842111108748855 0.9331289198236514 0.9992140919508402 0.025319788356489816 0.2576447411196339 0.8873744436043175 1.773568350114792
169 1352 0.49205504440662373 0.5071608816379757 0.9486987488274672 0.9995868448332151 0.01596466732864313 0.21629901073743454 0.9487838299349319 1.747217534082432
170 1360 0.49205504440662373 0.5071608816379757 0.9486987488274672 0.9995868448332151 0.01596466732864313 0.21629901073743454 0.9487838299349319 1.747217534082432
171 1368 0.49205504440662373 0.5071608816379757 0.9486987488274672 0.9995868448332151 0.01596466732864313 0.21629901073743454 0.9487838299349319 1.747217534082432
172 1376 0.49205504440662373 0.5071608816379757 0.9486987488274672 0.9995868448332151 0.01596466732864313 0.21629901073743454 0.9487838299349319 1.747217534082432
173 1384 0.492115773948973 0.5098336708417466 0.9554573134959519 0.9995612831085695 0.015058649533770152 0.20863520500460117 0.9687264066701277 1.7371855794148447
174 1392 0.492115773948973 0.5098336708417466 0.9554573134959519 0.9995612831085695 0.015058649533770152 0.20863520500460117 0.9687264066701277 1.7371855794148447
175 1400 0.492115773948973 0.5098336708417466 0.9554573134959519 0.9995612831085695 0.015058649533770152 0.20863520500460117 0.9687264066701277 1.7371855794148447
176 1408 0.492115773948973 0.5098336708417466 0.9554573134959519 0.9995612831085695 0.015058649533770152 0.20863520500460117 0.9687264066701277 1.7371855794148447
177 1416 0.4508592608743067 0.477121922117818 0.9714044799626346 0.9992561140567826 0.0170299927474566 0.16207653048125564 1.0001512612441765 1.724279163084059
178 1424 0.4508592608743067 0.477121922117818 0.9714044799626346 0.9992561140567826 0.0170299927474566 0.16207653048125564 1.0001512612441765 1.724279163084059
179 1432 0.4508592608743067 0.477121922117818 0.9714044799626346 0.9992561140567826 0.0170299927474566 0.16207653048125564 1.0001512612441765 1.724279163084059
180 1440 0.4508592608743067 0.477121922117818 0.9714044799626346 0.9992561140567826 0.0170299927474566 0.16207653048125564 1.0001512612441765 1.724279163084059
181 1448 0.3112533053587282 0.3411704044973544 0.9769015366245688 0.9991509578229639 0.018304391500404468 0.1353322006725882 1.117439745368854 1.6530815346445877
182 1456 0.3112533053587282 0.3411704044973544 0.9769015366245688 0.9991509578229639 0.018304391500404468 0.1353322006725882 1.117439745368854 1.6530815346445877
183 1464 0.3112533053587282 0.3411704044973544 0.9769015366245688 0.9991509578229639 0.018304391500404468 0.1353322006725882 1.117439745368854 1.6530815346445877
184 1472 0.3112533053587282 0.3411704044973544 0.9769015366245688 0.9991509578229639 0.018304391500404468 0.1353322006725882 1.117439745368854 1.6530815346445877
185 1480 0.5763391581909738 0.5958325211480271 0.9863865794184352 0.9993598749219417 0.018712751132744135 0.10927677989010111 0.8813535085141041 1.7919052461979603
186 1488 0.5763391581909738 0.5958325211480271 0.9863865794184352 0.9993598749219417 0.018712751132744135 0.10927677989010111 0.8813535085141041 1.7919052461979603
187 1496 0.5763391581909738 0.5958325211480271 0.9863865794184352 0.9993598749219417 0.018712751132744135 0.10927677989010111 0.8813535085141041 1.7919052461979603
188 1504 0.5763391581909738 0.5958325211480271 0.9863865794184352 0.9993598749219417 0.018712751132744135 0.10927677989010111 0.8813535085141041 1.7919052461979603
189 1512 0.4291671326284479 0.4495268989890726 0.9647001562416673 0.9993869227656231 0.018869138432478453 0.18327843247574846 1.0264662675737946 1.706581370265471
190 1520 0.4291671326284479 0.4495268989890726 0.9647001562416673 0.9993869227656231 0.018869138432478453 0.18327843247574846 1.0264662675737946 1.706581370265471
191 1528 0.4291671326284479 0.4495268989890726 0.9647001562416673 0.9993869227656231 0.018869138432478453 0.18327843247574846 1.0264662675737946 1.706581370265471
192 1536 0.4291671326284479 0.4495268989890726 0.9647001562416673 0.9993869227656231 0.018869138432478453 0.18327843247574846 1.0264662675737946 1.706581370265471
193 1544 0.5102376880760346 0.5205545313073003 0.9601905545258438 0.9992904860747084 0.020815970985737314 0.199387746702856 0.9642285090574009 1.7407109478996272
194 1552 0.5102376880760346 0.5205545313073003 0.9601905545258438 0.9992904860747084 0.020815970985737314 0.199387746702856 0.9642285090574009 1.7407109478996272
195 1560 0.5102376880760346 0.5205545313073003 0.9601905545258438 0.9992904860747084 0.020815970985737314 0.199387746702856 0.9642285090574009 1.7407109478996272
196 1568 0.5102376880760346 0.5205545313073003 0.9601905545258438 0.9992904860747084 0.020815970985737314 0.199387746702856 0.9642285090574009 1.7407109478996272
197 1576 0.37909191347303006 0.39933888092682923 0.9689918483926744 0.9992681874918565 0.017265428711525126 0.1754963708515413 1.086242722140165 1.6700238553346687
198 1584 0.37909191347303006 0.39933888092682923 0.9689918483926744 0.9992681874918565 0.017265428711525126 0.1754963708515413 1.086242722140165 1.6700238553346687
199 1592 0.37909191347303006 0.39933888092682923 0.9689918483926744 0.9992681874918565 0.017265428711525126 0.1754963708515413 1.086242722140165 1.6700238553346687
200 1600 0.37909191347303006 0.39933888092682923 0.9689918483926744 0.9992681874918565 0.017265428711525126 0.1754963708515413 1.086242722140165 1.6700238553346687
201 1608 0.2895739406275669 0.3119007004914477 0.9718713444365972 0.9987322971872817 0.021689134657215288 0.16688426031023176 1.160546882020462 1.620126587563796
202 1616 0.2895739406275669 0.3119007004914477 0.9718713444365972 0.9987322971872817 0.021689134657215288 0.16688426031023176 1.160546882020462 1.620126587563796
203 1624 0.2895739406275669 0.3119007004914477 0.9718713444365972 0.9987322971872817 0.021689134657215288 0.16688426031023176 1.160546882020462 1.620126587563796
204 1632 0.2895739406275669 0.3119007004914477 0.9718713444365972 0.9987322971872817 0.021689134657215288 0.16688426031023176 1.160546882020462 1.620126587563796
205 1640 0.4687502251434753 0.5049480392265999 0.9789635073335435 0.998208382807712 0.023205734092923883 0.14205301528482858 0.9874210335257914 1.7332865133337172
206 1648 0.4687502251434753 0.5049480392265999 0.9789635073335435 0.998208382807712 0.023205734092923883 0.14205301528482858 0.9874210335257914 1.7332865133337172
207 1656 0.4687502251434753 0.5049480392265999 0.9789635073335435 0.998208382807712 0.023205734092923883 0.14205301528482858 0.9874210335257914 1.7332865133337172
208 1664 0.4687502251434753 0.5049480392265999 0.9789635073335435 0.998208382807712 0.023205734092923883 0.14205301528482858 0.9874210335257914 1.7332865133337172
209 1672 0.4768144203455522 0.517747860937641 0.9878765725974084 0.998387394881424 0.019406595021680666 0.09267774733146984 0.9647425697774792 1.7493730286243625
210 1680 0.4768144203455522 0.517747860937641 0.9878765725974084 0.998387394881424 0.019406595021680666 0.09267774733146984 0.9647425697774792 1.7493730286243625
211 1688 0.4768144203455522 0.517747860937641 0.9878765725974084 0.998387394881424 0.019406595021680666 0.09267774733146984 0.9647425697774792 1.7493730286243625
212 1696 0.4768144203455522 0.517747860937641 0.9878765725974084 0.998387394881424 0.019406595021680666 0.09267774733146984 0.9647425697774792 1.7493730286243625
213 1704 0.48390253150215956 0.5248153664349253 0.9912797383366497 0.9985680640922425 0.016077223603121065 0.07471213953727587 0.9605733182131965 1.7525577078726584
214 1712 0.48390253150215956 0.5248153664349253 0.9912797383366497 0.9985680640922425 0.016077223603121065 0.07471213953727587 0.9605733182131965 1.7525577078726584
215 1720 0.48390253150215956 0.5248153664349253 0.9912797383366497 0.9985680640922425 0.016077223603121065 0.07471213953727587 0.9605733182131965 1.7525577078726584
216 1728 0.48390253150215956 0.5248153664349253 0.9912797383366497 0.9985680640922425 0.016077223603121065 0.07471213953727587 0.9605733182131965 1.7525577078726584
217 1736 0.38384184893463014 0.4328305543593221 0.9938331840179173 0.9983299122371425 0.01472810955519489 0.06222243337137704 1.0589233759988066 1.6954623957309005
218 1744 0.38384184893463014 0.4328305543593221 0.9938331840179173 0.9983299122371425 0.01472810955519489 0.06222243337137704 1.0589233759988066 1.6954623957309005
219 1752 0.38384184893463014 0.4328305543593221 0.9938331840179173 0.9983299122371425 0.01472810955519489 0.06222243337137704 1.0589233759988066 1.6954623957309005
220 1760 0.38384184893463014 0.4328305543593221 0.9938331840179173 0.9983299122371425 0.01472810955519489 0.06222243337137704 1.0589233759988066 1.6954623957309005
221 1768 0.3791533668518516 0.4228141305453435 0.99180529056488 0.9985745664055425 0.016794256684128893 0.06534205118194572 1.0570501931702798 1.6964944027047177
222 1776 0.3791533668518516 0.4228141305453435 0.99180529056488 0.9985745664055425 0.016794256684128893 0.06534205118194572 1.0570501931702798 1.6964944027047177
223 1784 0.3791533668518516 0.4228141305453435 0.99180529056488 0.9985745664055425 0.016794256684128893 0.06534205118194572 1.0570501931702798 1.6964944027047177
224 1792 0.3791533668518516 0.4228141305453435 0.99180529056488 0.9985745664055425 0.016794256684128893 0.06534205118194572 1.0570501931702798 1.6964944027047177
225 1800 0.3612360914707445 0.3991487490796138 0.9871576519514188 0.9988503581660497 0.017480774817991544 0.080252839649472 1.0658005370852135 1.6903618309074624
226 1808 0.3612360914707445 0.3991487490796138 0.9871576519514188 0.9988503581660497 0.017480774817991544 0.080252839649472 1.0658005370852135 1.6903618309074624
227 1816 0.3612360914707445 0.3991487490796138 0.9871576519514188 0.9988503581660497 0.017480774817991544 0.080252839649472 1.0658005370852135 1.6903618309074624
228 1824 0.3612360914707445 0.3991487490796138 0.9871576519514188 0.9988503581660497 0.017480774817991544 0.080252839649472 1.0658005370852135 1.6903618309074624
229 1832 0.28761896176756696 0.3289221228900844 0.9903325724711403 0.9987105629523718 0.017854431465218562 0.0871684344159646 1.1484438647029271 1.6349799916037895
230 1840 0.28761896176756696 0.3289221228900844 0.9903325724711403 0.9987105629523718 0.017854431465218562 0.0871684344159646 1.1484438647029271 1.6349799916037895
231 1848 0.28761896176756696 0.3289221228900844 0.9903325724711403 0.9987105629523718 0.017854431465218562 0.0871684344159646 1.1484438647029271 1.6349799916037895
232 1856 0.28761896176756696 0.3289221228900844 0.9903325724711403 0.9987105629523718 0.017854431465218562 0.0871684344159646 1.1484438647029271 1.6349799916037895
233 1864 0.27739879057086037 0.3243838446952696 0.992030641403826 0.998511336731015 0.01582025932858328 0.07394615200863189 1.1527697145290594 1.6326064042697133
234 1872 0.27739879057086037 0.3243838446952696 0.992030641403826 0.998511336731015 0.01582025932858328 0.07394615200863189 1.1527697145290594 1.6326064042697133
235 1880 0.27739879057086037 0.3243838446952696 0.992030641403826 0.998511336731015 0.01582025932858328 0.07394615200863189 1.1527697145290594 1.6326064042697133
236 1888 0.27739879057086037 0.3243838446952696 0.992030641403826 0.998511336731015 0.01582025932858328 0.07394615200863189 1.1527697145290594 1.6326064042697133
237 1896 0.24351824129211597 0.2936026855199395 0.9958383453297377 0.9964751421725366 0.01714234136294133 0.0538492166247107 1.1774511867558608 1.6156779087456499
238 1904 0.24351824129211597 0.2936026855199395 0.9958383453297377 0.9964751421725366 0.01714234136294133 0.0538492166247107 1.1774511867558608 1.6156779087456499
239 1912 0.24351824129211597 0.2936026855199395 0.9958383453297377 0.9964751421725366 0.01714234136294133 0.0538492166247107 1.1774511867558608 1.6156779087456499
240 1920 0.24351824129211597 0.2936026855199395 0.9958383453297377 0.9964751421725366 0.01714234136294133 0.0538492166247107 1.1774511867558608 1.6156779087456499
241 1928 -0.05308533395749164 0.0031063590011220707 0.9944872573766075 0.9955795339934032 0.0178222773843643 0.055328655270929936 1.3958409057245404 1.4311705950867075
242 1936 -0.05308533395749164 0.0031063590011220707 0.9944872573766075 0.9955795339934032 0.0178222773843643 0.055328655270929936 1.3958409057245404 1.4311705950867075
243 1944 -0.05308533395749164 0.0031063590011220707 0.9944872573766075 0.9955795339934032 0.0178222773843643 0.055328655270929936 1.3958409057245404 1.4311705950867075
244 1952 -0.05308533395749164 0.0031063590011220707 0.9944872573766075 0.9955795339934032 0.0178222773843643 0.055328655270929936 1.3958409057245404 1.4311705950867075
245 1960 0.34981502855990215 0.4093133191800531 0.994758354079752 0.9968769085819155 0.021193946029107735 0.05707479543155629 1.0836364308586077 1.679888499304099
246 1968 0.34981502855990215 0.4093133191800531 0.994758354079752 0.9968769085819155 0.021193946029107735 0.05707479543155629 1.0836364308586077 1.679888499304099
247 1976 0.34981502855990215 0.4093133191800531 0.994758354079752 0.9968769085819155 0.021193946029107735 0.05707479543155629 1.0836364308586077 1.679888499304099
248 1984 0.34981502855990215 0.4093133191800531 0.994758354079752 0.9968769085819155 0.021193946029107735 0.05707479543155629 1.0836364308586077 1.679888499304099
249 1992 0.17357980308326415 0.2325254906539322 0.994629732968056 0.9966035297906725 0.02062316022327736 0.06034716520765432 1.2322701848060391 1.5739895477899135
250 2000 0.17357980308326415 0.2325254906539322 0.994629732968056 0.9966035297906725 0.02062316022327736 0.06034716520765432 1.2322701848060391 1.5739895477899135
251 2008 0.17357980308326415 0.2325254906539322 0.994629732968056 0.9966035297906725 0.02062316022327736 0.06034716520765432 1.2322701848060391 1.5739895477899135
252 2016 0.17357980308326415 0.2325254906539322 0.994629732968056 0.9966035297906725 0.02062316022327736 0.06034716520765432 1.2322701848060391 1.5739895477899135
253 2024 0.15241039944622092 0.22202723558376727 0.9952307942344107 0.9969196741201669 0.016745825753561608 0.047977685571825524 1.2459601432122283 1.5636499098370988
254 2032 0.15241039944622092 0.22202723558376727 0.9952307942344107 0.9969196741201669 0.016745825753561608 0.047977685571825524 1.2459601432122283 1.5636499098370988
255 2040 0.15241039944622092 0.22202723558376727 0.9952307942344107 0.9969196741201669 0.016745825753561608 0.047977685571825524 1.2459601432122283 1.5636499098370988
256 2048 0.15241039944622092 0.22202723558376727 0.9952307942344107 0.9969196741201669 0.016745825753561608 0.047977685571825524 1.2459601432122283 1.5636499098370988
257 2056 0.2749609138980864 0.3404137633513496 0.9941832169518061 0.997325880905525 0.016547656634737097 0.04793475849723844 1.1424679622920244 1.6407910863738933
258 2064 0.2749609138980864 0.3404137633513496 0.9941832169518061 0.997325880905525 0.016547656634737097 0.04793475849723844 1.1424679622920244 1.6407910863738933
259 2072 0.2749609138980864 0.3404137633513496 0.9941832169518061 0.997325880905525 0.016547656634737097 0.04793475849723844 1.1424679622920244 1.6407910863738933
260 2080 0.2749609138980864 0.3404137633513496 0.9941832169518061 0.997325880905525 0.016547656634737097 0.04793475849723844 1.1424679622920244 1.6407910863738933
261 2088 0.5102565138734765 0.5692605852539817 0.9962448587140025 0.9973308850265206 0.011031158771136465 0.03307617949630019 0.9275259860492617 1.771575520571855
262 2096 0.5102565138734765 0.5692605852539817 0.9962448587140025 0.9973308850265206 0.011031158771136465 0.03307617949630019 0.9275259860492617 1.771575520571855
263 2104 0.5102565138734765 0.5692605852539817 0.9962448587140025 0.9973308850265206 0.011031158771136465 0.03307617949630019 0.9275259860492617 1.771575520571855
264 2112 0.5102565138734765 0.5692605852539817 0.9962448587140025 0.9973308850265206 0.011031158771136465 0.03307617949630019 0.9275259860492617 1.771575520571855
265 2120 0.6409534192370969 0.6866593171957884 0.9963457346266166 0.997950536796218 0.011867360045560025 0.03172490496936566 0.7876167087579454 1.8380730715223306
266 2128 0.6409534192370969 0.6866593171957884 0.9963457346266166 0.997950536796218 0.011867360045560025 0.03172490496936566 0.7876167087579454 1.8380730715223306
267 2136 0.6409534192370969 0.6866593171957884 0.9963457346266166 0.997950536796218 0.011867360045560025 0.03172490496936566 0.7876167087579454 1.8380730715223306
268 2144 0.6409534192370969 0.6866593171957884 0.9963457346266166 0.997950536796218 0.011867360045560025 0.03172490496936566 0.7876167087579454 1.8380730715223306
269 2152 0.5737711958351421 0.6177583967936857 0.996810803857769 0.9983182592500155 0.012590114168910883 0.03249018987171226 0.8703634638650138 1.8003481100487781
270 2160 0.5737711958351421 0.6177583967936857 0.996810803857769 0.9983182592500155 0.012590114168910883 0.03249018987171226 0.8703634638650138 1.8003481100487781
271 2168 0.5737711958351421 0.6177583967936857 0.996810803857769 0.9983182592500155 0.012590114168910883 0.03249018987171226 0.8703634638650138 1.8003481100487781
272 2176 0.5737711958351421 0.6177583967936857 0.996810803857769 0.9983182592500155 0.012590114168910883 0.03249018987171226 0.8703634638650138 1.8003481100487781
273 2184 0.5261519200494775 0.5754841829964368 0.9962050695265983 0.9980804014058291 0.012812497543886001 0.03743934190343286 0.9177733481412346 1.776548962743823
274 2192 0.5261519200494775 0.5754841829964368 0.9962050695265983 0.9980804014058291 0.012812497543886001 0.03743934190343286 0.9177733481412346 1.776548962743823
275 2200 0.5261519200494775 0.5754841829964368 0.9962050695265983 0.9980804014058291 0.012812497543886001 0.03743934190343286 0.9177733481412346 1.776548962743823
276 2208 0.5261519200494775 0.5754841829964368 0.9962050695265983 0.9980804014058291 0.012812497543886001 0.03743934190343286 0.9177733481412346 1.776548962743823
277 2216 0.3517304275582667 0.41029455388602964 0.9959130292920724 0.9975847227200225 0.016507503748544487 0.046636089494318814 1.0858208754559482 1.678852466389095
278 2224 0.3517304275582667 0.41029455388602964 0.9959130292920724 0.9975847227200225 0.016507503748544487 0.046636089494318814 1.0858208754559482 1.678852466389095
279 2232 0.3517304275582667 0.41029455388602964 0.9959130292920724 0.9975847227200225 0.016507503748544487 0.046636089494318814 1.0858208754559482 1.678852466389095
280 2240 0.3517304275582667 0.41029455388602964 0.9959130292920724 0.9975847227200225 0.016507503748544487 0.046636089494318814 1.0858208754559482 1.678852466389095
281 2248 0.18695516798535175 0.24284035070254373 0.9938829080959577 0.9960148916245828 0.026502529669370705 0.06769213105175786 1.2210093513268332 1.5823563300619816
282 2256 0.18695516798535175 0.24284035070254373 0.9938829080959577 0.9960148916245828 0.026502529669370705 0.06769213105175786 1.2210093513268332 1.5823563300619816
283 2264 0.18695516798535175 0.24284035070254373 0.9938829080959577 0.9960148916245828 0.026502529669370705 0.06769213105175786 1.2210093513268332 1.5823563300619816
284 2272 0.18695516798535175 0.24284035070254373 0.9938829080959577 0.9960148916245828 0.026502529669370705 0.06769213105175786 1.2210093513268332 1.5823563300619816
285 2280 0.03899884047761437 0.10630360348851843 0.9927852620936108 0.996818767281868 0.026856197886319516 0.07090625089764911 1.3354220250942903 1.4869092316317747
286 2288 0.03899884047761437 0.10630360348851843 0.9927852620936108 0.996818767281868 0.026856197886319516 0.07090625089764911 1.3354220250942903 1.4869092316317747
287 2296 0.03899884047761437 0.10630360348851843 0.9927852620936108 0.996818767281868 0.026856197886319516 0.07090625089764911 1.3354220250942903 1.4869092316317747
288 2304 0.03899884047761437 0.10630360348851843 0.9927852620936108 0.996818767281868 0.026856197886319516 0.07090625089764911 1.3354220250942903 1.4869092316317747
289 2312 0.0891395461810432 0.15842817917824784 0.9890951082032119 0.9969974603821821 0.023384466010017348 0.05688201936137345 1.2765760996005495 1.5383663622659742
290 2320 0.0891395461810432 0.15842817917824784 0.9890951082032119 0.9969974603821821 0.023384466010017348 0.05688201936137345 1.2765760996005495 1.5383663622659742
291 2328 0.0891395461810432 0.15842817917824784 0.9890951082032119 0.9969974603821821 0.023384466010017348 0.05688201936137345 1.2765760996005495 1.5383663622659742
292 2336 0.0891395461810432 0.15842817917824784 0.9890951082032119 0.9969974603821821 0.023384466010017348 0.05688201936137345 1.2765760996005495 1.5383663622659742
293 2344 0.15547893943564844 0.2465936477227818 0.9895343227599331 0.9951940012187119 0.021830763282037258 0.060148139358547785 1.2183964895629615 1.5847446524052005
294 2352 0.15547893943564844 0.2465936477227818 0.9895343227599331 0.9951940012187119 0.021830763282037258 0.060148139358547785 1.2183964895629615 1.5847446524052005
295 2360 0.15547893943564844 0.2465936477227818 0.9895343227599331 0.9951940012187119 0.021830763282037258 0.060148139358547785 1.2183964895629615 1.5847446524052005
296 2368 0.15547893943564844 0.2465936477227818 0.9895343227599331 0.9951940012187119 0.021830763282037258 0.060148139358547785 1.2183964895629615 1.5847446524052005
297 2376 0.20295114196201486 0.28888597029588625 0.9931066696335109 0.9936987583465088 0.014936126191918076 0.0502816579347262 1.1829634410092509 1.6117835351700507
298 2384 0.20295114196201486 0.28888597029588625 0.9931066696335109 0.9936987583465088 0.014936126191918076 0.0502816579347262 1.1829634410092509 1.6117835351700507
299 2392 0.20295114196201486 0.28888597029588625 0.9931066696335109 0.9936987583465088 0.014936126191918076 0.0502816579347262 1.1829634410092509 1.6117835351700507
300 2400 0.20295114196201486 0.28888597029588625 0.9931066696335109 0.9936987583465088 0.014936126191918076 0.0502816579347262 1.1829634410092509 1.6117835351700507
301 2408 0.12820679534241308 0.21680991994754595 0.9910917212101211 0.9956030734588386 0.017531277441590182 0.05125434670040315 1.2430270159177352 1.5658702002254947
302 2416 0.12820679534241308 0.21680991994754595 0.9910917212101211 0.9956030734588386 0.017531277441590182 0.05125434670040315 1.2430270159177352 1.5658702002254947
303 2424 0.12820679534241308 0.21680991994754595 0.9910917212101211 0.9956030734588386 0.017531277441590182 0.05125434670040315 1.2430270159177352 1.5658702002254947
304 2432 0.12820679534241308 0.21680991994754595 0.9910917212101211 0.9956030734588386 0.017531277441590182 0.05125434670040315 1.2430270159177352 1.5658702002254947
305 2440 0.1488111912393626 0.23653555920791455 0.9926348285774766 0.9953317851350684 0.02259077396737523 0.05570702217401044 1.233745434168677 1.5729776184930293
306 2448 0.1488111912393626 0.23653555920791455 0.9926348285774766 0.9953317851350684 0.02259077396737523 0.05570702217401044 1.233745434168677 1.5729776184930293
307 2456 0.1488111912393626 0.23653555920791455 0.9926348285774766 0.9953317851350684 0.02259077396737523 0.05570702217401044 1.233745434168677 1.5729776184930293
308 2464 0.1488111912393626 0.23653555920791455 0.9926348285774766 0.9953317851350684 0.02259077396737523 0.05570702217401044 1.233745434168677 1.5729776184930293
309 2472 -0.013752269999472145 0.07268355614806077 0.9861212476192642 0.9955380926345545 0.024536286606406974 0.0878803679064694 1.3509884731668906 1.4719052812414206
310 2480 -0.013752269999472145 0.07268355614806077 0.9861212476192642 0.9955380926345545 0.024536286606406974 0.0878803679064694 1.3509884731668906 1.4719052812414206
311 2488 -0.013752269999472145 0.07268355614806077 0.9861212476192642 0.9955380926345545 0.024536286606406974 0.0878803679064694 1.3509884731668906 1.4719052812414206
312 2496 -0.013752269999472145 0.07268355614806077 0.9861212476192642 0.9955380926345545 0.024536286606406974 0.0878803679064694 1.3509884731668906 1.4719052812414206
313 2504 -0.2602729681677374 -0.17532083405507898 0.9874119479359862 0.9953562496384323 0.023500691538961272 0.07738497319314991 1.295608051267363 1.5214660893073735
314 2512 -0.2602729681677374 -0.17532083405507898 0.9874119479359862 0.9953562496384323 0.023500691538961272 0.07738497319314991 1.295608051267363 1.5214660893073735
315 2520 -0.2602729681677374 -0.17532083405507898 0.9874119479359862 0.9953562496384323 0.023500691538961272 0.07738497319314991 1.295608051267363 1.5214660893073735
316 2528 -0.2602729681677374 -0.17532083405507898 0.9874119479359862 0.9953562496384323 0.023500691538961272 0.07738497319314991 1.295608051267363 1.5214660893073735
317 2536 -0.29064852807242114 -0.19364537031560705 0.9885650086047776 0.9915311931978055 0.026394582433749016 0.08703191151600258 1.2756656691678716 1.5376624704084134
318 2544 -0.29064852807242114 -0.19364537031560705 0.9885650086047776 0.9915311931978055 0.026394582433749016 0.08703191151600258 1.2756656691678716 1.5376624704084134
319 2552 -0.29064852807242114 -0.19364537031560705 0.9885650086047776 0.9915311931978055 0.026394582433749016 0.08703191151600258 1.2756656691678716 1.5376624704084134
320 2560 -0.29064852807242114 -0.19364537031560705 0.9885650086047776 0.9915311931978055 0.026394582433749016 0.08703191151600258 1.2756656691678716 1.5376624704084134
321 2568 -0.36402349504291975 -0.2844200126584835 0.9673428006288267 0.9931294757860947 0.032036716478691156 0.07908601765968346 1.2590062835920048 1.5516514519968212
322 2576 -0.36402349504291975 -0.2844200126584835 0.9673428006288267 0.9931294757860947 0.032036716478691156 0.07908601765968346 1.2590062835920048 1.5516514519968212
323 2584 -0.36402349504291975 -0.2844200126584835 0.9673428006288267 0.9931294757860947 0.032036716478691156 0.07908601765968346 1.2590062835920048 1.5516514519968212
324 2592 -0.36402349504291975 -0.2844200126584835 0.9673428006288267 0.9931294757860947 0.032036716478691156 0.07908601765968346 1.2590062835920048 1.5516514519968212
325 2600 -0.30546193122310084 -0.2328737962514644 0.9695543030421601 0.9924262317167081 0.03304964847617354 0.09166861215103514 1.2971544257588672 1.5191757574474678
326 2608 -0.30546193122310084 -0.2328737962514644 0.9695543030421601 0.9924262317167081 0.03304964847617354 0.09166861215103514 1.2971544257588672 1.5191757574474678
327 2616 -0.30546193122310084 -0.2328737962514644 0.9695543030421601 0.9924262317167081 0.03304964847617354 0.09166861215103514 1.2971544257588672 1.5191757574474678
328 2624 -0.30546193122310084 -0.2328737962514644 0.9695543030421601 0.9924262317167081 0.03304964847617354 0.09166861215103514 1.2971544257588672 1.5191757574474678
329 2632 -0.03765066046132111 0.03288228588079465 0.9669936209341128 0.9890575119416292 0.041044598162192907 0.12099881793693788 1.3316866632864435 1.486702814231744
330 2640 -0.03765066046132111 0.03288228588079465 0.9669936209341128 0.9890575119416292 0.041044598162192907 0.12099881793693788 1.3316866632864435 1.486702814231744
331 2648 -0.03765066046132111 0.03288228588079465 0.9669936209341128 0.9890575119416292 0.041044598162192907 0.12099881793693788 1.3316866632864435 1.486702814231744
332 2656 -0.03765066046132111 0.03288228588079465 0.9669936209341128 0.9890575119416292 0.041044598162192907 0.12099881793693788 1.3316866632864435 1.486702814231744
333 2664 0.03692753169604565 0.1373610627685819 0.9749620760379603 0.987299331668404 0.03340798697639346 0.11066776395534296 1.275375810923103 1.536246429886673
334 2672 0.03692753169604565 0.1373610627685819 0.9749620760379603 0.987299331668404 0.03340798697639346 0.11066776395534296 1.275375810923103 1.536246429886673
335 2680 0.03692753169604565 0.1373610627685819 0.9749620760379603 0.987299331668404 0.03340798697639346 0.11066776395534296 1.275375810923103 1.536246429886673
336 2688 0.03692753169604565 0.1373610627685819 0.9749620760379603 0.987299331668404 0.03340798697639346 0.11066776395534296 1.275375810923103 1.536246429886673
337 2696 0.03377834034647009 0.1733837838642113 0.9775796857855772 0.9875707418317515 0.027041126355567928 0.10726071707600167 1.2764440510189152 1.535726050008981
338 2704 0.03377834034647009 0.1733837838642113 0.9775796857855772 0.9875707418317515 0.027041126355567928 0.10726071707600167 1.2764440510189152 1.535726050008981
339 2712 0.03377834034647009 0.1733837838642113 0.9775796857855772 0.9875707418317515 0.027041126355567928 0.10726071707600167 1.2764440510189152 1.535726050008981
340 2720 0.03377834034647009 0.1733837838642113 0.9775796857855772 0.9875707418317515 0.027041126355567928 0.10726071707600167 1.2764440510189152 1.535726050008981
341 2728 0.09637188991395068 0.19463051989555738 0.9851597714313958 0.9867149588700279 0.02571573853960116 0.10313849899753931 1.24631653583808 1.5605756128148562
342 2736 0.09637188991395068 0.19463051989555738 0.9851597714313958 0.9867149588700279 0.02571573853960116 0.10313849899753931 1.24631653583808 1.5605756128148562
343 2744 0.09637188991395068 0.19463051989555738 0.9851597714313958 0.9867149588700279 0.02571573853960116 0.10313849899753931 1.24631653583808 1.5605756128148562
344 2752 0.09637188991395068 0.19463051989555738 0.9851597714313958 0.9867149588700279 0.02571573853960116 0.10313849899753931 1.24631653583808 1.5605756128148562
345 2760 -0.10118502565851129 -0.03488372319975494 0.9740262344817872 0.9889824429450802 0.028201070072059603 0.11240670318317422 1.3857768577077374 1.4374254531515536
346 2768 -0.10118502565851129 -0.03488372319975494 0.9740262344817872 0.9889824429450802 0.028201070072059603 0.11240670318317422 1.3857768577077374 1.4374254531515536
347 2776 -0.10118502565851129 -0.03488372319975494 0.9740262344817872 0.9889824429450802 0.028201070072059603 0.11240670318317422 1.3857768577077374 1.4374254531515536
348 2784 -0.10118502565851129 -0.03488372319975494 0.9740262344817872 0.9889824429450802 0.028201070072059603 0.11240670318317422 1.3857768577077374 1.4374254531515536
349 2792 -0.11909910874171561 -0.04875143213597926 0.9660588304194453 0.9901506585365807 0.033606730947877986 0.10920507618920627 1.3854237395345874 1.4378963456743
350 2800 -0.11909910874171561 -0.04875143213597926 0.9660588304194453 0.9901506585365807 0.033606730947877986 0.10920507618920627 1.3854237395345874 1.4378963456743
351 2808 -0.11909910874171561 -0.04875143213597926 0.9660588304194453 0.9901506585365807 0.033606730947877986 0.10920507618920627 1.3854237395345874 1.4378963456743
352 2816 -0.11909910874171561 -0.04875143213597926 0.9660588304194453 0.9901506585365807 0.033606730947877986 0.10920507618920627 1.3854237395345874 1.4378963456743
353 2824 -0.11272868697980978 0.007172260919952496 0.97867450086942 0.9840858065464335 0.05158367035204982 0.09863245179906281 1.3825871953988842 1.4408550973377454
354 2832 -0.11272868697980978 0.007172260919952496 0.97867450086942 0.9840858065464335 0.05158367035204982 0.09863245179906281 1.3825871953988842 1.4408550973377454
355 2840 -0.11272868697980978 0.007172260919952496 0.97867450086942 0.9840858065464335 0.05158367035204982 0.09863245179906281 1.3825871953988842 1.4408550973377454
356 2848 -0.11272868697980978 0.007172260919952496 0.97867450086942 0.9840858065464335 0.05158367035204982 0.09863245179906281 1.3825871953988842 1.4408550973377454
357 2856 -0.07958688886806362 0.05122930658408885 0.9739785524085045 0.9826224858367341 0.056441724184554946 0.10449459894487804 1.3486541718812903 1.4720825843782044
358 2864 -0.07958688886806362 0.05122930658408885 0.9739785524085045 0.9826224858367341 0.056441724184554946 0.10449459894487804 1.3486541718812903 1.4720825843782044
359 2872 -0.07958688886806362 0.05122930658408885 0.9739785524085045 0.9826224858367341 0.056441724184554946 0.10449459894487804 1.3486541718812903 1.4720825843782044
360 2880 -0.07958688886806362 0.05122930658408885 0.9739785524085045 0.9826224858367341 0.056441724184554946 0.10449459894487804 1.3486541718812903 1.4720825843782044
361 2888 -0.07525306404506794 0.0886108972002487 0.9711141166489841 0.9836980686041393 0.048615858096519936 0.11428169725679252 1.3414972947811559 1.4781614255921056
362 2896 -0.07525306404506794 0.0886108972002487 0.9711141166489841 0.9836980686041393 0.048615858096519936 0.11428169725679252 1.3414972947811559 1.4781614255921056
363 2904 -0.07525306404506794 0.0886108972002487 0.9711141166489841 0.9836980686041393 0.048615858096519936 0.11428169725679252 1.3414972947811559 1.4781614255921056
364 2912 -0.07525306404506794 0.0886108972002487 0.9711141166489841 0.9836980686041393 0.048615858096519936 0.11428169725679252 1.3414972947811559 1.4781614255921056
365 2920 -0.11155427809596699 0.029040770708762136 0.9666609040715886 0.9867065505145352 0.04445943181453719 0.12951855254801675 1.3717696050669015 1.4489639243553276
366 2928 -0.11155427809596699 0.029040770708762136 0.9666609040715886 0.9867065505145352 0.04445943181453719 0.12951855254801675 1.3717696050669015 1.4489639243553276
367 2936 -0.11155427809596699 0.029040770708762136 0.9666609040715886 0.9867065505145352 0.04445943181453719 0.12951855254801675 1.3717696050669015 1.4489639243553276
368 2944 -0.11155427809596699 0.029040770708762136 0.9666609040715886 0.9867065505145352 0.04445943181453719 0.12951855254801675 1.3717696050669015 1.4489639243553276
369 2952 0.014537914768823147 0.1720408772267089 0.979288390123808 0.9829580741610859 0.039534432670420214 0.08809982183614341 1.2785456014961796 1.5349255991482587
370 2960 0.014537914768823147 0.1720408772267089 0.979288390123808 0.9829580741610859 0.039534432670420214 0.08809982183614341 1.2785456014961796 1.5349255991482587
371 2968 0.014537914768823147 0.1720408772267089 0.979288390123808 0.9829580741610859 0.039534432670420214 0.08809982183614341 1.2785456014961796 1.5349255991482587
372 2976 0.014537914768823147 0.1720408772267089 0.979288390123808 0.9829580741610859 0.039534432670420214 0.08809982183614341 1.2785456014961796 1.5349255991482587
373 2984 -0.1400003823482022 0.021077292891645803 0.9796251378722537 0.9811569281969428 0.037880041531389824 0.10014771485159804 1.3926668598360616 1.43143793270192
374 2992 -0.1400003823482022 0.021077292891645803 0.9796251378722537 0.9811569281969428 0.037880041531389824 0.10014771485159804 1.3926668598360616 1.43143793270192
375 3000 -0.1400003823482022 0.021077292891645803 0.9796251378722537 0.9811569281969428 0.037880041531389824 0.10014771485159804 1.3926668598360616 1.43143793270192
376 3008 -0.1400003823482022 0.021077292891645803 0.9796251378722537 0.9811569281969428 0.037880041531389824 0.10014771485159804 1.3926668598360616 1.43143793270192
377 3016 0.11083757676777989 0.2503428408006041 0.9775434027900067 0.9865373753213549 0.0374522759565521 0.0925821654091365 1.2101029020035254 1.5892378161359222
378 3024 0.11083757676777989 0.2503428408006041 0.9775434027900067 0.9865373753213549 0.0374522759565521 0.0925821654091365 1.2101029020035254 1.5892378161359222
379 3032 0.11083757676777989 0.2503428408006041 0.9775434027900067 0.9865373753213549 0.0374522759565521 0.0925821654091365 1.2101029020035254 1.5892378161359222
380 3040 0.11083757676777989 0.2503428408006041 0.9775434027900067 0.9865373753213549 0.0374522759565521 0.0925821654091365 1.2101029020035254 1.5892378161359222
381 3048 0.3673333745382602 0.4868383972626368 0.9829251135840995 0.9881431650431682 0.03668550421767949 0.08207954227815471 1.0055496471933996 1.7264955921023755
382 3056 0.3673333745382602 0.4868383972626368 0.9829251135840995 0.9881431650431682 0.03668550421767949 0.08207954227815471 1.0055496471933996 1.7264955921023755
383 3064 0.3673333745382602 0.4868383972626368 0.9829251135840995 0.9881431650431682 0.03668550421767949 0.08207954227815471 1.0055496471933996 1.7264955921023755
384 3072 0.3673333745382602 0.4868383972626368 0.9829251135840995 0.9881431650431682 0.03668550421767949 0.08207954227815471 1.0055496471933996 1.7264955921023755
385 3080 0.3719252787781444 0.4736870744822249 0.9855893986979617 0.9897489226210829 0.04032118266507195 0.0861120709612647 1.0164321709506414 1.7198327114344052
386 3088 0.3719252787781444 0.4736870744822249 0.9855893986979617 0.9897489226210829 0.04032118266507195 0.0861120709612647 1.0164321709506414 1.7198327114344052
387 3096 0.3719252787781444 0.4736870744822249 0.9855893986979617 0.9897489226210829 0.04032118266507195 0.0861120709612647 1.0164321709506414 1.7198327114344052
388 3104 0.3719252787781444 0.4736870744822249 0.9855893986979617 0.9897489226210829 0.04032118266507195 0.0861120709612647 1.0164321709506414 1.7198327114344052
389 3112 0.242323462286537 0.34195725494677987 0.989430992332448 0.9910497154071353 0.036927790109812966 0.07961695097780068 1.1429797095741634 1.638869995739859
390 3120 0.242323462286537 0.34195725494677987 0.989430992332448 0.9910497154071353 0.036927790109812966 0.07961695097780068 1.1429797095741634 1.638869995739859
391 3128 0.242323462286537 0.34195725494677987 0.989430992332448 0.9910497154071353 0.036927790109812966 0.07961695097780068 1.1429797095741634 1.638869995739859
392 3136 0.242323462286537 0.34195725494677987 0.989430992332448 0.9910497154071353 0.036927790109812966 0.07961695097780068 1.1429797095741634 1.638869995739859
393 3144 0.3082378661602695 0.36886612393549933 0.9929631781276176 0.9942496028871605 0.031063529016681753 0.0749421758080472 1.111586028310283 1.660661081953677
394 3152 0.3082378661602695 0.36886612393549933 0.9929631781276176 0.9942496028871605 0.031063529016681753 0.0749421758080472 1.111586028310283 1.660661081953677
395 3160 0.3082378661602695 0.36886612393549933 0.9929631781276176 0.9942496028871605 0.031063529016681753 0.0749421758080472 1.111586028310283 1.660661081953677
396 3168 0.3082378661602695 0.36886612393549933 0.9929631781276176 0.9942496028871605 0.031063529016681753 0.0749421758080472 1.111586028310283 1.660661081953677
397 3176 0.45678564159489754 0.5144684295231955 0.9953701521560122 0.9958024592453018 0.02530253018458432 0.06203570520104863 0.9849146749719583 1.7393833494291442
398 3184 0.45678564159489754 0.5144684295231955 0.9953701521560122 0.9958024592453018 0.02530253018458432 0.06203570520104863 0.9849146749719583 1.7393833494291442
399 3192 0.45678564159489754 0.5144684295231955 0.9953701521560122 0.9958024592453018 0.02530253018458432 0.06203570520104863 0.9849146749719583 1.7393833494291442
400 3200 0.45678564159489754 0.5144684295231955 0.9953701521560122 0.9958024592453018 0.02530253018458432 0.06203570520104863 0.9849146749719583 1.7393833494291442
401 3208 0.42882851188458626 0.47785249483284076 0.994501358182863 0.9968822558649276 0.023076112069257807 0.055198721526021545 1.009477923342577 1.7255071476170765
402 3216 0.42882851188458626 0.47785249483284076 0.994501358182863 0.9968822558649276 0.023076112069257807 0.055198721526021545 1.009477923342577 1.7255071476170765
403 3224 0.42882851188458626 0.47785249483284076 0.994501358182863 0.9968822558649276 0.023076112069257807 0.055198721526021545 1.009477923342577 1.7255071476170765
404 3232 0.42882851188458626 0.47785249483284076 0.994501358182863 0.9968822558649276 0.023076112069257807 0.055198721526021545 1.009477923342577 1.7255071476170765
405 3240 0.2606375584881765 0.3131826844855221 0.9945268994734887 0.9976524475334612 0.014499204946835789 0.038630609259562236 1.1556425919205726 1.6318050278214138
405 3240 0.2606375584881765 0.3131826844855221 0.9945268994734887 0.9976524475334612 0.014499204946835789 0.038630609259562236 1.1556425919205726 1.6318050278214138
