% # columns="iteration, evaluation, min max(neg(.)) min(pos(.)) max correlation, correlation matrix principle axes lengths  (sorted square roots of eigenvalues of correlation matrix)", seed=253955, Wed Jan 20 17:40:31 2021
1 8 -0.10696046900825269 -0.03327490185913982 0.006028517381833118 0.04984576979639317 0.9351951971497037 0.9866897844365217 1.0176511102688732 1.0565223283420315
2 16 -0.19794727783779584 -0.042177825528050536 0.015335678358882934 0.05982557750464172 0.9351951971497037 0.9866897844365217 1.0176511102688732 1.0565223283420315
3 24 -0.40722632446592194 -0.19623896468273874 0.12672625154713657 0.23218625519300046 0.9351951971497037 0.9866897844365217 1.0176511102688732 1.0565223283420315
4 32 -0.36124604355588247 -0.2794390807363135 0.15275121401265654 0.38286954120301475 0.9351951971497037 0.9866897844365217 1.0176511102688732 1.0565223283420315
5 40 -0.37591121858064497 -0.29428729822768374 0.22187837132249558 0.33032546833363885 0.7515131194334147 0.8441966575572298 0.9937534549411173 1.3171993415885281
6 48 -0.46081195668871355 -0.35114294657674056 0.2159186858773559 0.264923941690055 0.7515131194334147 0.8441966575572298 0.9937534549411173 1.3171993415885281
7 56 -0.4319140742105855 -0.37650158204343664 0.1977650684793567 0.21504245646232625 0.7515131194334147 0.8441966575572298 0.9937534549411173 1.3171993415885281
8 64 -0.42833468798980234 -0.40923675000270515 0.1463531521693601 0.1653666698318644 0.7515131194334147 0.8441966575572298 0.9937534549411173 1.3171993415885281
9 72 -0.38651046153373003 -0.3573288515362504 0.08769980413729775 0.19501108780293863 0.7493135537151918 0.8498706650419681 1.029500605927568 1.2870033229617563
10 80 -0.31454504929150273 -0.3047714681006837 0.05937074322227649 0.09062648454195463 0.7493135537151918 0.8498706650419681 1.029500605927568 1.2870033229617563
11 88 -0.3741136976965267 -0.30142430840468065 0.055071333777674314 0.1840141107395078 0.7493135537151918 0.8498706650419681 1.029500605927568 1.2870033229617563
12 96 -0.43732999712138415 -0.23813380228566455 -0.006778564036028969 0.15682220299634642 0.7493135537151918 0.8498706650419681 1.029500605927568 1.2870033229617563
13 104 -0.49846424510826204 -0.16097010039328113 0.031757858271720375 0.05609166360545871 0.6951026532107646 0.9634615495041559 1.0202971410715058 1.244012816673413
14 112 -0.46962287636228606 -0.12527074769399651 -0.03702799754293772 -0.004456801724657998 0.6951026532107646 0.9634615495041559 1.0202971410715058 1.244012816673413
15 120 -0.5040527406481983 -0.214206895053531 0.04574828348954079 0.05367449015636244 0.6951026532107646 0.9634615495041559 1.0202971410715058 1.244012816673413
16 128 -0.5773170262315829 -0.21614511549265492 0.05442120028087456 0.06868214377133353 0.6951026532107646 0.9634615495041559 1.0202971410715058 1.244012816673413
17 136 -0.656552469021605 -0.22708775444520046 -0.06387069424533694 0.1828526587308004 0.5672646558385318 0.9081103758868101 1.040129533486475 1.3310435413660655
18 144 -0.7460664306985868 -0.2514431620185436 -0.005752537142003642 0.1620695873235896 0.5672646558385318 0.9081103758868101 1.040129533486475 1.3310435413660655
19 152 -0.7822232892467088 -0.32178882427188316 0.045013579711392256 0.21440324443787434 0.5672646558385318 0.9081103758868101 1.040129533486475 1.3310435413660655
20 160 -0.8016165654217583 -0.30783264858073056 0.17778289219804222 0.19790504045577245 0.5672646558385318 0.9081103758868101 1.040129533486475 1.3310435413660655
21 168 -0.8261105419476392 -0.4117967079430612 0.20661826415974133 0.24588033814251944 0.400681623148493 0.775035754195136 1.0262085238113186 1.478401123595102
22 176 -0.8613278255001278 -0.4509184135307501 0.10564557481712195 0.189328653374237 0.400681623148493 0.775035754195136 1.0262085238113186 1.478401123595102
23 184 -0.8555312829085057 -0.47395603484184956 -0.0007741832588254485 0.03301582470190821 0.400681623148493 0.775035754195136 1.0262085238113186 1.478401123595102
24 192 -0.8804123749730226 -0.45817912917500503 0.009569132803116397 0.04980527422769156 0.400681623148493 0.775035754195136 1.0262085238113186 1.478401123595102
25 200 -0.8969510749127777 -0.45859898518772185 -0.037631816930988424 0.15345978565942497 0.31190033294433095 0.7262870810501053 1.186784482231154 1.4024150066739394
26 208 -0.8537039130142442 -0.4652529595864508 0.15081153383691684 0.19521046713338086 0.31190033294433095 0.7262870810501053 1.186784482231154 1.4024150066739394
27 216 -0.8526846477229346 -0.5701292539092 0.09403393798108999 0.15386738427472432 0.31190033294433095 0.7262870810501053 1.186784482231154 1.4024150066739394
28 224 -0.8640199518219297 -0.5956537543537805 0.010503419806010618 0.13644420184687878 0.31190033294433095 0.7262870810501053 1.186784482231154 1.4024150066739394
29 232 -0.8742462644612986 -0.6578319678546982 0.004625946465160489 0.1057566895482677 0.3228075604178493 0.6001447502918356 1.2480885250026554 1.4063771156382359
30 240 -0.8776494180671078 -0.7875077203445195 0.10689194901180284 0.1558680978511327 0.3228075604178493 0.6001447502918356 1.2480885250026554 1.4063771156382359
31 248 -0.8442843605196066 -0.8423048695578771 0.04785575978935659 0.11101362051828016 0.3228075604178493 0.6001447502918356 1.2480885250026554 1.4063771156382359
32 256 -0.8639937277749594 -0.848086572017899 0.03287849699612873 0.054550254117953535 0.3228075604178493 0.6001447502918356 1.2480885250026554 1.4063771156382359
33 264 -0.8596784398584405 -0.8315986964467632 -0.0180030851740617 0.10589752095676429 0.3008752135196862 0.4613291635625272 1.303721295302769 1.4131384549683204
34 272 -0.875141068918645 -0.816982518067056 0.043941107771233584 0.2153567237769726 0.3008752135196862 0.4613291635625272 1.303721295302769 1.4131384549683204
35 280 -0.8607352659544024 -0.7769947676929597 0.07708158645432875 0.17414049314215851 0.3008752135196862 0.4613291635625272 1.303721295302769 1.4131384549683204
36 288 -0.873459387399609 -0.7393105722360721 0.07448486331336586 0.2361927320496314 0.3008752135196862 0.4613291635625272 1.303721295302769 1.4131384549683204
37 296 -0.8245689621755922 -0.6555686723589241 -0.007049507050618269 0.3187211907287947 0.19358228004918562 0.6615762208465311 1.1237099615832076 1.5040341509088297
38 304 -0.8353290682456471 -0.5890620354170358 0.053559683485382814 0.46386693315579636 0.19358228004918562 0.6615762208465311 1.1237099615832076 1.5040341509088297
39 312 -0.8418220404056339 -0.625556411481374 -0.01054592994783067 0.4975231668310598 0.19358228004918562 0.6615762208465311 1.1237099615832076 1.5040341509088297
40 320 -0.8483576733504717 -0.7172264392802947 -0.00032039499192869163 0.33308279959747195 0.19358228004918562 0.6615762208465311 1.1237099615832076 1.5040341509088297
41 328 -0.8289627144068182 -0.7317129009932418 0.01465804377498179 0.32319029376715713 0.157270980749432 0.6131187479338691 1.1351551475964707 1.5201230313469207
42 336 -0.8340551089597021 -0.7322366110346261 0.19705619964982332 0.3650768379813358 0.157270980749432 0.6131187479338691 1.1351551475964707 1.5201230313469207
43 344 -0.85380895527398 -0.7338438409108179 0.10273441482230306 0.3285787272602405 0.157270980749432 0.6131187479338691 1.1351551475964707 1.5201230313469207
44 352 -0.8274684518857819 -0.7318636997230351 0.08604176149051654 0.295709485082169 0.157270980749432 0.6131187479338691 1.1351551475964707 1.5201230313469207
45 360 -0.834493394778607 -0.7792691519101252 0.1631912103007904 0.3674715391548056 0.1093681917271497 0.5963958466883982 1.0564476086466037 1.586275210320086
46 368 -0.8944678985579834 -0.8437849866456792 0.0481718894319025 0.20391051674383437 0.1093681917271497 0.5963958466883982 1.0564476086466037 1.586275210320086
47 376 -0.9154208622708084 -0.8634944927733824 0.0618085762540233 0.23425226158220477 0.1093681917271497 0.5963958466883982 1.0564476086466037 1.586275210320086
48 384 -0.9001568691948192 -0.8083395747557406 -0.07052821171666203 0.2077475368427943 0.1093681917271497 0.5963958466883982 1.0564476086466037 1.586275210320086
49 392 -0.90416438464129 -0.8346873921845702 -0.01427612868284693 0.28636812144275686 0.09168086117843688 0.4710348538270552 1.2276597584465103 1.5041849300085282
50 400 -0.8876499696816974 -0.8091235661850817 0.09625414857000342 0.3404751537549195 0.09168086117843688 0.4710348538270552 1.2276597584465103 1.5041849300085282
51 408 -0.8942974732521475 -0.8205652587411574 0.06848595280810035 0.29104543557513024 0.09168086117843688 0.4710348538270552 1.2276597584465103 1.5041849300085282
52 416 -0.9053248100468394 -0.8808815397572257 0.0058182692152458195 0.19596012094019327 0.09168086117843688 0.4710348538270552 1.2276597584465103 1.5041849300085282
53 424 -0.8988794145394264 -0.8896321086281608 0.022090470811423187 0.15065080282356647 0.07415435810298564 0.4437048982816517 1.2769683649041015 1.4720661973733882
54 432 -0.8919690788447651 -0.8797639093018325 -0.04978219380221984 0.14255383205357713 0.07415435810298564 0.4437048982816517 1.2769683649041015 1.4720661973733882
55 440 -0.8833280581969466 -0.866627930929953 -0.04232518210734733 0.1443747491661605 0.07415435810298564 0.4437048982816517 1.2769683649041015 1.4720661973733882
56 448 -0.8918323546885478 -0.8810179609099517 -0.017865373959676363 0.11014702658184683 0.07415435810298564 0.4437048982816517 1.2769683649041015 1.4720661973733882
57 456 -0.8955561701442428 -0.8850820780012322 -0.010822691471598415 0.0770513204093499 0.056420625231591644 0.44827892828335253 1.3482176118781524 1.406475021650643
58 464 -0.9189154581021644 -0.8438660007369709 -0.009427193826729501 0.11828505743701995 0.056420625231591644 0.44827892828335253 1.3482176118781524 1.406475021650643
59 472 -0.9405370465052489 -0.8952295357456079 0.11024078966737742 0.21994972134127913 0.056420625231591644 0.44827892828335253 1.3482176118781524 1.406475021650643
60 480 -0.9463493496900293 -0.8964576618047019 0.050398110066115345 0.2521866752362778 0.056420625231591644 0.44827892828335253 1.3482176118781524 1.406475021650643
61 488 -0.9569617009256258 -0.8840329261263322 0.07001096107691988 0.2350882056949062 0.03543017092192203 0.3865997775806749 1.24583520010125 1.5156450670099826
62 496 -0.9584548177602127 -0.855000598853251 0.01324982847443566 0.22119670654083556 0.03543017092192203 0.3865997775806749 1.24583520010125 1.5156450670099826
63 504 -0.9651450998324722 -0.8474456500913417 -0.04553694653753785 0.15483523234969176 0.03543017092192203 0.3865997775806749 1.24583520010125 1.5156450670099826
64 512 -0.9709952191274799 -0.8534664476348685 0.05935305760125082 0.06653874930276704 0.03543017092192203 0.3865997775806749 1.24583520010125 1.5156450670099826
65 520 -0.9723241706012957 -0.7915416565031163 0.09367152086566555 0.11922022847170188 0.03147959005202392 0.4379057444590647 1.3373874579052816 1.4207893516695422
66 528 -0.972211630775482 -0.782988516697896 0.0378813037913179 0.13679318125877013 0.03147959005202392 0.4379057444590647 1.3373874579052816 1.4207893516695422
67 536 -0.9788653855521626 -0.7532914746665114 0.02856284572847932 0.28269721304238365 0.03147959005202392 0.4379057444590647 1.3373874579052816 1.4207893516695422
68 544 -0.9776134342274546 -0.7744313896202887 0.05741872861552695 0.18850758111736865 0.03147959005202392 0.4379057444590647 1.3373874579052816 1.4207893516695422
69 552 -0.9730788964881704 -0.7486932633623228 0.10425585544289245 0.17178262426910096 0.029882414922713887 0.45789557852967117 1.3095080432880888 1.4403566797863523
70 560 -0.9672140868007545 -0.7161924972494208 0.05957968648800205 0.10047601755473592 0.029882414922713887 0.45789557852967117 1.3095080432880888 1.4403566797863523
71 568 -0.9609529416912815 -0.692492487130939 0.0593774984934956 0.07314937644469545 0.029882414922713887 0.45789557852967117 1.3095080432880888 1.4403566797863523
72 576 -0.9621280172252142 -0.7115141930986817 0.02406485078228597 0.06631007191749422 0.029882414922713887 0.45789557852967117 1.3095080432880888 1.4403566797863523
73 584 -0.9685396310391974 -0.7757702460776732 0.0035443075893400434 0.023506954136256475 0.02535890660809376 0.49620286686298787 1.3214564640790811 1.4166483170908033
74 592 -0.9692994302429689 -0.7293499852367606 0.004610906473732177 0.036858264965290245 0.02535890660809376 0.49620286686298787 1.3214564640790811 1.4166483170908033
75 600 -0.968520635730335 -0.6637273547637261 0.031324837707614905 0.07875670762649217 0.02535890660809376 0.49620286686298787 1.3214564640790811 1.4166483170908033
76 608 -0.9754501156261964 -0.6829452687448612 0.008358917590314607 0.15577431444456485 0.02535890660809376 0.49620286686298787 1.3214564640790811 1.4166483170908033
77 616 -0.9786626667899518 -0.7654204872372341 0.18239471366144316 0.3694107586910333 0.022876685532343843 0.48850581000788434 1.1197909312725125 1.5833215090711785
78 624 -0.9807218513065195 -0.7681923292159649 0.1277163318027769 0.39938629897129957 0.022876685532343843 0.48850581000788434 1.1197909312725125 1.5833215090711785
79 632 -0.9809113490548732 -0.7819283363222734 0.0851032740145963 0.3425731516935889 0.022876685532343843 0.48850581000788434 1.1197909312725125 1.5833215090711785
80 640 -0.9805515895195089 -0.8149945385754169 0.12188797875322321 0.28438602322717904 0.022876685532343843 0.48850581000788434 1.1197909312725125 1.5833215090711785
81 648 -0.9848010865172472 -0.8385223176513223 0.10163531686102639 0.25679059207271226 0.022410960929470806 0.40568138733327835 1.2270973558843103 1.5261560994810783
82 656 -0.9866524238228029 -0.8737783823249416 0.08165088188934091 0.1711035995541756 0.022410960929470806 0.40568138733327835 1.2270973558843103 1.5261560994810783
83 664 -0.9905548834428953 -0.8417333887634415 0.13698403626533148 0.16302060124880408 0.022410960929470806 0.40568138733327835 1.2270973558843103 1.5261560994810783
84 672 -0.993262597323857 -0.8590151177332273 0.011572170872923483 0.13502588865550208 0.022410960929470806 0.40568138733327835 1.2270973558843103 1.5261560994810783
85 680 -0.9926082287382126 -0.8300618718252422 0.057444722387934286 0.08606806724706015 0.016484270630352644 0.4001012613504727 1.3517288563245768 1.4186177598165748
86 688 -0.9894843197664168 -0.706724707671652 0.10069964936874434 0.13637949206820685 0.016484270630352644 0.4001012613504727 1.3517288563245768 1.4186177598165748
87 696 -0.9924577744122507 -0.7396268714226482 0.10455603040303661 0.17785758686528816 0.016484270630352644 0.4001012613504727 1.3517288563245768 1.4186177598165748
88 704 -0.9941422130766867 -0.7581083296817487 0.04152071049834926 0.274139922508509 0.016484270630352644 0.4001012613504727 1.3517288563245768 1.4186177598165748
89 712 -0.9954624864450349 -0.7817910577875586 0.01223651159383718 0.3099926878552439 0.009763496407750996 0.393453951677743 1.2621776657547266 1.500668585037021
90 720 -0.9976570449580459 -0.8350625570961431 0.14198903522865633 0.472274924405403 0.009763496407750996 0.393453951677743 1.2621776657547266 1.500668585037021
91 728 -0.9979830495490268 -0.751720605690854 0.06546937933662396 0.5268455454253366 0.009763496407750996 0.393453951677743 1.2621776657547266 1.500668585037021
92 736 -0.9983526776186272 -0.7501255540499631 0.11251331685767715 0.6013436573531121 0.009763496407750996 0.393453951677743 1.2621776657547266 1.500668585037021
93 744 -0.9985692258338281 -0.7104704237121762 0.131759816113027 0.6547363831296571 0.007143333218146311 0.3322980669110506 1.074927301469832 1.6534987946994395
94 752 -0.9987356890634371 -0.6578906113321453 0.06281579701782061 0.6486100761671155 0.007143333218146311 0.3322980669110506 1.074927301469832 1.6534987946994395
95 760 -0.9985842665655695 -0.6778503249781765 0.04409215017589233 0.6643086644522845 0.007143333218146311 0.3322980669110506 1.074927301469832 1.6534987946994395
96 768 -0.9979905990416288 -0.6274706582123212 0.0313084078087149 0.607648286747899 0.007143333218146311 0.3322980669110506 1.074927301469832 1.6534987946994395
97 776 -0.9977797759740887 -0.6281205164250505 0.13264231349855693 0.6055982235886287 0.006423477084469616 0.551939189032244 1.0330118001438389 1.6211750341391769
98 784 -0.9972701104828527 -0.6170214867378829 0.16600872178441967 0.4417457115935145 0.006423477084469616 0.551939189032244 1.0330118001438389 1.6211750341391769
99 792 -0.9964820924844773 -0.6352394123926451 0.26333097599173044 0.39850841913648877 0.006423477084469616 0.551939189032244 1.0330118001438389 1.6211750341391769
100 800 -0.9961543541728652 -0.6684459631585891 0.32043342895963106 0.39091809973066816 0.006423477084469616 0.551939189032244 1.0330118001438389 1.6211750341391769
101 808 -0.9963004613364501 -0.7331571993323748 0.2999888245988509 0.33255664807197605 0.008127688347065858 0.5197106417115772 1.0903639645876642 1.5940330028900105
102 816 -0.9967058787494967 -0.7553995067179105 0.23878275852280453 0.2927351751683525 0.008127688347065858 0.5197106417115772 1.0903639645876642 1.5940330028900105
103 824 -0.9966612035458116 -0.7145723403206727 0.1676627730096719 0.29685366012110004 0.008127688347065858 0.5197106417115772 1.0903639645876642 1.5940330028900105
104 832 -0.997395487543384 -0.7800580355663924 0.076845497930954 0.21778912453052493 0.008127688347065858 0.5197106417115772 1.0903639645876642 1.5940330028900105
105 840 -0.9978583671920691 -0.8105966645843402 0.02865873584959222 0.05668353107568205 0.007557796933767016 0.43053799111276425 1.3422299061482308 1.4188018878460116
106 848 -0.9976443956788021 -0.812741325584544 -0.002529434384542258 0.04597565535467149 0.007557796933767016 0.43053799111276425 1.3422299061482308 1.4188018878460116
107 856 -0.9975543717252935 -0.7758820558386345 0.0017240050476263927 0.06531155927405301 0.007557796933767016 0.43053799111276425 1.3422299061482308 1.4188018878460116
108 864 -0.9976429328937172 -0.7342556182904477 0.002005944702752906 0.03502687525789938 0.007557796933767016 0.43053799111276425 1.3422299061482308 1.4188018878460116
109 872 -0.9976508337405288 -0.7799524208487706 0.06694412971010247 0.11151834546326837 0.0077010324808055326 0.4690749645371345 1.2891620810187931 1.4553248780277586
110 880 -0.9980674664829846 -0.7677750564215831 0.0657211419412175 0.2485710812063941 0.0077010324808055326 0.4690749645371345 1.2891620810187931 1.4553248780277586
111 888 -0.9979527778827152 -0.7187635023690584 0.06803727285813183 0.23818255552770984 0.0077010324808055326 0.4690749645371345 1.2891620810187931 1.4553248780277586
112 896 -0.9983375130632899 -0.7642283807067052 0.22586688054140508 0.3292674725761782 0.0077010324808055326 0.4690749645371345 1.2891620810187931 1.4553248780277586
113 904 -0.9982632082161854 -0.7525851522884364 0.17180086307971046 0.36746340856535514 0.006333940386773924 0.4697644804598645 1.1492769046792344 1.5679425405506313
114 912 -0.9986595368686451 -0.788756790110909 0.17566705495419876 0.3961483405392484 0.006333940386773924 0.4697644804598645 1.1492769046792344 1.5679425405506313
115 920 -0.9988390794036152 -0.8188505085723429 0.22613861755311276 0.4044110945075722 0.006333940386773924 0.4697644804598645 1.1492769046792344 1.5679425405506313
116 928 -0.9990267448774837 -0.8172263214560146 0.04796445341044697 0.23598649741550087 0.006333940386773924 0.4697644804598645 1.1492769046792344 1.5679425405506313
117 936 -0.9990952419453573 -0.8579996982451238 0.0961733960139117 0.2172566311574695 0.007078887545555077 0.3654760229716969 1.2655618721117243 1.5049020944370353
118 944 -0.9991808406667141 -0.85936641789148 0.19178555005172696 0.38443252239471976 0.007078887545555077 0.3654760229716969 1.2655618721117243 1.5049020944370353
119 952 -0.9994096277113934 -0.858108309859543 0.14496310111414437 0.39188387297995125 0.007078887545555077 0.3654760229716969 1.2655618721117243 1.5049020944370353
120 960 -0.9993743247776494 -0.8295057060713874 0.20379416803990752 0.4405055645066411 0.007078887545555077 0.3654760229716969 1.2655618721117243 1.5049020944370353
121 968 -0.999369841337205 -0.777232580119872 0.1614755058703336 0.4916125172900562 0.006392853543202643 0.3951180247088648 1.121075906288642 1.6084245988894974
122 976 -0.9994203858194467 -0.7341384035496914 0.11709857508139562 0.5443433845988358 0.006392853543202643 0.3951180247088648 1.121075906288642 1.6084245988894974
123 984 -0.9994890479026248 -0.7549513074737899 0.12250602179424891 0.5269783934382879 0.006392853543202643 0.3951180247088648 1.121075906288642 1.6084245988894974
124 992 -0.9994977144936147 -0.7733462735847486 0.024313625977367685 0.3502722854612136 0.006392853543202643 0.3951180247088648 1.121075906288642 1.6084245988894974
125 1000 -0.9994215359617936 -0.7165909925941065 0.073952430582746 0.3320842326943866 0.005905972472655934 0.43152168745665737 1.264709079916315 1.4880406902772982
126 1008 -0.9994033630167475 -0.645970065502027 0.1822734550575618 0.26990599176938823 0.005905972472655934 0.43152168745665737 1.264709079916315 1.4880406902772982
127 1016 -0.9993078298927291 -0.6785782140084687 0.12524965559130286 0.21054725967951726 0.005905972472655934 0.43152168745665737 1.264709079916315 1.4880406902772982
128 1024 -0.9993992008752016 -0.6280146821033721 0.07422634668300185 0.25628144742897424 0.005905972472655934 0.43152168745665737 1.264709079916315 1.4880406902772982
129 1032 -0.9993068615118214 -0.5409807701064794 0.12123873597392029 0.1718714356732957 0.00579181281986283 0.6323378923632059 1.238866054279891 1.4371242619686346
130 1040 -0.999417171105653 -0.48508717918506816 0.12454843304766525 0.3021175105081925 0.00579181281986283 0.6323378923632059 1.238866054279891 1.4371242619686346
131 1048 -0.9992309328770029 -0.4637089302375649 0.10355804109981266 0.2829643730343215 0.00579181281986283 0.6323378923632059 1.238866054279891 1.4371242619686346
132 1056 -0.99906346955742 -0.4971625974791492 0.005763496597407274 0.43368771436300807 0.00579181281986283 0.6323378923632059 1.238866054279891 1.4371242619686346
133 1064 -0.9988435338887087 -0.5405945142917703 0.005170904421700355 0.2618659601599557 0.007097642825282754 0.6374477471494102 1.20044718607785 1.467152530092982
134 1072 -0.9988063435573923 -0.4935010141277571 0.016973923006326067 0.3730968826725739 0.007097642825282754 0.6374477471494102 1.20044718607785 1.467152530092982
135 1080 -0.998902336020917 -0.5374690892772022 0.06442903421169971 0.23040463323039462 0.007097642825282754 0.6374477471494102 1.20044718607785 1.467152530092982
136 1088 -0.998778400723106 -0.4895020450225066 0.11091956703926342 0.2583993386227652 0.007097642825282754 0.6374477471494102 1.20044718607785 1.467152530092982
137 1096 -0.9985246450384023 -0.47280792123898824 0.006818441245056145 0.30051338294052826 0.007461198423013529 0.6728601839332357 1.1671636684326079 1.478151708887272
138 1104 -0.9983268910874717 -0.549363355589936 -0.012534532761571099 0.23287744758834616 0.007461198423013529 0.6728601839332357 1.1671636684326079 1.478151708887272
139 1112 -0.9983194682471739 -0.48672301975892845 0.02877114966424596 0.2317926760472023 0.007461198423013529 0.6728601839332357 1.1671636684326079 1.478151708887272
140 1120 -0.997808191553968 -0.3881912065921737 0.03720960305817296 0.10539953939625732 0.007461198423013529 0.6728601839332357 1.1671636684326079 1.478151708887272
141 1128 -0.9977111600346034 -0.25832246093679856 0.007958968807869496 0.011363645771792268 0.011588690149727488 0.8608354921391278 1.121758837970177 1.4143850491185195
142 1136 -0.9976051271602878 -0.19717352691359058 -0.0030699090068313805 -0.001282096878039784 0.011588690149727488 0.8608354921391278 1.121758837970177 1.4143850491185195
143 1144 -0.9979821859371014 -0.3728796928711636 0.11112082272115234 0.13783996645815014 0.011588690149727488 0.8608354921391278 1.121758837970177 1.4143850491185195
144 1152 -0.9984002030221703 -0.48112427796110663 0.09843067686438653 0.23140207802589788 0.011588690149727488 0.8608354921391278 1.121758837970177 1.4143850491185195
145 1160 -0.998177909565942 -0.39966492515582897 0.05829405578991781 0.126848384110531 0.012903489986178315 0.7545750744726903 1.1790235992508793 1.4284093633619923
146 1168 -0.99830099702956 -0.4370061106148979 -0.006276507065045119 0.09715929318453759 0.012903489986178315 0.7545750744726903 1.1790235992508793 1.4284093633619923
147 1176 -0.9983156171568379 -0.4303757330858913 0.01041247682437466 0.11807413628629126 0.012903489986178315 0.7545750744726903 1.1790235992508793 1.4284093633619923
148 1184 -0.9979681806540975 -0.4287414966821007 0.0073489733364453 0.031230052765669567 0.012903489986178315 0.7545750744726903 1.1790235992508793 1.4284093633619923
149 1192 -0.9983004672808 -0.5950258426491554 0.024722043060587548 0.060318447969672805 0.019501125541029327 0.6316677955031698 1.2619150321828443 1.4171047786870836
150 1200 -0.9980710527962084 -0.5567560148828673 0.12432927068920534 0.23746278535376059 0.019501125541029327 0.6316677955031698 1.2619150321828443 1.4171047786870836
151 1208 -0.9976874821858599 -0.4556422135995156 0.02857020622212907 0.1400370263223628 0.019501125541029327 0.6316677955031698 1.2619150321828443 1.4171047786870836
152 1216 -0.9979671968720876 -0.46619338899073337 0.04419817069358217 0.1203595191616852 0.019501125541029327 0.6316677955031698 1.2619150321828443 1.4171047786870836
153 1224 -0.9980873177889202 -0.4730445117472971 0.01111056776376222 0.17471982809484923 0.027190171525644843 0.7142225098365774 1.1841922698668772 1.4445883735523686
154 1232 -0.9974235708448149 -0.5175044220384227 0.006577579525202771 0.10900321330630812 0.027190171525644843 0.7142225098365774 1.1841922698668772 1.4445883735523686
155 1240 -0.9971626454761745 -0.5518745358800877 0.05349906942743026 0.13227960714077097 0.027190171525644843 0.7142225098365774 1.1841922698668772 1.4445883735523686
156 1248 -0.9977169539547759 -0.6045994151683906 0.03130207480951146 0.16123942143165343 0.027190171525644843 0.7142225098365774 1.1841922698668772 1.4445883735523686
157 1256 -0.998187344828406 -0.6741744495662667 0.04947080983839795 0.06123658171097815 0.03086483432223354 0.563084594360209 1.2936706321319045 1.4171800863531416
158 1264 -0.998223667585749 -0.6908298421816184 0.017941436738551038 0.11326362417672128 0.03086483432223354 0.563084594360209 1.2936706321319045 1.4171800863531416
159 1272 -0.9984385197620105 -0.7628006078806859 0.052873362888493064 0.15891736955627062 0.03086483432223354 0.563084594360209 1.2936706321319045 1.4171800863531416
160 1280 -0.9986775836098691 -0.7948398926947317 0.05169817856345771 0.15945804294423202 0.03086483432223354 0.563084594360209 1.2936706321319045 1.4171800863531416
161 1288 -0.9987682399480391 -0.7866440890033304 0.10258721113779501 0.11521271225052354 0.029646528168154142 0.4307709940684219 1.3363764141128907 1.4239576938377239
162 1296 -0.9986630906875975 -0.8196683155482294 0.09498144884570264 0.13333321221812766 0.029646528168154142 0.4307709940684219 1.3363764141128907 1.4239576938377239
163 1304 -0.9987957229686337 -0.8352205899902262 0.07445874534525558 0.17714953790421362 0.029646528168154142 0.4307709940684219 1.3363764141128907 1.4239576938377239
164 1312 -0.9988931553725252 -0.8419048567447611 0.09758198635901622 0.1427159950780868 0.029646528168154142 0.4307709940684219 1.3363764141128907 1.4239576938377239
165 1320 -0.9989919435607735 -0.8777806499185098 0.030619590732993935 0.1724383916776164 0.025274752069857416 0.31533902791912655 1.3397039357022145 1.4509017365220922
166 1328 -0.9991197665304559 -0.9215411872299877 0.04464058473759788 0.09127594979912655 0.025274752069857416 0.31533902791912655 1.3397039357022145 1.4509017365220922
167 1336 -0.9994283530618167 -0.9202092023851504 0.0321613480472058 0.1689919781309387 0.025274752069857416 0.31533902791912655 1.3397039357022145 1.4509017365220922
168 1344 -0.9995098606235442 -0.9182148231853328 0.10879794935841017 0.34045767968632684 0.025274752069857416 0.31533902791912655 1.3397039357022145 1.4509017365220922
169 1352 -0.9996032652555351 -0.9095203398796622 0.147419000999475 0.39047968750744977 0.01595468785460641 0.2439358720463889 1.196053796846705 1.5842020241474921
170 1360 -0.9996392439623141 -0.9160619608534875 0.25564797798199235 0.49378012476497074 0.01595468785460641 0.2439358720463889 1.196053796846705 1.5842020241474921
171 1368 -0.9996928619270282 -0.906875287434951 0.3086528960859259 0.5486402489952046 0.01595468785460641 0.2439358720463889 1.196053796846705 1.5842020241474921
172 1376 -0.9997263640860934 -0.909736045478217 0.21929933952786135 0.48617407551850633 0.01595468785460641 0.2439358720463889 1.196053796846705 1.5842020241474921
173 1384 -0.9996792473344686 -0.9008199853721682 0.09644923560516669 0.3887766843823419 0.015050856854227733 0.23110429263174603 1.2191478596492213 1.5684523499130782
174 1392 -0.9995670833918336 -0.9158019076719727 0.1100901868898145 0.3801397596529782 0.015050856854227733 0.23110429263174603 1.2191478596492213 1.5684523499130782
175 1400 -0.9995864115714421 -0.9328094315546307 0.1942512401057073 0.4227751184561882 0.015050856854227733 0.23110429263174603 1.2191478596492213 1.5684523499130782
176 1408 -0.9996255927933275 -0.9187795774594729 0.2146354328822873 0.4899349661179213 0.015050856854227733 0.23110429263174603 1.2191478596492213 1.5684523499130782
177 1416 -0.999579934326387 -0.9325455768781623 0.20807603862559812 0.472490068328309 0.017019672841678303 0.17129490316006624 1.1434096054604788 1.6318648415320607
178 1424 -0.9996363408279735 -0.9454290265056096 0.33128516026930716 0.5482795760795743 0.017019672841678303 0.17129490316006624 1.1434096054604788 1.6318648415320607
179 1432 -0.9996804179852562 -0.9549236249159018 0.3936980677459975 0.569912334994029 0.017019672841678303 0.17129490316006624 1.1434096054604788 1.6318648415320607
180 1440 -0.9995770563927452 -0.9565485666648035 0.28711465953689463 0.4898721402317311 0.017019672841678303 0.17129490316006624 1.1434096054604788 1.6318648415320607
181 1448 -0.9995083919713474 -0.9558542657884906 0.18158742397436833 0.4082658391647888 0.018298659216979367 0.13762555141008256 1.184014478601439 1.6058748647177012
182 1456 -0.9994504139377096 -0.9599586262533897 0.15467730439881955 0.37769983671598023 0.018298659216979367 0.13762555141008256 1.184014478601439 1.6058748647177012
183 1464 -0.9993899182247675 -0.9684081325613241 0.1793643512640815 0.37270625905568094 0.018298659216979367 0.13762555141008256 1.184014478601439 1.6058748647177012
184 1472 -0.9993850938958712 -0.968731635020706 -0.0043381538774647345 0.19010659433305171 0.018298659216979367 0.13762555141008256 1.184014478601439 1.6058748647177012
185 1480 -0.9993637546471552 -0.965666523295228 0.02507233814770301 0.1485432927010144 0.018610490426004354 0.13753867771002132 1.3700019660226106 1.4504590221285347
186 1488 -0.9994677585636926 -0.9470672065187078 0.06162588177978818 0.1558209056824925 0.018610490426004354 0.13753867771002132 1.3700019660226106 1.4504590221285347
187 1496 -0.9994974397153974 -0.9309832231982986 0.08801839770977501 0.15128255316353362 0.018610490426004354 0.13753867771002132 1.3700019660226106 1.4504590221285347
188 1504 -0.9996049644150217 -0.9327242333765837 0.13315852391141675 0.38111965177508245 0.018610490426004354 0.13753867771002132 1.3700019660226106 1.4504590221285347
189 1512 -0.9995206663535899 -0.9288399148658848 0.00904235597638799 0.22951251483591226 0.01884958412724067 0.20324073240881008 1.3270601112914016 1.4823121664775656
190 1520 -0.9994909005439089 -0.9157248661382966 0.06610188780730333 0.18163215739297567 0.01884958412724067 0.20324073240881008 1.3270601112914016 1.4823121664775656
191 1528 -0.9994745220699294 -0.8984869151266386 0.020729777092291752 0.2860836306205456 0.01884958412724067 0.20324073240881008 1.3270601112914016 1.4823121664775656
192 1536 -0.9993659041830403 -0.9008230819287419 0.06764486091105405 0.32323607715806113 0.01884958412724067 0.20324073240881008 1.3270601112914016 1.4823121664775656
193 1544 -0.9993956629108526 -0.9161645045583698 0.03293346432008303 0.2808931996455023 0.02078782996555803 0.22782492609404936 1.2862651872321036 1.514326760408838
194 1552 -0.9995123933497035 -0.9144359872064874 0.07891863855168753 0.21226283624024714 0.02078782996555803 0.22782492609404936 1.2862651872321036 1.514326760408838
195 1560 -0.9996240678068118 -0.9143268433924712 0.06558783408429916 0.252996089529961 0.02078782996555803 0.22782492609404936 1.2862651872321036 1.514326760408838
196 1568 -0.9996122626587536 -0.9136712410722123 0.03732006913986109 0.2773760309537472 0.02078782996555803 0.22782492609404936 1.2862651872321036 1.514326760408838
197 1576 -0.9996402227118326 -0.9222401833693679 0.09401573000989116 0.38396197914775315 0.017259633814942915 0.18151480281051974 1.2270733178162583 1.5687719892019465
198 1584 -0.9996322361833838 -0.915481701836315 0.018139239985655805 0.2767657048928224 0.017259633814942915 0.18151480281051974 1.2270733178162583 1.5687719892019465
199 1592 -0.9997015317087886 -0.9234938535743524 0.021441179830581403 0.2531913974110014 0.017259633814942915 0.18151480281051974 1.2270733178162583 1.5687719892019465
200 1600 -0.9996358939101326 -0.9220536375916647 0.03744521238461378 0.2681386377400283 0.017259633814942915 0.18151480281051974 1.2270733178162583 1.5687719892019465
201 1608 -0.9994695486857562 -0.9185799036344001 0.147084143554305 0.17151979859067149 0.021678173198007543 0.17182607759499485 1.3839598939755293 1.4334088278409465
202 1616 -0.9993481297778513 -0.9183139828736145 0.11460621460614696 0.1936573812878245 0.021678173198007543 0.17182607759499485 1.3839598939755293 1.4334088278409465
203 1624 -0.9993152923567907 -0.9173451094703514 0.1454218637547935 0.1496645943037518 0.021678173198007543 0.17182607759499485 1.3839598939755293 1.4334088278409465
204 1632 -0.9992827505134929 -0.927403875781992 0.054523578837591874 0.3315922390288243 0.021678173198007543 0.17182607759499485 1.3839598939755293 1.4334088278409465
205 1640 -0.9992336992740162 -0.9319578544741759 0.19947536291183315 0.47296101533191703 0.02316821068540032 0.15116729390312572 1.1488485376261195 1.6299566622649726
206 1648 -0.9991797324176896 -0.9414880306908778 0.12333971372898377 0.38991491218857705 0.02316821068540032 0.15116729390312572 1.1488485376261195 1.6299566622649726
207 1656 -0.999051836141905 -0.9572700988798594 0.08473504245842918 0.3108378316982987 0.02316821068540032 0.15116729390312572 1.1488485376261195 1.6299566622649726
208 1664 -0.9991907754815783 -0.9642520839607942 0.2543226762927757 0.44835579701593675 0.02316821068540032 0.15116729390312572 1.1488485376261195 1.6299566622649726
209 1672 -0.9992428743032339 -0.9638342810901165 0.2863863844937343 0.4780116695659518 0.01934532321867923 0.1000962480784548 1.1111575873288861 1.6597997818145507
210 1680 -0.9991121119918314 -0.9650885665891462 0.22623470186204045 0.4170453893201859 0.01934532321867923 0.1000962480784548 1.1111575873288861 1.6597997818145507
211 1688 -0.9994195166859899 -0.953087986301523 0.1740704407413423 0.4217751211630246 0.01934532321867923 0.1000962480784548 1.1111575873288861 1.6597997818145507
212 1696 -0.9994146104224235 -0.9607904307014293 0.15546385059462525 0.3785716584071425 0.01934532321867923 0.1000962480784548 1.1111575873288861 1.6597997818145507
213 1704 -0.9994256308152091 -0.9641003947064268 0.17834283779067933 0.38894900516990183 0.01599758126622244 0.08425882036315079 1.1967366207156551 1.6001456150059328
214 1712 -0.9996076986170042 -0.9531890069000422 0.045861413141665294 0.30969124394014913 0.01599758126622244 0.08425882036315079 1.1967366207156551 1.6001456150059328
215 1720 -0.999673888975663 -0.9567607854585479 0.05341607793149965 0.21690574900720028 0.01599758126622244 0.08425882036315079 1.1967366207156551 1.6001456150059328
216 1728 -0.9995399351345823 -0.96304266362114 0.057882012655574994 0.18946873079516083 0.01599758126622244 0.08425882036315079 1.1967366207156551 1.6001456150059328
217 1736 -0.9995708371828281 -0.9645091784506242 0.022723915839427542 0.22373215153542975 0.014658468302721057 0.06826181350054107 1.333503835597677 1.4889234280415227
218 1744 -0.9994721631717449 -0.9635342920483667 0.09770143209415418 0.15344809879742816 0.014658468302721057 0.06826181350054107 1.333503835597677 1.4889234280415227
219 1752 -0.9994660430324591 -0.9646456055281994 0.006010264809176409 0.2391763441319831 0.014658468302721057 0.06826181350054107 1.333503835597677 1.4889234280415227
220 1760 -0.999398299444776 -0.9693150683736917 0.0016591724182900601 0.25340187244636786 0.014658468302721057 0.06826181350054107 1.333503835597677 1.4889234280415227
221 1768 -0.9993227787891884 -0.9765140381061475 0.13193638551788028 0.34340163136200325 0.01671554248722627 0.07054763082782216 1.2339803419385884 1.572271012940537
222 1776 -0.9993649886915557 -0.9795276721178298 0.31062695717072347 0.49378673064097317 0.01671554248722627 0.07054763082782216 1.2339803419385884 1.572271012940537
223 1784 -0.9993574218707664 -0.9743661804686415 0.2170205868752883 0.4275514234872285 0.01671554248722627 0.07054763082782216 1.2339803419385884 1.572271012940537
224 1792 -0.9992972545164076 -0.9725327647412969 0.11993543245072359 0.34291073368480474 0.01671554248722627 0.07054763082782216 1.2339803419385884 1.572271012940537
225 1800 -0.9992503183091241 -0.972672002032764 0.08602807702451253 0.30732032124760844 0.01741851432220698 0.08703263987370735 1.2660175537015068 1.5457430150820908
226 1808 -0.9991457085806056 -0.9723323661664554 0.0510799902870282 0.2689671587963255 0.01741851432220698 0.08703263987370735 1.2660175537015068 1.5457430150820908
227 1816 -0.9992099195678942 -0.9746168224652489 0.09561264458013902 0.30067379608199574 0.01741851432220698 0.08703263987370735 1.2660175537015068 1.5457430150820908
228 1824 -0.9995554730532319 -0.9708938073216158 0.2777657111541848 0.47850898414663684 0.01741851432220698 0.08703263987370735 1.2660175537015068 1.5457430150820908
229 1832 -0.9995353992649996 -0.9744324271109837 0.2651055999873843 0.4561620907494244 0.017870156425603027 0.08540242293457308 1.1300181504527156 1.647861057041416
230 1840 -0.9995430178458947 -0.9790454578968789 0.3318080300700703 0.5082158761639815 0.017870156425603027 0.08540242293457308 1.1300181504527156 1.647861057041416
231 1848 -0.9996176021353324 -0.9790368077866576 0.32163577599825277 0.49442448708446773 0.017870156425603027 0.08540242293457308 1.1300181504527156 1.647861057041416
232 1856 -0.9996430087850777 -0.9731102272912193 0.3194771132433207 0.5168787608181321 0.017870156425603027 0.08540242293457308 1.1300181504527156 1.647861057041416
233 1864 -0.9995822619107618 -0.9740069143612627 0.2770400965369495 0.4806464717129953 0.01584467563473113 0.07158487254698187 1.114581619677599 1.6590154807455297
234 1872 -0.9994838279114343 -0.9782390214456205 0.29568874427989933 0.48392652994936064 0.01584467563473113 0.07158487254698187 1.114581619677599 1.6590154807455297
235 1880 -0.9994007989994791 -0.9822072546582888 0.31110832686309653 0.48731333810068034 0.01584467563473113 0.07158487254698187 1.114581619677599 1.6590154807455297
236 1888 -0.9994221584047113 -0.9776496374644658 0.2979821295162125 0.4973279509972006 0.01584467563473113 0.07158487254698187 1.114581619677599 1.6590154807455297
237 1896 -0.9995097768970055 -0.9752144665464662 0.30542529095138504 0.5134968682069345 0.017262093190122393 0.050519648195812825 1.0876318360405584 1.6775597677924652
238 1904 -0.9995272424625847 -0.9779036502340441 0.311074382342397 0.5083973991480991 0.017262093190122393 0.050519648195812825 1.0876318360405584 1.6775597677924652
239 1912 -0.9994706249973234 -0.9820118125688568 0.4928371238400452 0.6570392755282513 0.017262093190122393 0.050519648195812825 1.0876318360405584 1.6775597677924652
240 1920 -0.9993748278935138 -0.9842391660404439 0.5324904424361769 0.6845661726268065 0.017262093190122393 0.050519648195812825 1.0876318360405584 1.6775597677924652
241 1928 -0.9994779954633016 -0.9787718117147444 0.47409561652469023 0.6516470299260216 0.01842917434168288 0.04343131998139549 0.9367302975922699 1.7664400458409155
242 1936 -0.9993628385886308 -0.9805921596515866 0.42314661123596337 0.602325393765648 0.01842917434168288 0.04343131998139549 0.9367302975922699 1.7664400458409155
243 1944 -0.999353025319676 -0.9764075483839 0.3327895995604655 0.5334482370914456 0.01842917434168288 0.04343131998139549 0.9367302975922699 1.7664400458409155
244 1952 -0.999159534462265 -0.9783802657943679 0.2830532833065608 0.48326313148565486 0.01842917434168288 0.04343131998139549 0.9367302975922699 1.7664400458409155
245 1960 -0.9990929889868612 -0.9790877118612169 0.21889019424174677 0.4208998921222215 0.02109337476139739 0.059152742386196944 1.1659775117739788 1.623746428678668
246 1968 -0.9992849285638549 -0.97751484295493 0.337698542115086 0.5362851161061695 0.02109337476139739 0.059152742386196944 1.1659775117739788 1.623746428678668
247 1976 -0.9993748229277319 -0.9782458267595632 0.32100767047637113 0.5171942011943612 0.02109337476139739 0.059152742386196944 1.1659775117739788 1.623746428678668
248 1984 -0.9993126600203522 -0.9776625283340096 0.31014779197028614 0.5073093569179198 0.02109337476139739 0.059152742386196944 1.1659775117739788 1.623746428678668
249 1992 -0.9993100923941113 -0.9766104323576598 0.2238016915673338 0.43279712033302875 0.020733590429193656 0.057782150390506395 1.1591186293656977 1.6287035778132097
250 2000 -0.9992183150564152 -0.9782413607090575 0.21777201000286323 0.42260724780309444 0.020733590429193656 0.057782150390506395 1.1591186293656977 1.6287035778132097
251 2008 -0.9992389197544078 -0.9792118118583621 0.20422456611596457 0.40448657791862447 0.020733590429193656 0.057782150390506395 1.1591186293656977 1.6287035778132097
252 2016 -0.9991455452926387 -0.9854114961491224 0.31454045052624624 0.48383330224236104 0.020733590429193656 0.057782150390506395 1.1591186293656977 1.6287035778132097
253 2024 -0.999371200728176 -0.9784796369079902 0.1820546929913169 0.39467535880409155 0.016811533498653216 0.046513385019745696 1.1931777142931161 1.604331891931867
254 2032 -0.9993317761165642 -0.9795577847162891 0.25679222446280525 0.4613622210592063 0.016811533498653216 0.046513385019745696 1.1931777142931161 1.604331891931867
255 2040 -0.9992572674408758 -0.9806122476614896 0.28808308715904707 0.4882808974178461 0.016811533498653216 0.046513385019745696 1.1931777142931161 1.604331891931867
256 2048 -0.9991941771197477 -0.9818388963847483 0.2567169103200791 0.4536819671982698 0.016811533498653216 0.046513385019745696 1.1931777142931161 1.604331891931867
257 2056 -0.9991731329369702 -0.9822808170524696 0.2808455801097537 0.47328627274077567 0.016594288411764288 0.046845845968505835 1.116324383643439 1.6587193755396652
258 2064 -0.9992760624300819 -0.9770412409635519 0.14282406379075524 0.369373909167366 0.016594288411764288 0.046845845968505835 1.116324383643439 1.6587193755396652
259 2072 -0.9990354542045365 -0.9809311058262884 0.26036893825867835 0.4682590505091188 0.016594288411764288 0.046845845968505835 1.116324383643439 1.6587193755396652
260 2080 -0.9988787558792551 -0.986839149525147 0.38141050917654395 0.5524268836135372 0.016594288411764288 0.046845845968505835 1.116324383643439 1.6587193755396652
261 2088 -0.999229769632297 -0.990470694705366 0.5839389582813699 0.7097596041506249 0.011160817611690684 0.03010135489627991 0.8408922739346578 1.8143509936670594
262 2096 -0.999156812199815 -0.989947006998701 0.5405673885395466 0.6764205770548534 0.011160817611690684 0.03010135489627991 0.8408922739346578 1.8143509936670594
263 2104 -0.9990632343173279 -0.9862363206707535 0.41783241760533346 0.5882338549058176 0.011160817611690684 0.03010135489627991 0.8408922739346578 1.8143509936670594
264 2112 -0.9989720295874964 -0.9865252842719967 0.4386842983143636 0.6061692080696218 0.011160817611690684 0.03010135489627991 0.8408922739346578 1.8143509936670594
265 2120 -0.9989069960329883 -0.9855516610199477 0.39900116613506986 0.5747853606226836 0.011596181572027473 0.03897838038288288 1.0132598638506334 1.7238476332742034
266 2128 -0.9990077840856468 -0.9838167103548741 0.2812894195473023 0.474584773701926 0.011596181572027473 0.03897838038288288 1.0132598638506334 1.7238476332742034
267 2136 -0.9992668610696985 -0.9822635684619326 0.3273319088469026 0.5150926644929131 0.011596181572027473 0.03897838038288288 1.0132598638506334 1.7238476332742034
268 2144 -0.9993870100574258 -0.9853266882584242 0.3209953056823181 0.4938602538781429 0.011596181572027473 0.03897838038288288 1.0132598638506334 1.7238476332742034
269 2152 -0.999168533127362 -0.9874995971269778 0.2949308392161572 0.46345453955413096 0.012306711075326151 0.039106861899969876 1.1142652248612923 1.660340991145993
270 2160 -0.9992739269414979 -0.9829166376637942 0.18393445429401417 0.3784082237344116 0.012306711075326151 0.039106861899969876 1.1142652248612923 1.660340991145993
271 2168 -0.9994533697579948 -0.9773654762725326 0.19911248327628248 0.4137348742893705 0.012306711075326151 0.039106861899969876 1.1142652248612923 1.660340991145993
272 2176 -0.9993706968674895 -0.9787301405675721 0.20199701983156307 0.4142171378547422 0.012306711075326151 0.039106861899969876 1.1142652248612923 1.660340991145993
273 2184 -0.9993153120146305 -0.9795772282017813 0.16910454670159092 0.3820469262640344 0.012596296065554005 0.044590785469672545 1.2037084568598078 1.5965396788244282
274 2192 -0.9993399558128839 -0.9815156893621001 0.0889800443060057 0.2957409319923161 0.012596296065554005 0.044590785469672545 1.2037084568598078 1.5965396788244282
275 2200 -0.9991899617386053 -0.9869018241739199 0.12952872851778538 0.3073589091771307 0.012596296065554005 0.044590785469672545 1.2037084568598078 1.5965396788244282
276 2208 -0.9991339790121894 -0.9876403192856001 0.1674652092575925 0.3399451936284293 0.012596296065554005 0.044590785469672545 1.2037084568598078 1.5965396788244282
277 2216 -0.9993396544160282 -0.9856881678291516 0.34491022000461363 0.5091042789306288 0.016545318699188242 0.04580984224123463 1.070621041378372 1.6886083905218712
278 2224 -0.999136651108135 -0.9856723976166774 0.21759964191310105 0.3906737366121753 0.016545318699188242 0.04580984224123463 1.070621041378372 1.6886083905218712
279 2232 -0.9989108034925658 -0.9849851686941371 0.07947690592960237 0.2643978249550855 0.016545318699188242 0.04580984224123463 1.070621041378372 1.6886083905218712
280 2240 -0.9991687966249038 -0.9774953800843186 0.22967320887771614 0.4313494128317135 0.016545318699188242 0.04580984224123463 1.070621041378372 1.6886083905218712
281 2248 -0.9989609749965205 -0.9775825658382175 0.1820010717562072 0.3861774129690633 0.02658881373317918 0.06630794502386692 1.1960282621582967 1.6013783711320628
282 2256 -0.9989660516845563 -0.9778237938647959 0.09450082275419913 0.30326946048277403 0.02658881373317918 0.06630794502386692 1.1960282621582967 1.6013783711320628
283 2264 -0.998889534823784 -0.9845788898099028 0.12058509990195841 0.2939551758968614 0.02658881373317918 0.06630794502386692 1.1960282621582967 1.6013783711320628
284 2272 -0.9988258512021377 -0.9861852378465672 0.13274806829337654 0.29711361744549436 0.02658881373317918 0.06630794502386692 1.1960282621582967 1.6013783711320628
285 2280 -0.9989254581052122 -0.9810848689318081 0.16335542638413217 0.35125452461792156 0.02702299704030753 0.0680567980389088 1.2180351634745754 1.5846224693633224
286 2288 -0.998904799269763 -0.9810612994945193 0.19500314069936966 0.38711824158243463 0.02702299704030753 0.0680567980389088 1.2180351634745754 1.5846224693633224
287 2296 -0.9983674914327154 -0.9835379818717144 0.02397590620003815 0.22158739287554596 0.02702299704030753 0.0680567980389088 1.2180351634745754 1.5846224693633224
288 2304 -0.9983082936790598 -0.9814683604926379 -0.022842284050294055 0.18974726184368262 0.02702299704030753 0.0680567980389088 1.2180351634745754 1.5846224693633224
289 2312 -0.9980552174056125 -0.9837154231751741 0.11550262810134097 0.3243057351562855 0.0234342726202798 0.05618202747490351 1.2484287111511163 1.5613200081434717
290 2320 -0.9978026982645896 -0.9852374413722764 0.1525010176512334 0.3575486797958057 0.0234342726202798 0.05618202747490351 1.2484287111511163 1.5613200081434717
291 2328 -0.9982296671931196 -0.9789214358827623 0.08461370043288066 0.32231895339672634 0.0234342726202798 0.05618202747490351 1.2484287111511163 1.5613200081434717
292 2336 -0.9978625395399793 -0.97510024515966 0.004320564263650335 0.20314118475244108 0.0234342726202798 0.05618202747490351 1.2484287111511163 1.5613200081434717
293 2344 -0.998519943146064 -0.9618348256817028 0.037020267956681806 0.2235169018234728 0.021764925636565496 0.061573385687475696 1.3608198438917367 1.4642077580239379
294 2352 -0.998725937818804 -0.9675090719867264 0.03110111347275026 0.3068929990620749 0.021764925636565496 0.061573385687475696 1.3608198438917367 1.4642077580239379
295 2360 -0.9986482662510641 -0.9704112739595856 0.09355015369889318 0.3563966991909623 0.021764925636565496 0.061573385687475696 1.3608198438917367 1.4642077580239379
296 2368 -0.999062481420341 -0.9592925178099471 0.22027822339582856 0.5080222986023519 0.021764925636565496 0.061573385687475696 1.3608198438917367 1.4642077580239379
297 2376 -0.9993241140364142 -0.9636950028089311 0.42694111290041703 0.6693854935995882 0.015235805627158544 0.04189232558189535 0.9537565588860386 1.757373417821635
298 2384 -0.999223626748186 -0.9715081248580612 0.4161616939164119 0.6374988807555049 0.015235805627158544 0.04189232558189535 0.9537565588860386 1.757373417821635
299 2392 -0.9989997191472633 -0.972234178016064 0.33171172508449753 0.5660863565899692 0.015235805627158544 0.04189232558189535 0.9537565588860386 1.757373417821635
300 2400 -0.9987166422837992 -0.977841995699421 0.28669077145507615 0.5121471707701187 0.015235805627158544 0.04189232558189535 0.9537565588860386 1.757373417821635
301 2408 -0.99883551912043 -0.9745037056209465 0.29187521649041803 0.5252839225427316 0.01773555585929745 0.04687885580750577 1.0882405714425478 1.6772657158610669
302 2416 -0.9986196411155042 -0.9819177823101614 0.45018824234521815 0.6344230963269213 0.01773555585929745 0.04687885580750577 1.0882405714425478 1.6772657158610669
303 2424 -0.9982695971150192 -0.9813877359801996 0.39948111590514085 0.5949069358864235 0.01773555585929745 0.04687885580750577 1.0882405714425478 1.6772657158610669
304 2432 -0.9985287964755812 -0.9838227412349211 0.4366150487832774 0.6122372785552954 0.01773555585929745 0.04687885580750577 1.0882405714425478 1.6772657158610669
305 2440 -0.998511786576371 -0.985297674575312 0.4059180261137331 0.5794682779110487 0.023252524147465575 0.04811677617163035 1.0072215110028016 1.727034719901385
306 2448 -0.9984535442139737 -0.9797273693835276 0.34871594368531567 0.5520316688456413 0.023252524147465575 0.04811677617163035 1.0072215110028016 1.727034719901385
307 2456 -0.9986438462858692 -0.9716126386902693 0.30529798468644137 0.537686704459942 0.023252524147465575 0.04811677617163035 1.0072215110028016 1.727034719901385
308 2464 -0.9985411741064353 -0.9675241482469439 0.2855983820080925 0.5336639827083851 0.023252524147465575 0.04811677617163035 1.0072215110028016 1.727034719901385
309 2472 -0.998848373356878 -0.96828412824189 0.3625184115738913 0.5904677412737722 0.02490390360904669 0.07497911990485019 1.0237366269817216 1.7163103582217907
310 2480 -0.9988839111652189 -0.9647346857528025 0.33360160348578843 0.5780429235635722 0.02490390360904669 0.07497911990485019 1.0237366269817216 1.7163103582217907
311 2488 -0.9985226431171027 -0.974697033400197 0.3656704105970145 0.582183016836042 0.02490390360904669 0.07497911990485019 1.0237366269817216 1.7163103582217907
312 2496 -0.9983796226170981 -0.9752716340590655 0.3963622324924987 0.6086969524050989 0.02490390360904669 0.07497911990485019 1.0237366269817216 1.7163103582217907
313 2504 -0.9986201922333584 -0.9831023904407905 0.5346038338078893 0.6938832466789948 0.024328766074976277 0.05896939284579123 0.8786797802982744 1.7955089990149438
314 2512 -0.998995999828387 -0.9812230569436716 0.6361828189112583 0.7787553731877597 0.024328766074976277 0.05896939284579123 0.8786797802982744 1.7955089990149438
315 2520 -0.9990125079628676 -0.9795953436679673 0.6342246731684313 0.7811825505772418 0.024328766074976277 0.05896939284579123 0.8786797802982744 1.7955089990149438
316 2528 -0.9985943419446255 -0.980854117670825 0.6149573763148286 0.7615400921272777 0.024328766074976277 0.05896939284579123 0.8786797802982744 1.7955089990149438
317 2536 -0.9985790030640197 -0.9819697118094016 0.6299818530945311 0.775174332392555 0.0280697482409154 0.057996618262456 0.7722511557173452 1.8437669684634868
318 2544 -0.9983232288089466 -0.9814562872468445 0.6435435049934103 0.7913629091823362 0.0280697482409154 0.057996618262456 0.7722511557173452 1.8437669684634868
319 2552 -0.9980910993821573 -0.9845225290667388 0.6929088292392799 0.824819197613764 0.0280697482409154 0.057996618262456 0.7722511557173452 1.8437669684634868
320 2560 -0.9979663046513739 -0.9852199940164914 0.7039082614095822 0.8309486353975173 0.0280697482409154 0.057996618262456 0.7722511557173452 1.8437669684634868
321 2568 -0.9961996855569241 -0.9842105797966971 0.6249661588280809 0.785135221151221 0.037854925758222864 0.047922773091570954 0.7684064743768854 1.8454869012135353
322 2576 -0.9965594307838296 -0.9856822462289033 0.7019216483319414 0.8334474868062854 0.037854925758222864 0.047922773091570954 0.7684064743768854 1.8454869012135353
323 2584 -0.9972961590218581 -0.9881728441848955 0.7349397976519699 0.8463994499841981 0.037854925758222864 0.047922773091570954 0.7684064743768854 1.8454869012135353
324 2592 -0.9969076972735369 -0.9837758342840633 0.6844865288286767 0.8193130204174173 0.037854925758222864 0.047922773091570954 0.7684064743768854 1.8454869012135353
325 2600 -0.9970594288214214 -0.9857033207095071 0.6937397513513617 0.8234080359705915 0.040578391816224836 0.04845669643701507 0.6953859687357177 1.8741514605744929
326 2608 -0.9975411683116497 -0.9837943419378493 0.7072271277545464 0.8360069755140602 0.040578391816224836 0.04845669643701507 0.6953859687357177 1.8741514605744929
327 2616 -0.9972538229902199 -0.9885438946354422 0.7771509104131453 0.8733027344970946 0.040578391816224836 0.04845669643701507 0.6953859687357177 1.8741514605744929
328 2624 -0.9965858182596647 -0.9864482779991314 0.7229553162585133 0.8403759538017027 0.040578391816224836 0.04845669643701507 0.6953859687357177 1.8741514605744929
329 2632 -0.996435295291472 -0.9851424177473598 0.7248137623192369 0.840768121074734 0.052063972208972666 0.058579806495076873 0.6585175291223265 1.8868525148795938
330 2640 -0.9970748449276083 -0.9900783160274296 0.7946346036368696 0.8795482943096935 0.052063972208972666 0.058579806495076873 0.6585175291223265 1.8868525148795938
331 2648 -0.9971624307284651 -0.9904867265732192 0.8142760634883355 0.8918561982977321 0.052063972208972666 0.058579806495076873 0.6585175291223265 1.8868525148795938
332 2656 -0.9969599872222007 -0.9891463211754656 0.8063139712349853 0.896294420025586 0.052063972208972666 0.058579806495076873 0.6585175291223265 1.8868525148795938
333 2664 -0.997218389868171 -0.9870788476325847 0.7624077190435521 0.8695809951759339 0.04038637707306767 0.052517117642282916 0.6061578206468853 1.9047791445125808
334 2672 -0.9975867937528141 -0.9902503964545291 0.797776285688869 0.8873319321461461 0.04038637707306767 0.052517117642282916 0.6061578206468853 1.9047791445125808
335 2680 -0.9974531835367006 -0.9912276760792218 0.8084827747745159 0.8915437067400102 0.04038637707306767 0.052517117642282916 0.6061578206468853 1.9047791445125808
336 2688 -0.9975808749789555 -0.9899025593207805 0.7868504059983316 0.8805935330981738 0.04038637707306767 0.052517117642282916 0.6061578206468853 1.9047791445125808
337 2696 -0.9976349268202371 -0.9888320234657891 0.7829978120697467 0.8826087990771933 0.030280992506402562 0.05258256966253541 0.5775068856565139 1.9138453260072579
338 2704 -0.9981822069067265 -0.9860074460436334 0.7779981886162395 0.8862179993471432 0.030280992506402562 0.05258256966253541 0.5775068856565139 1.9138453260072579
339 2712 -0.9980443825222721 -0.9848488138265901 0.7538203871314387 0.8702261475875951 0.030280992506402562 0.05258256966253541 0.5775068856565139 1.9138453260072579
340 2720 -0.9983280635711758 -0.984896470284346 0.7612159490717831 0.8734712263067388 0.030280992506402562 0.05258256966253541 0.5775068856565139 1.9138453260072579
341 2728 -0.9986906209309586 -0.9834172086925824 0.7649177659524267 0.8754360903192648 0.028323921255110383 0.052874511313572965 0.6011054593817621 1.9065870733432357
342 2736 -0.9986364829676325 -0.9862530463895006 0.8100996262631333 0.9012378608711192 0.028323921255110383 0.052874511313572965 0.6011054593817621 1.9065870733432357
343 2744 -0.9986621675592945 -0.9856849883662175 0.8025786111954442 0.8976931874667764 0.028323921255110383 0.052874511313572965 0.6011054593817621 1.9065870733432357
344 2752 -0.9984502674119776 -0.985459191538645 0.800383804849877 0.8948771149607792 0.028323921255110383 0.052874511313572965 0.6011054593817621 1.9065870733432357
345 2760 -0.9986435764737706 -0.9854811238347012 0.8073961196545515 0.8987439492996758 0.033517891292041316 0.04747016792754993 0.5440838209533805 1.9236933045309057
346 2768 -0.9984529830389272 -0.9848623475516839 0.794694481497513 0.8907546790740086 0.033517891292041316 0.04747016792754993 0.5440838209533805 1.9236933045309057
347 2776 -0.9985753955958682 -0.9834079513457723 0.7798368950717512 0.8837490256561381 0.033517891292041316 0.04747016792754993 0.5440838209533805 1.9236933045309057
348 2784 -0.9982751338932682 -0.9794882134839196 0.7253448798693111 0.8541423712883308 0.033517891292041316 0.04747016792754993 0.5440838209533805 1.9236933045309057
349 2792 -0.9976948639547082 -0.9838585500090284 0.7531856020190392 0.8670814475019677 0.04239180273893881 0.049331756174554986 0.6174097735945995 1.9012034305573782
350 2800 -0.9965344130221405 -0.9754033120115113 0.6211566100778374 0.7927595112136886 0.04239180273893881 0.049331756174554986 0.6174097735945995 1.9012034305573782
351 2808 -0.9964361781598605 -0.9651050854545519 0.5110073806784388 0.7371155764510666 0.04239180273893881 0.049331756174554986 0.6174097735945995 1.9012034305573782
352 2816 -0.9963142750118671 -0.9488224575477506 0.36694632656552434 0.666607223658685 0.04239180273893881 0.049331756174554986 0.6174097735945995 1.9012034305573782
353 2824 -0.9947539770978816 -0.9544587572163841 0.23095687149558602 0.545795515478043 0.054240133878045674 0.08496337368291575 1.1052246963997936 1.6638261938908439
354 2832 -0.9930639513502268 -0.9535102156235475 0.027633438774139003 0.36279101236231165 0.054240133878045674 0.08496337368291575 1.1052246963997936 1.6638261938908439
355 2840 -0.9944296245499831 -0.9486117264675031 0.09740414633306581 0.42939911181122525 0.054240133878045674 0.08496337368291575 1.1052246963997936 1.6638261938908439
356 2848 -0.9924878105157631 -0.9590007373176762 0.2686619647251865 0.5743583447748051 0.054240133878045674 0.08496337368291575 1.1052246963997936 1.6638261938908439
357 2856 -0.9926545052226178 -0.9628114453606107 0.32216572142611544 0.610359183425873 0.06186984090745355 0.08334002668275726 1.0317404092095461 1.710186624536259
358 2864 -0.9915915702857254 -0.9654098837713878 0.2647002308058299 0.5568266850395643 0.06186984090745355 0.08334002668275726 1.0317404092095461 1.710186624536259
359 2872 -0.9921825218209048 -0.9639465924529292 0.23671399828706804 0.5377318202325579 0.06186984090745355 0.08334002668275726 1.0317404092095461 1.710186624536259
360 2880 -0.9935101956478161 -0.956988883320493 0.25213497977501464 0.5537827932265895 0.06186984090745355 0.08334002668275726 1.0317404092095461 1.710186624536259
361 2888 -0.9939019229176584 -0.9521453190307709 0.2943574144199357 0.6127709737928759 0.05052704546235988 0.09634948675423095 1.0441419856578489 1.7023311393103058
362 2896 -0.9926896340951087 -0.9671577922701894 0.3495996169307575 0.6331130897358798 0.05052704546235988 0.09634948675423095 1.0441419856578489 1.7023311393103058
363 2904 -0.9914919235990542 -0.9728247450417888 0.3914536809587734 0.6460222261816189 0.05052704546235988 0.09634948675423095 1.0441419856578489 1.7023311393103058
364 2912 -0.9936495283952199 -0.980394452225566 0.5219860558350999 0.7129876287694005 0.05052704546235988 0.09634948675423095 1.0441419856578489 1.7023311393103058
365 2920 -0.9948929258012162 -0.972006466961483 0.5455639496536785 0.7512094349238838 0.04754187414333597 0.09040103089096188 0.8368266788195653 1.8136395820097793
366 2928 -0.9921909751989643 -0.9817614414457171 0.5007068547070236 0.7171347677180498 0.04754187414333597 0.09040103089096188 0.8368266788195653 1.8136395820097793
367 2936 -0.9914287822418367 -0.9806335591857678 0.47050946301617774 0.7016992835246695 0.04754187414333597 0.09040103089096188 0.8368266788195653 1.8136395820097793
368 2944 -0.9929289063053618 -0.9834843136022856 0.5980073755161597 0.7845953053967647 0.04754187414333597 0.09040103089096188 0.8368266788195653 1.8136395820097793
369 2952 -0.9912146814373664 -0.9863902979096233 0.5572648204073714 0.7504802216460463 0.04705611806255933 0.05622635465256612 0.8302499212429982 1.8180509858283298
370 2960 -0.9917582128880524 -0.9899913567822876 0.6619704734937746 0.8167001306676088 0.04705611806255933 0.05622635465256612 0.8302499212429982 1.8180509858283298
371 2968 -0.9911935873856974 -0.9891206531201044 0.6069823763455171 0.7794868808125175 0.04705611806255933 0.05622635465256612 0.8302499212429982 1.8180509858283298
372 2976 -0.9931239607345766 -0.990249366091089 0.7062197582342566 0.8394656747999995 0.04705611806255933 0.05622635465256612 0.8302499212429982 1.8180509858283298
373 2984 -0.9933545257389239 -0.9882787635671726 0.6590664985036931 0.8108760352441126 0.047464004940866875 0.05333399586834306 0.7264811088405779 1.862022516409899
374 2992 -0.9930954212634553 -0.9861022729651966 0.6263843259480953 0.7966561322825725 0.047464004940866875 0.05333399586834306 0.7264811088405779 1.862022516409899
375 3000 -0.9921691570849891 -0.9875841072095878 0.6058070683263347 0.7758242767966221 0.047464004940866875 0.05333399586834306 0.7264811088405779 1.862022516409899
376 3008 -0.9915782591385753 -0.9852337705620698 0.5603317220797397 0.7521862022518652 0.047464004940866875 0.05333399586834306 0.7264811088405779 1.862022516409899
377 3016 -0.9923203845663929 -0.9880083797667573 0.6074312951428507 0.776324813682684 0.04242764180209952 0.060498462931824155 0.7829104773446115 1.838910279393215
378 3024 -0.9898873712340595 -0.9838576511715561 0.4675940972828112 0.6869955002911246 0.04242764180209952 0.060498462931824155 0.7829104773446115 1.838910279393215
379 3032 -0.9896779095752276 -0.9869572697731858 0.5284785563538327 0.7285201696466592 0.04242764180209952 0.060498462931824155 0.7829104773446115 1.838910279393215
380 3040 -0.9906063302062182 -0.9881777486296255 0.5931835705364351 0.7675726221096442 0.04242764180209952 0.060498462931824155 0.7829104773446115 1.838910279393215
381 3048 -0.990562085087438 -0.987907150578065 0.5602467903698257 0.745907466621753 0.038584182276751686 0.067522449974635 0.8302938180723032 1.8178460207889926
382 3056 -0.9931672123165447 -0.9899840510004585 0.6555957191856339 0.7942704290052991 0.038584182276751686 0.067522449974635 0.8302938180723032 1.8178460207889926
383 3064 -0.9930552174161948 -0.9924787273575764 0.6663530119121837 0.7938049794361083 0.038584182276751686 0.067522449974635 0.8302938180723032 1.8178460207889926
384 3072 -0.9907452761713073 -0.9890458369986825 0.5468654273806935 0.7187966694557912 0.038584182276751686 0.067522449974635 0.8302938180723032 1.8178460207889926
385 3080 -0.9910240042289321 -0.9901931468520484 0.5519206120525855 0.7177492235321951 0.04241099946157291 0.07186976918611489 0.8515879307892522 1.8077151433607803
386 3088 -0.9916984421484087 -0.9902906630211471 0.5710130273319511 0.7274567073125818 0.04241099946157291 0.07186976918611489 0.8515879307892522 1.8077151433607803
387 3096 -0.9935402778902566 -0.9917102478948087 0.5608407317423703 0.704456237283195 0.04241099946157291 0.07186976918611489 0.8515879307892522 1.8077151433607803
388 3104 -0.9944702300222458 -0.991624983900603 0.5566643535863757 0.7026508859953314 0.04241099946157291 0.07186976918611489 0.8515879307892522 1.8077151433607803
389 3112 -0.9937773015615885 -0.9933227275538443 0.5749060454747729 0.7092593252426962 0.04089629725154084 0.058460390641218524 0.8440534169837398 1.811762596168511
390 3120 -0.9945785233615395 -0.9944293490924574 0.619731557341716 0.7341427213169848 0.04089629725154084 0.058460390641218524 0.8440534169837398 1.811762596168511
391 3128 -0.9955669263798375 -0.992770150857072 0.5341976061876353 0.6614959431587304 0.04089629725154084 0.058460390641218524 0.8440534169837398 1.811762596168511
392 3136 -0.9964918600529175 -0.9928878797339253 0.5627773022546998 0.680484879176886 0.04089629725154084 0.058460390641218524 0.8440534169837398 1.811762596168511
393 3144 -0.997487353120155 -0.9941723547692715 0.6500227643992754 0.7396390338328549 0.0342367397970689 0.05266916345011924 0.7797095704455506 1.8406810670578289
394 3152 -0.9974062386645662 -0.994995491418114 0.7115607738367026 0.7859688201714343 0.0342367397970689 0.05266916345011924 0.7797095704455506 1.8406810670578289
395 3160 -0.9977250520899996 -0.9958524636805213 0.7220239205616815 0.787898337179038 0.0342367397970689 0.05266916345011924 0.7797095704455506 1.8406810670578289
396 3168 -0.9977416790620465 -0.9950004448612905 0.6463739878607101 0.7280832461623638 0.0342367397970689 0.05266916345011924 0.7797095704455506 1.8406810670578289
397 3176 -0.9976297782255531 -0.9962231973501394 0.667538331235564 0.7450005769338337 0.02681509504258013 0.048199150228301686 0.7649984813849803 1.8470882805306845
398 3184 -0.9971400229380252 -0.9961069757477501 0.6424225223339741 0.7284545776659441 0.02681509504258013 0.048199150228301686 0.7649984813849803 1.8470882805306845
399 3192 -0.9972970200351 -0.995680971164849 0.6122307974789464 0.7068611819989449 0.02681509504258013 0.048199150228301686 0.7649984813849803 1.8470882805306845
400 3200 -0.9974458017853834 -0.9958875367660567 0.6015228483266557 0.693149370243734 0.02681509504258013 0.048199150228301686 0.7649984813849803 1.8470882805306845
401 3208 -0.9976226713422174 -0.9967656748230042 0.6597239363494737 0.7393807719432614 0.024647964626716964 0.04227901671512138 0.7740611118852024 1.8434842981843935
402 3216 -0.9979955798825114 -0.9967874991339892 0.643087528005967 0.726985001347303 0.024647964626716964 0.04227901671512138 0.7740611118852024 1.8434842981843935
403 3224 -0.9987342148788669 -0.9960547917310122 0.6293380723146307 0.7157352499900538 0.024647964626716964 0.04227901671512138 0.7740611118852024 1.8434842981843935
404 3232 -0.9990068797317342 -0.9965329539648957 0.7105061645607447 0.7820924641736766 0.024647964626716964 0.04227901671512138 0.7740611118852024 1.8434842981843935
405 3240 -0.9989213513496027 -0.9971682135228068 0.7162535059119276 0.7860992589606227 0.016641436593807783 0.023474154646595417 0.7051922848848141 1.8713299730380681
405 3240 -0.9989213513496027 -0.9971682135228068 0.7162535059119276 0.7860992589606227 0.016641436593807783 0.023474154646595417 0.7051922848848141 1.8713299730380681
