% # columns="iteration, evaluation, sigma, axis ratio, bestever, best, median, worst objective function value, further objective values of best", seed=253955, Wed Jan 20 17:40:31 2021, <python>{}</python>
1 8 0.46122578193463026 1.0000375007031337 0.0006513277325800064 6.5132773258000636e-04 0.0006592737859323887 11.747429870143906   
2 16 0.4658532672522898 1.2637562948030099 0.0006513277325800064 6.5138265067392462e-04 0.0006574417085742287 0.005224089480055083   
3 24 0.517615238426918 1.256222443664827 0.0005814636175849231 5.8146361758492314e-04 0.0006689487137471459 3.0696008918081876   
4 32 0.5841720971307125 1.730234110793953 0.0005814636175849231 6.1634671313292699e-04 0.0006517021243699958 0.6575511558124054   
5 40 0.673858319631721 1.8804476445798746 0.0005814636175849231 6.4863587046955695e-04 0.0006516316905203272 3.1303687484693623   
6 48 0.5879388823092455 2.10402020969054 0.0005814636175849231 6.4310483917146130e-04 0.0006509400729622047 0.010127484679736495   
7 56 0.5690345103299489 2.2415989366816347 0.0005814636175849231 6.4689962290092305e-04 0.0006621691987844098 0.26992885698876423   
8 64 0.5092176510464995 2.226495712365281 0.0005814636175849231 6.5078121675110916e-04 0.0006933734230574597 4.908252224649495   
9 72 0.45774645812541237 2.3494007559707453 0.0005814636175849231 6.4857743232065378e-04 0.0006537631615348141 0.02125749282519947   
10 80 0.41759660014512395 2.290758357160803 0.0005814636175849231 6.2256156480672026e-04 0.0006508721587025405 0.001893865583769338   
11 88 0.42198692989950665 2.2578622457529525 0.0005814636175849231 5.9149860571498488e-04 0.0006714385862857776 0.012282286503432932   
12 96 0.33539145453981484 2.6339717817233663 0.0005814636175849231 6.0678556593975891e-04 0.0006537969338250671 0.0017623764681738005   
13 104 0.31823912515257263 2.6879524978250986 0.000540241353627267 5.4024135362726702e-04 0.0006507714797047801 0.0006905094288686625   
14 112 0.2736947077150554 2.762977935807997 0.000540241353627267 5.9245257204246931e-04 0.0006992838445963472 0.008771771090226727   
15 120 0.21765164945299795 2.5658890017700537 0.000540241353627267 6.0710099410544224e-04 0.0007856777277447793 0.002269693936222335   
16 128 0.17704340044407244 2.8037114711277966 0.000540241353627267 5.7098923988159911e-04 0.0007136907743134765 0.002355946235311761   
17 136 0.17768200818689942 3.151986045913195 0.000540241353627267 5.9691305353250495e-04 0.0006290022674035025 0.0006947899700123949   
18 144 0.18960484487050028 3.77422826212519 0.000540241353627267 5.6646027401939232e-04 0.0006044398549862727 0.0009497071376199963   
19 152 0.17908905125476313 4.485934117336268 0.000540241353627267 5.6679174325470483e-04 0.0006023273299583396 0.0006468367626716719   
20 160 0.17584546472260668 4.723997108029018 0.000540241353627267 5.4508468729397720e-04 0.0005812049277072812 0.0007732196219334162   
21 168 0.14979179688047425 5.515237187587225 0.000540241353627267 5.5687635752845702e-04 0.0005982676369204232 0.0007449898253084401   
22 176 0.15299755445886545 6.156830111809867 0.000540241353627267 5.6170445608488535e-04 0.0006003742029439343 0.0006197531828318186   
23 184 0.14048757206425286 6.511703288479664 0.000540241353627267 5.5143226429804962e-04 0.0005859608584095413 0.0006274491242552105   
24 192 0.1291589777034435 6.509150672079698 0.000540241353627267 5.6100448970286868e-04 0.0006048363761920701 0.0006637610457606272   
25 200 0.1134032408505048 7.578211441440479 0.000540241353627267 5.5622862189644447e-04 0.0005793391619545643 0.0006312217501593037   
26 208 0.0905063967212249 8.832873940705202 0.000540241353627267 5.4617662972520199e-04 0.0005664639911618665 0.0005940793121623384   
27 216 0.09306824549214467 7.780904228052874 0.000540241353627267 5.4615922750754931e-04 0.0005615615250270631 0.0005707610533749293   
28 224 0.08534200439086657 8.11143579631042 0.000540241353627267 5.4653756484662633e-04 0.000561293723464365 0.0005800512456857598   
29 232 0.08100214392094476 9.163680461881716 0.000540241353627267 5.4894040468083446e-04 0.0005565155301278143 0.0005741799302066783   
30 240 0.07107704902012227 10.372968606421068 0.000540241353627267 5.4548986562041706e-04 0.0005706373858403767 0.000584123759042502   
31 248 0.07323005728463367 12.895753221520092 0.000540241353627267 5.4782681913433822e-04 0.0005578185311396027 0.0005726111523960452   
32 256 0.06426543392730301 14.301973296620867 0.000540241353627267 5.4716400801042581e-04 0.000549870740144911 0.0005563188058705926   
33 264 0.055188263131804874 15.036017502607518 0.000540241353627267 5.4651150804382106e-04 0.000553276710789188 0.000562042246806727   
34 272 0.05356476521812396 16.362260855376395 0.000540241353627267 5.4582215646084044e-04 0.000551096832584476 0.0005579097016037487   
35 280 0.05192154799310238 19.260977898664954 0.000540241353627267 5.4560401728762878e-04 0.0005504865138086137 0.0005538048960902258   
36 288 0.041784231029908844 21.372274914609488 0.000540241353627267 5.4681521119882446e-04 0.0005501482120219708 0.0005569838545110178   
37 296 0.04464885828268825 26.27594197334548 0.000540241353627267 5.4494117713572141e-04 0.0005467721089255348 0.0005476358688571019   
38 304 0.0450496379210967 26.822813448485743 0.000540241353627267 5.4442199185996288e-04 0.0005465422069972597 0.0005503675547986048   
39 312 0.045349156716925236 28.964135599494167 0.000540241353627267 5.4427128587666970e-04 0.0005470910131372433 0.0005525257293592576   
40 320 0.04894935091405925 30.547361040361416 0.000540241353627267 5.4447864524927343e-04 0.0005491712239132575 0.0005565059214561544   
41 328 0.04138739430167238 29.758195356907887 0.000540241353627267 5.4475665529696586e-04 0.0005493234002376134 0.0005532045301632115   
42 336 0.034331404781243184 32.943379384175145 0.000540241353627267 5.4459033657358223e-04 0.0005488847253660292 0.0005520011448726412   
43 344 0.03319471373238693 34.061870512269905 0.000540241353627267 5.4405797199646956e-04 0.0005461628554310912 0.0005483443591747925   
44 352 0.029951155181460395 39.63585687744119 0.000540241353627267 5.4508799303023788e-04 0.0005459835679400803 0.0005473839965155974   
45 360 0.03566544863848352 46.373471714704486 0.000540241353627267 5.4406436627260917e-04 0.0005450708270429384 0.0005463973252325565   
46 368 0.03439200004349197 47.682720139556686 0.000540241353627267 5.4351640437118646e-04 0.0005447625794374135 0.0005461951464083618   
47 376 0.03161247057861076 47.42196478978272 0.000540241353627267 5.4438640834394828e-04 0.0005457029215466621 0.0005482977751804322   
48 384 0.035281024270286024 53.24239935455275 0.000540241353627267 5.4349899099137057e-04 0.0005453226725264849 0.0005460742421660483   
49 392 0.03316782964867288 50.14876056731499 0.000540241353627267 5.4340858986552741e-04 0.0005448200703160176 0.0005461872250682576   
50 400 0.03893374904569219 53.58637955545903 0.000540241353627267 5.4310546769665180e-04 0.0005444797851121924 0.0005448713827328503   
51 408 0.038364517600978386 54.015949658711094 0.000540241353627267 5.4307146108868861e-04 0.0005442060191062013 0.000544735185602214   
52 416 0.03857549621399771 52.488969854430515 0.000540241353627267 5.4362368846695990e-04 0.0005441769094440953 0.0005456863461197582   
53 424 0.03332097437638111 53.404510015788304 0.000540241353627267 5.4319568409261980e-04 0.0005438184052851139 0.0005452593697535898   
54 432 0.034105454177503984 58.45709273134429 0.000540241353627267 5.4278280184910307e-04 0.0005439847195155936 0.0005444955760710883   
55 440 0.03625075136411113 58.293132397208794 0.000540241353627267 5.4209725429698338e-04 0.0005429896537781767 0.0005439277486164153   
56 448 0.03377886170550227 63.470054865016536 0.000540241353627267 5.4252616049218821e-04 0.0005443134026295092 0.0005458562667250915   
57 456 0.029613425037679372 62.58293640983263 0.000540241353627267 5.4270209356732050e-04 0.0005437955174659811 0.0005446448944437996   
58 464 0.02911273312401196 67.89810759138336 0.000540241353627267 5.4218901299056283e-04 0.0005436988218314629 0.0005445526191045099   
59 472 0.03250327408584778 60.68375155232303 0.000540241353627267 5.4223827404858678e-04 0.0005428090314885213 0.0005439222452684709   
60 480 0.046103608150954725 80.13396994608716 0.000540241353627267 5.4151678374970307e-04 0.0005423080015887405 0.0005429295065808731   
61 488 0.043245341674860355 88.25607275554412 0.000540241353627267 5.4224855389873499e-04 0.000543122090832108 0.0005444425666533512   
62 496 0.046409893929888604 93.7291201013476 0.000540241353627267 5.4121591775748833e-04 0.0005423112452839022 0.0005429930293613639   
63 504 0.043892730256914265 90.89960432856299 0.000540241353627267 5.4128074498996370e-04 0.0005414526888605263 0.000542456393264477   
64 512 0.043179053926499206 84.262238954676 0.000540241353627267 5.4092038236875717e-04 0.0005420225606380346 0.0005423775847718845   
65 520 0.04535560437707466 84.63510758790173 0.000540241353627267 5.4084386326194603e-04 0.0005421020660837375 0.0005429529146551873   
66 528 0.0424318189753857 92.98154014706118 0.000540241353627267 5.4058066507491087e-04 0.0005416611111675338 0.0005420855257627548   
67 536 0.04224858194658643 93.76282564022561 0.000540241353627267 5.4052476392809550e-04 0.0005416458098446562 0.0005424928290643416   
68 544 0.04008040723979361 98.0093680212809 0.000540241353627267 5.4036887204591622e-04 0.0005410971770257387 0.0005420342093916755   
69 552 0.04908935450816969 102.40786157087501 0.0005396323750892057 5.3963237508920575e-04 0.0005408749814000082 0.0005417001344417345   
70 560 0.05886103474136905 89.27892217892746 0.0005396323750892057 5.3967363868404343e-04 0.0005409728286956769 0.0005493692786083714   
71 568 0.066191548427106 84.18277690029903 0.0005396323750892057 5.4066375417104607e-04 0.0005416755336563662 0.0005428828796143004   
72 576 0.05348591515217115 92.64124470785626 0.0005396323750892057 5.4070350593022525e-04 0.0005412198841687019 0.0005437855412518143   
73 584 0.045794823149067306 101.09814439448915 0.0005395967682798464 5.3959676827984636e-04 0.0005409287144011568 0.0005429829973116226   
74 592 0.05272821580164443 99.78609355164683 0.0005390292616365573 5.3902926163655726e-04 0.00054042193650794 0.0005414220683457819   
75 600 0.05808464655110067 90.99855698522174 0.000538893698672886 5.3889369867288596e-04 0.0005405923896154022 0.0005411536581037827   
76 608 0.05325841390964243 107.7744813529356 0.000538893698672886 5.3948984327262044e-04 0.000540146389210243 0.0005419460363442451   
77 616 0.05816484203601295 101.53004215708663 0.000538893698672886 5.3903956160023577e-04 0.0005395845323867789 0.0005405115862701614   
78 624 0.052524226591784184 109.7292498043469 0.0005387809518744047 5.3878095187440470e-04 0.0005407915567878482 0.0005427198607777385   
79 632 0.053251609133056745 109.02025209126053 0.0005386620093337541 5.3866200933375412e-04 0.0005394175332069153 0.0005398496218667321   
80 640 0.05610564753251356 106.34306614776855 0.0005386297335744855 5.3862973357448555e-04 0.0005392394694487419 0.0005401936683430839   
81 648 0.04818077791987248 107.81827761325728 0.00053838191972388 5.3838191972387995e-04 0.0005403771457345064 0.000542076767516099   
82 656 0.04442075749746338 108.69124408219686 0.0005383385260672507 5.3833852606725071e-04 0.0005392510080361954 0.0005398469476976731   
83 664 0.053617428125358614 111.636750825978 0.0005383385260672507 5.3843757367714410e-04 0.0005385572298547438 0.0005393997664207529   
84 672 0.05411575858056302 147.22585478209416 0.0005383182266726335 5.3831822667263355e-04 0.0005389837571484294 0.0005403874424579387   
85 680 0.04961586163924466 159.2860904652873 0.0005381270707302452 5.3812707073024523e-04 0.0005387577128060351 0.0005392896101684397   
86 688 0.06157646406919198 144.40814041297082 0.0005380382344299967 5.3803823442999670e-04 0.0005387959018225081 0.0005393367904610924   
87 696 0.06563414152005148 159.05020718196812 0.0005377247292951949 5.3772472929519493e-04 0.0005384417735765394 0.000539206676493097   
88 704 0.07384050359681943 187.24045527223308 0.0005377150915119637 5.3771509151196372e-04 0.0005382948778512103 0.000538883742605255   
89 712 0.06955555197782035 212.91335295378204 0.0005374311285522689 5.3743112855226887e-04 0.0005383802788282895 0.0005406593212095934   
90 720 0.07626971074299321 237.14704110957692 0.0005374103356891062 5.3741033568910617e-04 0.0005388450142479815 0.0005397346132857815   
91 728 0.09106977171832877 282.3226436908621 0.0005369421113028483 5.3694211130284834e-04 0.0005382011955313924 0.0005387145024519429   
92 736 0.1009707699223902 266.04993894666467 0.0005366830486165488 5.3668304861654876e-04 0.0005378085562078678 0.0005405596771632909   
93 744 0.12314274360445544 261.516140545509 0.0005362645873640316 5.3626458736403160e-04 0.0005387664285159072 0.0005415273866883371   
94 752 0.12180564532654968 289.11524947067494 0.0005362645873640316 5.3627774880833526e-04 0.0005376286720558287 0.0005396619116086912   
95 760 0.14027852150299613 336.36808457156764 0.0005351234758082153 5.3512347580821529e-04 0.0005373375773737113 0.0005386469785223946   
96 768 0.1586281240973567 333.91254773386214 0.0005345399070528516 5.3453990705285156e-04 0.0005366495751910601 0.000539740733448855   
97 776 0.209991137040887 319.9836470826869 0.0005335502446241159 5.3355024462411593e-04 0.0005367103745676275 0.0005420979778202891   
98 784 0.22949004534819367 305.6990196519587 0.000532963395569032 5.3296339556903197e-04 0.0005360026375775961 0.0005544441244111539   
99 792 0.18747232300486233 267.36001163580414 0.000532963395569032 5.3432828091119018e-04 0.0005445471166880152 0.0007006443382478562   
100 800 0.1617145146592736 250.66949082613166 0.000532480072029324 5.3248007202932402e-04 0.0005363523268050186 0.000563731071055655   
101 808 0.1512816772931449 246.63098270139378 0.0005321577873309898 5.3215778733098980e-04 0.0005353447651508374 0.0005460423383756955   
102 816 0.13704896183171922 241.76866236332782 0.0005321577873309898 5.3218169634391423e-04 0.0005350515446770227 0.0005359246693174063   
103 824 0.1425710197327225 238.4695795470555 0.0005308777429327278 5.3087774293272784e-04 0.0005342840122646497 0.0005391087092864283   
104 832 0.1284534502832878 239.2961353722804 0.0005308777429327278 5.3151952686214640e-04 0.0005326108864842955 0.0005353197378962518   
105 840 0.12956817638132404 243.0472771169855 0.0005308777429327278 5.3145369317266281e-04 0.0005331152035623068 0.0005340798149639236   
106 848 0.12932485058906257 251.43092861045625 0.0005307201537663072 5.3072015376630724e-04 0.0005333439567681577 0.0005384845824725074   
107 856 0.1274090881653322 225.05558981664495 0.0005304111893260458 5.3041118932604578e-04 0.0005316707101369655 0.0005331107050387378   
108 864 0.15350376920588527 224.63758214536557 0.0005288357361361337 5.2883573613613367e-04 0.0005308587653923462 0.0005334153014827804   
109 872 0.16273585634198443 218.42624728960803 0.0005288357361361337 5.2992833659506902e-04 0.0005310372732633642 0.0005314857111335221   
110 880 0.19393738420980022 237.42807869485844 0.0005288357361361337 5.2940200300066395e-04 0.0005319427302907163 0.0005339334105062655   
111 888 0.1950072393215231 226.8142255531772 0.0005288357361361337 5.2955269474337652e-04 0.0005325744687317927 0.0005343861917692138   
112 896 0.1734379756379515 282.3348065021571 0.0005288357361361337 5.2983888508859587e-04 0.0005321953748607648 0.0005377924010964002   
113 904 0.15123477346853384 299.0603678478063 0.0005283295136914589 5.2832951369145885e-04 0.0005317346769545986 0.0005393566436605034   
114 912 0.1354012998326481 286.2725998051251 0.0005283295136914589 5.2855508049652741e-04 0.00052985000103493 0.0005318863123085598   
115 920 0.12382350200398202 312.5168128731062 0.0005282205254701295 5.2822052547012947e-04 0.0005291185552177514 0.0005314538679820288   
116 928 0.12146818032239524 305.340267263734 0.0005278084649134263 5.2780846491342628e-04 0.0005290313769390712 0.0005306177266555931   
117 936 0.12376706628767775 303.1812395816658 0.0005277757325747604 5.2777573257476037e-04 0.000528989827046577 0.0005307555986588813   
118 944 0.1630902500111774 253.9908045990451 0.0005270915953179543 5.2709159531795426e-04 0.0005281127411609632 0.0005304453271442874   
119 952 0.19490470866976947 260.8825576187878 0.0005264899365310725 5.2648993653107252e-04 0.0005287747991364573 0.0005303575821949572   
120 960 0.21208439309192462 259.2267771749757 0.0005258726909634034 5.2587269096340339e-04 0.000527964970665328 0.0005288912196540949   
121 968 0.237496029804547 276.03664650465373 0.0005248331298793733 5.2483312987937326e-04 0.0005278999970639929 0.0005299413608340415   
122 976 0.2887417170932256 272.58189891132224 0.0005231336756088619 5.2313367560886189e-04 0.0005277498185533502 0.0005308144412654285   
123 984 0.2701282639556902 260.7407926183322 0.0005231336756088619 5.2488311622142698e-04 0.0005279632639720427 0.0005310202062091208   
124 992 0.24096799737527158 284.7524518756363 0.0005231336756088619 5.2503010009011025e-04 0.0005277857282222681 0.000532837009788393   
125 1000 0.2926570035119406 273.79508161661784 0.0005231336756088619 5.2360810522283018e-04 0.0005270005503485856 0.0005293456756064842   
126 1008 0.28627643610589 282.20061821748544 0.000522171128243151 5.2217112824315100e-04 0.0005268312861682906 0.000531615486740458   
127 1016 0.31265291070142637 282.3145334151217 0.0005219029444415409 5.2190294444154090e-04 0.0005257396183766584 0.0005414995543686946   
128 1024 0.33915780649695215 253.41501839594696 0.0005218286635472565 5.2182866354725653e-04 0.0005234123375317908 0.0005260890240438456   
129 1032 0.4294199736384079 275.4583633034312 0.0005182559886313931 5.1825598863139313e-04 0.0005241052067736584 0.0005291636239522951   
130 1040 0.4684802071489314 277.2914805818807 0.0005182559886313931 5.1879677882852887e-04 0.0005217308368593932 0.000524081306618305   
131 1048 0.6300504661500391 305.3171007543693 0.0005153996634103828 5.1539966341038277e-04 0.0005201707962822965 0.0006815129696027887   
132 1056 0.7286669971296834 279.9908534936138 0.0005143698854442967 5.1436988544429675e-04 0.000694652912387691 0.0009182531412120002   
133 1064 0.7165604268166171 249.29789738315014 0.0005112710554566847 5.1127105545668470e-04 0.0005397669931499545 0.0006570768026541998   
134 1072 0.7190283816326726 221.22158580500627 0.0005112710554566847 5.1498856140751875e-04 0.0005254858191180153 0.0005320743691519432   
135 1080 0.7886579770589291 254.30218970096936 0.0005081146492097344 5.0811464920973441e-04 0.0005252085510412994 0.0007533406606676596   
136 1088 0.6527001522986818 241.3803979122227 0.0005081146492097344 5.1431774411652440e-04 0.0005212241681209654 0.0005886223706777051   
137 1096 0.709660140528745 226.47028879607373 0.0005081146492097344 5.1136940533933221e-04 0.0005243891764997115 0.0005333694371984061   
138 1104 0.881041371680109 210.01865955956288 0.0005023112793424118 5.0231127934241180e-04 0.0005133657792665756 0.0005357910819114024   
139 1112 0.7743135128787715 152.88659397177946 0.0005023112793424118 5.0604077524716803e-04 0.0005279602049828221 0.0006215187459090001   
140 1120 0.8084281806967442 151.28719136812438 0.0004952322115168979 4.9523221151689793e-04 0.0005245676442730861 0.0005810447399377244   
141 1128 0.970096169094446 139.4707596689129 0.0004876233192040428 4.8762331920404283e-04 0.0005080254203926859 0.0005205058061296307   
142 1136 1.0121167717964996 132.6232108990058 0.0004768760021010149 4.7687600210101488e-04 0.0005098281887367011 0.000520985295027071   
143 1144 1.2355884245264008 128.79827077877053 0.00047496451665820784 4.7496451665820784e-04 0.0004975468866506498 0.0005211935336158582   
144 1152 1.340109636783206 133.16367745649129 0.0004620606979474419 4.6206069794744190e-04 0.0005122337361124742 0.0005317561254910704   
145 1160 1.4847243780542014 136.83129641296702 0.0004620606979474419 4.6436200135354527e-04 0.0004895016431992605 0.0009106869654773919   
146 1168 1.4358059972473252 116.53329092847721 0.0004544955965060416 4.5449559650604157e-04 0.0013520976996972396 0.0026020579680158663   
147 1176 1.4830644481210835 104.39838824125982 0.0004544955965060416 4.6322968724334736e-04 0.0004878478290149486 0.002556291434712752   
148 1184 1.4547560168107652 97.62867139575279 0.00039924767600364996 3.9924767600364996e-04 0.0005393160064715491 0.001084687677274924   
149 1192 1.5593419092162466 84.99152101785937 0.00039924767600364996 4.3198614767418352e-04 0.0004760338554736977 0.0007541859011942514   
150 1200 1.4041559640182906 75.85136854615357 0.0003579190845928858 3.5791908459288581e-04 0.0004665895645807939 0.0008822531679779212   
151 1208 1.5443596299855757 67.43195530787682 0.00027836755081623286 2.7836755081623286e-04 0.00041229853938829365 0.0007464159612280767   
152 1216 1.5862489382829952 55.49339793230727 0.00027836755081623286 3.1699618371977691e-04 0.0003997652758691099 0.0005027188387086763   
153 1224 1.5729762749390324 55.31362738826072 0.00024489191500986975 2.4489191500986975e-04 0.00046337460101420055 0.003105085167274376   
154 1232 1.573580272362431 53.237082416634664 0.00023389373806824147 2.3389373806824147e-04 0.0003605507177718651 0.0019217377490093803   
155 1240 1.3362155355361536 44.25009017227698 0.00023389373806824147 2.7861669469016041e-04 0.0004163102769927584 0.0011527561844618538   
156 1248 1.0937280571141015 40.154449470460854 0.00023389373806824147 2.9879105960556193e-04 0.0003700750343977265 0.0006860634854353462   
157 1256 1.0457390974007843 42.07330113968129 0.00023389373806824147 2.9635379000771486e-04 0.00034474597320563184 0.0005879112693494413   
158 1264 0.9338930955279425 46.498057657023125 0.00023389373806824147 3.1115732785649857e-04 0.0003425100311400839 0.00037524427051930276   
159 1272 0.9112261565974362 47.82118969047787 0.000226961786818993 2.2696178681899299e-04 0.0003396743769253257 0.0003922217208427307   
160 1280 0.9685812333904816 47.94971923384632 0.00022161575300458258 2.2161575300458258e-04 0.0002973783944314178 0.0004027054217605027   
161 1288 0.9786848918221588 46.956713362719555 0.00022161575300458258 2.2705744835564983e-04 0.00030080341167509585 0.0003264752954793154   
162 1296 0.9203332484692133 48.57338324481589 0.00022161575300458258 2.4985306126024560e-04 0.00028934749169028535 0.00035864962170167707   
163 1304 0.912030300522795 44.33930703818671 0.00022161575300458258 2.3024715628233947e-04 0.0002812874212727626 0.0003098333997935302   
164 1312 0.829539280357401 52.795451513087535 0.00022161575300458258 2.3610038707967140e-04 0.0002773655405138978 0.00032870203930666946   
165 1320 0.7635757348076208 56.266977398678236 0.00022161575300458258 2.2892309709621674e-04 0.0002651979994814413 0.00029985213946334856   
166 1328 0.7189527588073392 66.00489509161504 0.00022161575300458258 2.2633474272907932e-04 0.0002398416698002597 0.00028368170984416043   
167 1336 0.8041998224736286 74.63346378974322 0.00021796976043114214 2.1796976043114214e-04 0.00024006062710840085 0.00026324385582308886   
168 1344 0.851296659636426 81.15724904860474 0.00021796976043114214 2.2666210946572235e-04 0.0002463366725490176 0.00033541493330707943   
169 1352 0.7433643846270668 83.49681265514393 0.00020887674232089194 2.0887674232089194e-04 0.00023382175227375837 0.0002870737785529997   
170 1360 0.7764141175904801 95.1516539716838 0.0002040717512566006 2.0407175125660061e-04 0.0002521185521257955 0.0003488254828177866   
171 1368 0.7059652971030906 107.59408562342202 0.0002040717512566006 2.1277143685508322e-04 0.00023761229099928416 0.0002660324255473652   
172 1376 0.622264226304663 115.62338508239016 0.0002040717512566006 2.1006562946202889e-04 0.00025532238124393697 0.0003066884294116361   
173 1384 0.52103398465416 111.14510312608888 0.0002040717512566006 2.0869257312423653e-04 0.00024116325949472144 0.0003280734961713372   
174 1392 0.4835138306863302 96.21430014533352 0.0002040717512566006 2.1068520604953077e-04 0.00022620474512821835 0.0002557227712922586   
175 1400 0.5096565984679275 83.48169460172309 0.00020266505868608156 2.0266505868608156e-04 0.0002226599954575604 0.00023228788952603017   
176 1408 0.4800422299356632 95.23705283813253 0.00020266505868608156 2.0573049551517191e-04 0.00022068081742671798 0.00024732295199918707   
177 1416 0.5003056120408864 92.85516334923669 0.00020228540148516463 2.0228540148516463e-04 0.00022383031000043743 0.00024590294628105296   
178 1424 0.43087425564961307 107.24557002531513 0.00020228540148516463 2.1006506310209056e-04 0.0002249102578386718 0.00023404757649251231   
179 1432 0.4364198796650633 117.48876009713344 0.00019920368872782738 1.9920368872782738e-04 0.00020935260094958369 0.0002170045703776647   
180 1440 0.4790514015135869 138.6711474038846 0.00019274879583849273 1.9274879583849273e-04 0.00021447448937677495 0.0002179456312695327   
181 1448 0.6359202718418399 128.53475937848262 0.00019274879583849273 1.9627027669572885e-04 0.00021024173933461123 0.00030446722766446334   
182 1456 0.6889139194124984 114.11823229313323 0.00019274879583849273 2.0220792169822687e-04 0.00022426012422633007 0.0002612693539259269   
183 1464 0.6714807212282743 124.90028456813647 0.00019274879583849273 1.9818519789606694e-04 0.00022327337318470969 0.00023709052127080288   
184 1472 0.7069834730051854 130.406057246709 0.00019274879583849273 1.9280677534207812e-04 0.00022272104733230585 0.00024499371411355674   
185 1480 0.8045011444814031 135.66053385719363 0.00019274879583849273 2.0589374030424636e-04 0.00021403882997364187 0.00025121451575158585   
186 1488 0.713540126917386 118.11803747096748 0.00019274879583849273 2.0979945255162255e-04 0.00023055537855003265 0.0004325118029537302   
187 1496 0.5758709675921491 93.15124647564116 0.0001922664547213676 1.9226645472136759e-04 0.00022351019677563805 0.0002824203351381853   
188 1504 0.5691166753171129 82.50821190352778 0.00019112114945941754 1.9112114945941754e-04 0.00020834053056011708 0.00023169738127495546   
189 1512 0.5031321768354723 87.56438754328411 0.0001906580607041129 1.9065806070411290e-04 0.00022894402646618414 0.000278759554304362   
190 1520 0.5492043439238083 75.9146325829136 0.00018883520630233737 1.8883520630233737e-04 0.00020562822045310213 0.00021889880315336318   
191 1528 0.5500301567614908 76.76748900250334 0.00018883520630233737 1.9488690308692657e-04 0.00020806895271878063 0.00030430236264903244   
192 1536 0.4852929134562905 72.70721914888956 0.00018883520630233737 1.8904013508249759e-04 0.00021072457186756851 0.00021469460416961245   
193 1544 0.43392838803083766 66.0946527051353 0.00018525223784381342 1.8525223784381342e-04 0.0002061748476715208 0.0002218276041220688   
194 1552 0.4413182551553671 68.80794308202034 0.00018525223784381342 1.8529186176885750e-04 0.00019319350131939724 0.00020295021322696403   
195 1560 0.40953052531969364 72.93151027917989 0.00018264574464652475 1.8264574464652475e-04 0.0001887176905566763 0.00020033149784667837   
196 1568 0.38554288011097837 78.0484541919293 0.00018264574464652475 1.8575142464237913e-04 0.00019355214451762293 0.00021056731222426708   
197 1576 0.3450573896997431 77.07188681022676 0.00018264574464652475 1.8398018300343005e-04 0.0001880574781666087 0.00019451295605133308   
198 1584 0.2724526596806547 83.21209716411633 0.00018172183299525603 1.8172183299525603e-04 0.00018636863597190786 0.0002065189621645153   
199 1592 0.2599152509976632 81.07066849061741 0.00018172183299525603 1.8273158768644050e-04 0.00018636562494298662 0.00018880033411953313   
200 1600 0.2408191171964136 90.08981848531235 0.0001795285334058605 1.7952853340586050e-04 0.00018778140083222666 0.000191084586453336   
201 1608 0.2447178969079042 83.34198674426412 0.0001795285334058605 1.7965747257914878e-04 0.0001887317626463042 0.00019489351820949476   
202 1616 0.25463479826234897 66.39007680930416 0.0001795285334058605 1.7955264024449344e-04 0.00018452408062368496 0.0001893261418156251   
203 1624 0.19901897799609242 62.59800186730175 0.0001795285334058605 1.8046086533438042e-04 0.0001830162454507864 0.00018521183046503613   
204 1632 0.19172282768184426 63.743144107385554 0.0001795285334058605 1.8226789989247795e-04 0.00018415695889273896 0.0001857935620429032   
205 1640 0.16648271412878007 68.96982589491714 0.00017909980041110092 1.7909980041110092e-04 0.00018168955600802536 0.0001848599670601239   
206 1648 0.17244891594753506 74.73137335146254 0.00017879724523543948 1.7879724523543948e-04 0.00018142992549869557 0.00018673350738343671   
207 1656 0.18996980043574427 77.09637285836114 0.0001778142742765985 1.7781427427659849e-04 0.00018204634092812305 0.00018563523565156087   
208 1664 0.18875422758122484 80.47768955212906 0.0001778142742765985 1.7957405056000375e-04 0.00018170648855003787 0.0001835966051054107   
209 1672 0.16165433339167404 94.46334118700949 0.0001778142742765985 1.7874516897677678e-04 0.00018085237091998378 0.00018174747058904956   
210 1680 0.14445357616976331 94.14270278730697 0.0001778142742765985 1.7805604308736509e-04 0.00018123843012431856 0.00018177748577722638   
211 1688 0.1619134862142066 83.64818657392688 0.0001778142742765985 1.7827332579195464e-04 0.00018023906793750274 0.00018270919889396597   
212 1696 0.15717266349504408 99.66526527382555 0.0001778142742765985 1.7816119396709323e-04 0.00017892313753390586 0.00018018009997255424   
213 1704 0.14291014305210897 102.12281309380624 0.00017742554424727002 1.7742554424727002e-04 0.00017942197685003966 0.00018069615888047466   
214 1712 0.1444066651199874 100.81044032050184 0.00017742554424727002 1.7851667186294859e-04 0.00017879630559949281 0.00018031762499884469   
215 1720 0.137622187263321 102.76535850900267 0.00017742554424727002 1.7778964271754038e-04 0.00017861543627093254 0.0001794658836586961   
216 1728 0.14841123406689813 108.38659347938274 0.00017742554424727002 1.7746771062741970e-04 0.0001783772926308778 0.00018033365028849335   
217 1736 0.12792863557742956 96.11083098928184 0.00017717358838724776 1.7717358838724776e-04 0.00017804410587265985 0.00018062208480680822   
218 1744 0.11220456630895159 101.32413730543252 0.00017704730750920075 1.7704730750920075e-04 0.00017771645597274775 0.00017812989450117868   
219 1752 0.09303622115042032 90.42328687063699 0.00017704730750920075 1.7724130801940715e-04 0.00017798772387363543 0.0001786891768153487   
220 1760 0.07875498745958473 100.29376954037205 0.0001770031741433111 1.7700317414331111e-04 0.00017779632321293355 0.00017886761285431862   
221 1768 0.07995645732859584 101.95804103636317 0.0001767645140481768 1.7676451404817679e-04 0.00017715247536168082 0.00017819500318869814   
222 1776 0.09301235753170096 93.7837922873032 0.00017644778838218333 1.7644778838218333e-04 0.00017677705789275516 0.00017750552294982472   
223 1784 0.12563711204842848 105.06813916490327 0.0001761848741194357 1.7618487411943571e-04 0.00017664143349407918 0.0001772947052093899   
224 1792 0.17201066313569793 97.5824677182241 0.0001759019539582578 1.7590195395825780e-04 0.00017722567997567742 0.00017794740071531826   
225 1800 0.21815351123837734 93.10791702932949 0.00017538270798598472 1.7538270798598472e-04 0.0001763397398642707 0.00017727037799657232   
226 1808 0.21325418282432498 88.994632157253 0.00017538270798598472 1.7584494615661430e-04 0.000177029549106034 0.00017820540037101736   
227 1816 0.20371770126658637 82.8350509229483 0.00017538270798598472 1.7555887611779537e-04 0.00017657300153946806 0.0001774326679340437   
228 1824 0.21766834733114193 81.92086614660336 0.00017442982959154559 1.7442982959154559e-04 0.00017573095592782472 0.0001775335694334053   
229 1832 0.1972365322509048 89.91763798285629 0.00017442982959154559 1.7459194862270085e-04 0.00017592439467296417 0.00017699072541655994   
230 1840 0.22472103610585337 87.11481001360916 0.00017370480199024944 1.7370480199024944e-04 0.0001752801601349631 0.00017684590265821675   
231 1848 0.21919925521893455 101.99804470637477 0.00017370480199024944 1.7438340223009468e-04 0.00017502788855460112 0.00017560369259431315   
232 1856 0.21369232935695237 98.911863758626 0.00017370480199024944 1.7395322224916026e-04 0.00017602573147362327 0.00017852034875737356   
233 1864 0.2055864963235007 101.95710025006615 0.00017359750378448865 1.7359750378448865e-04 0.0001746852236731708 0.00017602691394061207   
234 1872 0.21885786197708232 101.32232196671234 0.00017271465225747226 1.7271465225747226e-04 0.00017471043790944293 0.00017529246991579753   
235 1880 0.22380408207500602 88.48629183411067 0.00017271465225747226 1.7336938642292042e-04 0.00017390446387112059 0.00017510799463637118   
236 1888 0.2739110248464122 97.57335553224013 0.00017248330557118646 1.7248330557118646e-04 0.00017429316215464248 0.000175790307505708   
237 1896 0.27825644705854224 83.23677728729089 0.00017248330557118646 1.7254676140125082e-04 0.0001730999458238544 0.00017540170598419967   
238 1904 0.2786926767531601 96.49508864220759 0.00017213314855157869 1.7213314855157869e-04 0.00017308201203342275 0.00017535391979507092   
239 1912 0.335737894817566 92.57338324165839 0.0001711181588308298 1.7111815883082981e-04 0.00017273771008312987 0.00017530112297781488   
240 1920 0.4077210590430214 102.40551607960032 0.00017080842549004055 1.7080842549004055e-04 0.00017186381267983466 0.000173013576327532   
241 1928 0.41655394532461254 100.03707249372499 0.00017080842549004055 1.7085662618588203e-04 0.00017205309847716246 0.00017642744679661722   
242 1936 0.3942135957992408 92.374680718458 0.00017080842549004055 1.7202537318567319e-04 0.00017352324350326814 0.00017481449052676555   
243 1944 0.48164579111596506 90.2271833762941 0.00017080842549004055 1.7279315754703902e-04 0.00017366732683277662 0.00017721514345102972   
244 1952 0.4497977167771909 82.35890447797908 0.00017080842549004055 1.7168499153940092e-04 0.00017368261243149702 0.0001785616889527992   
245 1960 0.4146772958270472 75.9953228731049 0.0001704610290308167 1.7046102903081671e-04 0.00017241856941405635 0.00017425353293713483   
246 1968 0.4031387925597095 79.53189988090263 0.0001704610290308167 1.7067801724783975e-04 0.00017264852373690594 0.00017327847889052122   
247 1976 0.342167577676324 87.29430297653295 0.0001704610290308167 1.7084398269371140e-04 0.0001714437955232025 0.00017300011958023745   
248 1984 0.27358359647381275 83.54280658616364 0.00017017110628428586 1.7017110628428586e-04 0.0001715307076849197 0.00017196892017334233   
249 1992 0.26027633957927954 76.13548441950827 0.00016981602412434053 1.6981602412434053e-04 0.00017095667134033775 0.00017213508690856662   
250 2000 0.2932712361865875 76.33554919038203 0.00016922705428855668 1.6922705428855668e-04 0.00017074921967583128 0.00017206056148821058   
251 2008 0.2854294317107328 77.74242744003998 0.00016898815239774638 1.6898815239774638e-04 0.00017063115456703845 0.00017172989608271557   
252 2016 0.3056650691798685 78.51010780802224 0.00016861538381096584 1.6861538381096584e-04 0.00016993168155761428 0.00017129023203467353   
253 2024 0.3309312800553995 91.62323527524781 0.00016861538381096584 1.6934637625354206e-04 0.00016995009688315437 0.00017084518368894303   
254 2032 0.32737982688243894 94.81189204330443 0.00016861538381096584 1.6880718460926368e-04 0.00016962972434277375 0.0001708081766892099   
255 2040 0.3492237133529271 97.396171284347 0.00016756259087030912 1.6756259087030912e-04 0.0001691298870626921 0.0001697064046878336   
256 2048 0.31586269381518206 100.67990301440717 0.00016756259087030912 1.6820263019273209e-04 0.0001694709428120124 0.00017103884990127917   
257 2056 0.29086318588303234 97.3562314328491 0.00016756259087030912 1.6797891881138599e-04 0.0001691408580824878 0.00016957559817430112   
258 2064 0.2811158829954025 99.2810306266632 0.00016756259087030912 1.6812522681343011e-04 0.0001689274108846999 0.00016967628262157423   
259 2072 0.3207684007585819 104.14217003725761 0.00016719727295378388 1.6719727295378388e-04 0.00016848668242386286 0.00016900275241341087   
260 2080 0.3379486058722533 106.094427655264 0.0001668377979830554 1.6683779798305540e-04 0.0001681961889543635 0.00016920802078781546   
261 2088 0.43332229855645205 118.52280002475197 0.00016667684031277622 1.6667684031277622e-04 0.00016761949924055085 0.00016887791356154816   
262 2096 0.4654654987919531 179.78349590961741 0.00016610709006251588 1.6610709006251588e-04 0.0001680251828174331 0.0001698611957617663   
263 2104 0.42591259847479557 178.66114290534256 0.00016610709006251588 1.6642755409321949e-04 0.00016792153900787725 0.00016930293329844084   
264 2112 0.3897498195612955 163.74887316777713 0.00016610709006251588 1.6663506192091744e-04 0.00016751175927479827 0.0001678617902214717   
265 2120 0.3638570494940586 157.4088113313654 0.00016593660592219145 1.6593660592219145e-04 0.00016727210029413337 0.00016832394286938755   
266 2128 0.4118424115649058 161.62385377077183 0.00016569370906858663 1.6569370906858663e-04 0.00016672915630255278 0.00016856153867173267   
267 2136 0.43331444865202057 158.20131737573004 0.00016569370906858663 1.6581133128366519e-04 0.00016707595199018572 0.00016826390768551072   
268 2144 0.4671210989006618 154.2930243197868 0.0001654007644804845 1.6540076448048451e-04 0.00016623047423243838 0.00016735023427751598   
269 2152 0.42396253056980515 160.33437003170036 0.0001653888191790983 1.6538881917909829e-04 0.0001663077745606448 0.00016727720034348417   
270 2160 0.39923391772069344 147.60861294764393 0.00016523789815840409 1.6523789815840409e-04 0.00016627352959203566 0.00016736711815957452   
271 2168 0.34936189381519384 121.13961977434617 0.00016523789815840409 1.6524622132253983e-04 0.00016606322259279336 0.00016656239371870345   
272 2176 0.3963452934822079 117.38989579040616 0.00016470088371682147 1.6470088371682147e-04 0.0001659495672973634 0.00016697650521785404   
273 2184 0.37713661850945923 123.74312590457853 0.0001645654426825369 1.6456544268253690e-04 0.00016559036012828564 0.00016632732901744032   
274 2192 0.4078091243561826 123.77841361451193 0.0001645654426825369 1.6460762191263998e-04 0.00016495579101686965 0.00016518014413811842   
275 2200 0.5266642360931822 117.70067242829693 0.00016396152336706305 1.6396152336706305e-04 0.0001648250822921171 0.00016551672304668434   
276 2208 0.5946102850733403 109.66048587020045 0.00016396152336706305 1.6405236669134421e-04 0.00016455352155543055 0.0001655616113614325   
277 2216 0.7222542073878615 114.48621458224875 0.00016391341958488858 1.6391341958488858e-04 0.0001648538535165395 0.0001667204649628514   
278 2224 0.9442925786405494 100.65002248175658 0.00016309528722716277 1.6309528722716277e-04 0.00016429757083494647 0.00016623485060058356   
279 2232 1.040900509828965 85.00167182477485 0.00016309528722716277 1.6352414283117344e-04 0.00016567459359752442 0.00016891459207936263   
280 2240 1.3133308995379405 71.20651298196681 0.00016201771644913762 1.6201771644913762e-04 0.00016449778686208682 0.0001663316148797916   
281 2248 1.1889014808701515 65.66772623341714 0.00016201771644913762 1.6238698536443554e-04 0.00016383485658049996 0.0001691190610210571   
282 2256 1.0412666402405557 57.67756328223144 0.0001618505733304051 1.6185057333040510e-04 0.00016404123827698532 0.0001651628968668179   
283 2264 1.079192275477468 53.37539289421717 0.00016151299527413423 1.6151299527413423e-04 0.00016359055333363013 0.00016486770193687995   
284 2272 1.0808442851703384 53.47533518734424 0.00016126470531370915 1.6126470531370915e-04 0.00016452830051851808 0.0001652364921749255   
285 2280 0.8952802992212394 55.87716876225533 0.00016065304090191862 1.6065304090191862e-04 0.00016286675739625802 0.00016539617571874172   
286 2288 0.7990185693560158 55.79252636580109 0.00016065304090191862 1.6108083978937958e-04 0.00016249839800658864 0.00016474932377199788   
287 2296 0.7497970913427323 59.197226615884425 0.00016065304090191862 1.6098289647600622e-04 0.00016171307424923105 0.00016433948623525995   
288 2304 0.6366781465263162 55.53014608586747 0.00016065304090191862 1.6101101240552837e-04 0.00016220965275075597 0.0001626122452109945   
289 2312 0.7109304312150267 58.50988690104458 0.00016040695172804225 1.6040695172804225e-04 0.00016149563264594084 0.0001617488620051609   
290 2320 0.7850659744853834 68.78508899154231 0.00015989863332890246 1.5989863332890246e-04 0.00016106404804250502 0.0001618563116149084   
291 2328 0.7873312277762322 68.39360458844189 0.00015989863332890246 1.6002606197192557e-04 0.00016043419575782801 0.00016216021142491548   
292 2336 0.8943571755488551 77.37525287784203 0.00015980791210344972 1.5980791210344972e-04 0.00016065215002224743 0.00016093720532229798   
293 2344 0.9187428233613683 61.337207257422975 0.0001594234196380958 1.5942341963809579e-04 0.00016057297463818092 0.000162000298206801   
294 2352 0.8756834655820922 66.91221973082787 0.00015935729934808346 1.5935729934808346e-04 0.00016045402241819854 0.00016210089674726435   
295 2360 0.8164751393761084 65.32912579926177 0.00015867184119086516 1.5867184119086516e-04 0.00015972890489235792 0.00016083837968407097   
296 2368 1.0389207639737343 63.39372612326401 0.00015839253378634722 1.5839253378634722e-04 0.00015907884807894908 0.00016000727535643642   
297 2376 1.2298610045793115 79.59064336016422 0.00015839253378634722 1.5846262023643499e-04 0.00015940828544338083 0.00016341442294607036   
298 2384 1.4014580448652574 103.2080307898051 0.0001577850019688979 1.5778500196889791e-04 0.00016057302603268513 0.0001620107189421305   
299 2392 1.701118481196039 94.96000441901825 0.0001577850019688979 1.5803223188706492e-04 0.0001589530081156612 0.00016059507161964536   
300 2400 2.181854188525658 85.12844732573514 0.0001577850019688979 1.5831717331655324e-04 0.00015971823213927473 0.000164184012052625   
301 2408 2.5619166902994754 91.09631324390212 0.00015603864427541942 1.5603864427541942e-04 0.00016022799539597407 0.0001666364620021037   
302 2416 2.561284811558563 88.89688455499076 0.0001551765670301957 1.5517656703019570e-04 0.00015910336818158397 0.00016159931293093367   
303 2424 2.392627740603864 79.56305712125454 0.0001551765670301957 1.5722832516546615e-04 0.0001588218755422085 0.0001636158017999945   
304 2432 2.2295243436118777 70.93925283514892 0.0001550511474367722 1.5505114743677220e-04 0.00015809937859507966 0.00015952018118298465   
305 2440 2.1633306164161232 76.68363491991889 0.0001547354526388582 1.5473545263885820e-04 0.00015626550188213855 0.00015790730518986222   
306 2448 1.9858382700960164 77.58042356452839 0.0001547354526388582 1.5505402236467157e-04 0.0001564302971374588 0.00016047076323310745   
307 2456 1.6964988015548448 69.97785601893851 0.0001547354526388582 1.5536299138975280e-04 0.00015755206282166997 0.00016166717482242192   
308 2464 1.559066201235579 64.32281338032381 0.0001540978205572949 1.5409782055729489e-04 0.0001566390530678021 0.00015774678896411846   
309 2472 1.5355713381069698 63.72879537646814 0.00015279919273109645 1.5279919273109645e-04 0.00015453321063416185 0.00015754936622028366   
310 2480 1.4288639888968941 63.09412986965614 0.00015279919273109645 1.5312506639639161e-04 0.00015512308053790971 0.0001570397159104457   
311 2488 1.6219085195495722 71.43568204959007 0.00015245386109538481 1.5245386109538481e-04 0.00015429386786961337 0.00015667249723670454   
312 2496 1.8324518842166968 69.19774901102207 0.00015242358704397108 1.5242358704397108e-04 0.00015317546255137402 0.0001535344038655379   
313 2504 1.8903298604037548 65.89139792785637 0.00015240105465804565 1.5240105465804565e-04 0.00015347945338888312 0.00015432755434278235   
314 2512 2.1042023184969567 70.75366180981864 0.00015240105465804565 1.5244663336150106e-04 0.00015412133350958942 0.00015557869750263765   
315 2520 1.7166974052568655 81.84600020965004 0.00015211402304294734 1.5211402304294734e-04 0.0001535148957456725 0.00015495481195837663   
316 2528 1.6649298615681543 77.90998519594218 0.00015137648678822878 1.5137648678822878e-04 0.0001526971815010101 0.00015301668817080472   
317 2536 1.6236246837062958 63.31028423902286 0.00015128899640749757 1.5128899640749757e-04 0.00015226711560220574 0.00015363162355232164   
318 2544 1.6950780170820088 62.31380946177918 0.00015100154963540875 1.5100154963540875e-04 0.0001521191142112555 0.00015478521116898074   
319 2552 1.9093258878075086 59.50496991771194 0.0001494818071353785 1.4948180713537850e-04 0.00015067995461725522 0.000152339770883394   
320 2560 2.270962490672592 61.23405857500242 0.00014941010767105333 1.4941010767105333e-04 0.00015121681631897707 0.0001530799392584889   
321 2568 2.7510483045064156 56.10707801822026 0.00014909457236193734 1.4909457236193734e-04 0.0001506425845356698 0.00015282323524727808   
322 2576 3.084246777182281 50.061566957970165 0.00014805117720700608 1.4805117720700608e-04 0.00015054192516570047 0.0001523001582769083   
323 2584 3.7191093098547516 51.75411706675019 0.0001476356477268817 1.4763564772688170e-04 0.00014899429762942767 0.00015051032627984572   
324 2592 2.97369858115716 46.216163798045294 0.0001476356477268817 1.4797002769475400e-04 0.00014997005895890569 0.00015145928744361188   
325 2600 2.9053728883753793 39.60930000858687 0.0001468009230429148 1.4680092304291480e-04 0.00014920194963700085 0.00015116615143627568   
326 2608 3.2159655010873074 46.73020215586725 0.0001468009230429148 1.4747712701170708e-04 0.00014978179229335794 0.0001520612324356947   
327 2616 3.452842407569337 45.68092145926166 0.0001444705902185767 1.4447059021857671e-04 0.0001488716615876855 0.00014958118042570118   
328 2624 2.9051326612261428 42.64995832051862 0.0001444705902185767 1.4520821437756775e-04 0.0001485560607098464 0.00015349528094362545   
329 2632 2.847810667765661 41.398313470491615 0.00014418884647757392 1.4418884647757392e-04 0.0001465344234634937 0.00014879526546141214   
330 2640 3.277433386335064 37.83285223849732 0.00014379763736683602 1.4379763736683602e-04 0.00014568692842134774 0.00014642489200465155   
331 2648 3.493028573111756 44.460798192790655 0.0001430207006226951 1.4302070062269511e-04 0.00014619628723504084 0.0001473910501031213   
332 2656 2.919610442225228 44.309564545099484 0.0001430207006226951 1.4413872318933546e-04 0.0001484774686485776 0.0001553606212326668   
333 2664 2.622283833161467 47.04608505275421 0.0001430207006226951 1.4393764177867853e-04 0.00014552738836301384 0.00014745769488536662   
334 2672 3.3773810284770827 48.3751367298817 0.00014201074731301304 1.4201074731301304e-04 0.00014548251613305687 0.00014734531861098236   
335 2680 4.008320295462155 54.49139888680977 0.00014201074731301304 1.4249435624997644e-04 0.0001431345065775855 0.00014380011073218137   
336 2688 3.762660611752573 52.17011805191594 0.00014201074731301304 1.4261263904456157e-04 0.0001442385641478173 0.0001457487184985094   
337 2696 3.951050837240863 56.61600832910251 0.0001399091877387845 1.3990918773878450e-04 0.0001443228418549473 0.00014637918822464366   
338 2704 4.474252094894026 64.31979918363244 0.0001399091877387845 1.4059160069753210e-04 0.00014181495817814504 0.00014949238082926622   
339 2712 6.047800626461873 75.76826677444883 0.0001399091877387845 1.4050378941753884e-04 0.0001423727298819415 0.00014333036356632353   
340 2720 5.7068469751028355 61.309972365014964 0.0001399091877387845 1.3998967262839147e-04 0.00014466484413543744 0.00014798459896107883   
341 2728 5.012086651364425 64.66206526837938 0.0001399091877387845 1.4074383511621593e-04 0.00014232567605280025 0.00014367078265782222   
342 2736 4.57348074935809 63.90268594058002 0.00013901816169479696 1.3901816169479696e-04 0.0001419360594683109 0.0001430006287884034   
343 2744 4.430539702032119 64.96708526820044 0.00013901816169479696 1.3915894337101757e-04 0.00014162903419069826 0.00014179280804392194   
344 2752 4.644378548290994 61.763529802332805 0.00013809090999412487 1.3809090999412487e-04 0.00014162105398983954 0.00014767656917670806   
345 2760 7.206880265687564 53.842206968788624 0.0001366340682808539 1.3663406828085391e-04 0.0001409426258620857 0.00014484923687688243   
346 2768 10.492706174440237 54.52066752441129 0.0001366340682808539 1.3716994411694638e-04 0.00014361341974051327 0.0001530116281828952   
347 2776 10.707539676945357 51.06918233599322 0.0001366340682808539 1.3871272959550235e-04 0.00014256530635812844 0.0001520399440866646   
348 2784 9.682238961026957 54.6758084412199 0.0001362866988896196 1.3628669888961960e-04 0.00014371851571816496 0.00015174964895963946   
349 2792 13.435827416364297 49.376493148626814 0.0001338466358258131 1.3384663582581311e-04 0.00014410504653449054 0.00014649195381834286   
350 2800 15.450602385256516 47.43671425280642 0.0001338466358258131 1.3569294881963048e-04 0.00014449855088930814 0.00017129805852048933   
351 2808 16.896340871519058 38.749451180981 0.0001338466358258131 1.3789150135269239e-04 0.0001462988739526611 0.00015744101316270023   
352 2816 14.78466839715704 35.2793573358602 0.0001338466358258131 1.3406141844994656e-04 0.00014348058107122236 0.0001551902502062724   
353 2824 12.824815140372055 35.35090597165028 0.0001338466358258131 1.3495662275372200e-04 0.00014018414617059598 0.00014680485156076827   
354 2832 12.969381773123297 30.432745522749595 0.0001336850915485639 1.3368509154856390e-04 0.00013918431734665534 0.00014610384470423838   
355 2840 11.885288651278524 25.362527451020046 0.0001322664434788587 1.3226644347885869e-04 0.00013596906199380782 0.00014389616580751547   
356 2848 14.968522800840015 29.667363163794978 0.0001300115331356914 1.3001153313569141e-04 0.00013572731841452569 0.00013983606959048816   
357 2856 20.214049861695553 28.79327690053647 0.00012598129751157587 1.2598129751157587e-04 0.0001368382413558576 0.0001439198084666358   
358 2864 18.99119354317314 29.242874306296006 0.00012598129751157587 1.2771370346250765e-04 0.00013421802310286193 0.000143916938801716   
359 2872 17.82392111227806 27.757136107291643 0.00012598129751157587 1.2656625480639719e-04 0.00013319069666121747 0.00013928993455810464   
360 2880 14.942601370611843 28.841077291938657 0.00012598129751157587 1.3036712108202287e-04 0.00013541406794686728 0.00014096601200509233   
361 2888 14.108728391004568 29.0153539276595 0.00012598129751157587 1.3159295049103620e-04 0.0001338446897154178 0.00013578170289042029   
362 2896 14.729951317736257 33.9200957081545 0.00012598129751157587 1.3276237941750528e-04 0.00013484999439637761 0.00014010562207656982   
363 2904 14.671847117324248 34.71216460380644 0.00012598129751157587 1.2923825607782073e-04 0.0001373209370900745 0.0001481912414524794   
364 2912 13.871463876390056 32.43844610260923 0.00012598129751157587 1.2729359190315730e-04 0.00013379037640094514 0.0001375714520127575   
365 2920 16.144546565846394 36.03662128110561 0.00012598129751157587 1.2668687460634626e-04 0.00012987007174767074 0.00013851909199704237   
366 2928 20.1022373121941 38.768056511845835 0.00012515881401921347 1.2515881401921347e-04 0.00012852694811692778 0.00013191226693159345   
367 2936 21.293538405191992 40.11512715369471 0.00012515881401921347 1.2649725757126303e-04 0.00013327172249141364 0.00013695979394191249   
368 2944 20.03435984974385 40.393391059942196 0.00012295470417262913 1.2295470417262913e-04 0.00013031223623740547 0.00013693717888109012   
369 2952 20.217414569858732 46.21317789871537 0.00012295470417262913 1.2608814263809936e-04 0.0001292086916747811 0.000150200571835736   
370 2960 21.645594691217596 44.00531394570258 0.00012114152813961826 1.2114152813961826e-04 0.0001286610620879664 0.00013420157579972463   
371 2968 18.800710602503173 47.73020816880532 0.00012101028574521745 1.2101028574521745e-04 0.00012546032648593376 0.00013257833532683236   
372 2976 18.46614011514262 44.69611930107411 0.00012050951180646527 1.2050951180646527e-04 0.00012686794563611264 0.00013132264226604359   
373 2984 16.075732480688234 44.33843761535206 0.00012050951180646527 1.2165492692675129e-04 0.00012700874424939786 0.00014458461248955588   
374 2992 13.333309198866688 44.50082197820163 0.00012050951180646527 1.2216800256633606e-04 0.00012473010058710275 0.00012797234880851296   
375 3000 10.45156619499096 46.54164019462111 0.00011969032814620323 1.1969032814620323e-04 0.00012121208986050717 0.0001247514825866917   
376 3008 9.794525780880772 42.54862197984567 0.0001189634907892989 1.1896349078929890e-04 0.00012327262683342727 0.00012617769334870635   
377 3016 8.671890930174554 43.6737382412333 0.00011863186922174102 1.1863186922174102e-04 0.00012178046012496777 0.00012604172484608153   
378 3024 7.927673864017464 48.060719162593514 0.00011863186922174102 1.1948027838366116e-04 0.00012044622992309218 0.00012208524816645244   
379 3032 7.63031191165501 39.61252185104689 0.00011863186922174102 1.1896502397577988e-04 0.00012041396590115608 0.0001213687098288309   
380 3040 7.59797336457369 48.5147027619052 0.00011863186922174102 1.1959400943779509e-04 0.00011998797614363978 0.00012097007223825116   
381 3048 6.280104173052561 46.91222133850385 0.00011836481763307253 1.1836481763307253e-04 0.00011952906205231556 0.00012116346321585324   
382 3056 5.282769201562563 54.51266085244938 0.00011833871545209818 1.1833871545209818e-04 0.00011905697776993994 0.00011975615078124082   
383 3064 4.364603330294647 55.121127261297715 0.00011831722629635337 1.1831722629635337e-04 0.00011911692403476293 0.00011966582529639835   
384 3072 3.4841730447729438 55.94080382867852 0.00011831722629635337 1.1842120935837335e-04 0.00011881217359559212 0.00011938937187037548   
385 3080 3.1436247150933943 45.66454555103956 0.00011831722629635337 1.1833568743072284e-04 0.0001187093138630364 0.00011903458589880862   
386 3088 2.6970314311879733 49.83122127925379 0.00011831722629635337 1.1837747763242372e-04 0.00011857733266074921 0.00011868128909593224   
387 3096 2.6417955931199555 56.18102542213596 0.00011831722629635337 1.1836891874409290e-04 0.00011863957280878665 0.00011871848422181031   
388 3104 2.2845177888567534 56.55646507041764 0.00011831722629635337 1.1836680541590797e-04 0.00011859249296946208 0.00011865050053954049   
389 3112 2.1518588521320523 56.412435260693805 0.00011831722629635337 1.1833948959726873e-04 0.00011847571463058402 0.00011886802369147006   
390 3120 2.2900723006007713 52.07699944386658 0.00011828385574212876 1.1828385574212876e-04 0.0001183793230581804 0.0001186097366998824   
391 3128 2.6023223861249636 56.85364590342314 0.00011828385574212876 1.1829203900791605e-04 0.00011857457139997053 0.00011862118806825883   
392 3136 1.9655215441949359 56.82749735226776 0.00011828385574212876 1.1828940407128616e-04 0.00011849051265392238 0.00011870534492734069   
393 3144 1.79075102715279 63.20036043624619 0.00011826678720030373 1.1826678720030373e-04 0.00011843551407812368 0.00011847841291357821   
394 3152 2.066950974228046 65.15594828289207 0.00011826678720030373 1.1827330194984064e-04 0.00011831577359395976 0.00011835333828300482   
395 3160 1.7516573703309102 59.78044555488034 0.00011826678720030373 1.1826750876731505e-04 0.00011836527401047255 0.00011844095031230478   
396 3168 1.5514994278828702 65.57661075266039 0.00011826678720030373 1.1826847279110808e-04 0.00011831982505647283 0.00011854121420603106   
397 3176 1.634338937564311 71.43726570521366 0.00011826678720030373 1.1827561148375065e-04 0.00011830958869352766 0.00011840314390703753   
398 3184 1.3824322626720975 83.66354185179077 0.00011826678720030373 1.1826712261948585e-04 0.00011833374340735108 0.00011835094991834763   
399 3192 1.3089028947240653 87.21329270842227 0.00011821552259494124 1.1821552259494124e-04 0.00011828867375196812 0.00011833124842198124   
400 3200 1.263913475651979 87.1784758610462 0.00011819999200115277 1.1819999200115277e-04 0.00011825013816854207 0.00011830790683800407   
401 3208 1.1983337210447698 82.08483384909786 0.00011818344945682774 1.1818344945682774e-04 0.00011822899002862476 0.00011829374948229383   
402 3216 1.1440101029558638 89.96552902617556 0.00011818344945682774 1.1821122359571574e-04 0.00011823877106124907 0.00011826044636029338   
403 3224 1.2034089216693933 92.51397681363503 0.00011818344945682774 1.1819271032878097e-04 0.00011823527517366457 0.0001182664088727067   
404 3232 1.3559512518504906 100.33535648786415 0.00011818344945682774 1.1820669918077000e-04 0.00011822788098287337 0.00011826327191276917   
405 3240 1.3568059095227543 117.513404537133 0.00011818344945682774 1.1818444414349898e-04 0.00011825016436155438 0.00011829668607550025   
