% # columns="iteration, evaluation, void, void, void, xmean", seed=253955, Wed Jan 20 17:40:31 2021, <python>{}</python> # scaling_of_variables: 1, typical_x: 0
1 8 0 0 0 -0.0561542134851942 0.8662545702191713 0.5732283653904656 0.4993074122619237
2 16 0 0 0 0.029023291836039272 0.9930524492575097 0.8441840069613272 0.19458851942199373
3 24 0 0 0 -0.2567291978754309 1.3407670131776088 1.0882203944573037 -0.006755422414199658
4 32 0 0 0 0.026980899794676327 1.5981541945862867 1.6323038172510564 0.006591776012814996
5 40 0 0 0 0.1799401716142022 1.3140326262501023 2.2672555285492075 0.0368395638999437
6 48 0 0 0 0.4608721018353463 1.3704927130166735 1.6252633881934344 0.18551958532962004
7 56 0 0 0 0.861538845124339 1.3014760284977636 1.6847527318479318 0.1419629612769163
8 64 0 0 0 0.7299766180754129 1.0364507393141416 1.5395838086267373 0.48051758330448946
9 72 0 0 0 0.6703996401213227 1.2805254913986173 1.7167567423175787 0.5323146519778736
10 80 0 0 0 0.46558037004753233 1.453867655244233 1.4848392714110639 0.40190659185519745
11 88 0 0 0 0.43803547045273067 1.5458330707890335 1.0449471342227308 0.48431367300108724
12 96 0 0 0 0.5134020251452387 1.5093978458534494 1.2908431375867326 0.47647096801728467
13 104 0 0 0 0.6558928380172572 1.572797753132541 1.1353758172419408 0.3975750344049592
14 112 0 0 0 0.682011879181818 1.536775169168505 1.0761354625319393 0.4035675418968674
15 120 0 0 0 0.6521464373375714 1.5155853694249586 1.0948965216282596 0.4771889427283567
16 128 0 0 0 0.6773401929727896 1.551079006153845 1.1042618885463313 0.47874241216486896
17 136 0 0 0 0.7644006468711411 1.542871975635404 0.9215311603883427 0.5382992669925039
18 144 0 0 0 0.7249199491065531 1.5389700685585124 0.8203178390020628 0.6694055542073556
19 152 0 0 0 0.7058875253157371 1.5425769508157607 0.8402032854771827 0.6961559166907031
20 160 0 0 0 0.7151708918338959 1.5505640934158988 0.6937667561616069 0.7796693309287689
21 168 0 0 0 0.6888103236086578 1.542517626586517 0.801862533353323 0.7521385374971198
22 176 0 0 0 0.6273043724663329 1.543892022742079 0.6705922417054772 0.8534076005524048
23 184 0 0 0 0.6117330528970901 1.55266611402651 0.6492748159865903 0.8716152558249111
24 192 0 0 0 0.6130888756930243 1.5492733108232808 0.5526237897739191 0.9196201550433836
25 200 0 0 0 0.673904568306334 1.5505417034906204 0.6879866968635289 0.8174344884002048
26 208 0 0 0 0.637988685676943 1.5445177761539077 0.6444831917698108 0.8544228707783328
27 216 0 0 0 0.5675168577008037 1.558747090013038 0.6703861720066927 0.8221407202470848
28 224 0 0 0 0.650904221369592 1.5501938794862622 0.690412055732345 0.7978976392301149
29 232 0 0 0 0.6904271229556131 1.5435169682894148 0.6311678991019902 0.8385720984207726
30 240 0 0 0 0.6055009247223588 1.5541298301317765 0.653206718713259 0.8348105827918412
31 248 0 0 0 0.708323919496813 1.5405832121320235 0.6610484818407034 0.8439148822050784
32 256 0 0 0 0.7210913321684778 1.5401829198106927 0.6659529684532233 0.8323935586507324
33 264 0 0 0 0.6879163207716122 1.5449435999104 0.6773496163726085 0.8108282835408274
34 272 0 0 0 0.6365406243143333 1.5500890385895083 0.6701444324980839 0.8088356019773211
35 280 0 0 0 0.6802905078570552 1.5484676423399315 0.6657464659616219 0.801435811105946
36 288 0 0 0 0.6484988894410268 1.549842804177805 0.6675041911248338 0.8112234227436387
37 296 0 0 0 0.6567288562119308 1.5529906964656435 0.6405752207308467 0.8107130778435497
38 304 0 0 0 0.6266649619967691 1.55747522471996 0.6403854272182161 0.8052368602529377
39 312 0 0 0 0.6151151139943098 1.5600494006790284 0.6290403444555547 0.8129856419489822
40 320 0 0 0 0.5831057191947279 1.563000129549048 0.617313211626342 0.8211105199066914
41 328 0 0 0 0.5925411162494385 1.560126334407935 0.6320527498366308 0.8190950003936333
42 336 0 0 0 0.6032872182417754 1.558415429545992 0.6276361517251481 0.8239696905233784
43 344 0 0 0 0.5826892268530606 1.5622581467915277 0.6165044959808433 0.8281626667705458
44 352 0 0 0 0.5919537236485832 1.5625732046404706 0.6130379926680883 0.8242166440274337
45 360 0 0 0 0.6294407574638498 1.5596466763210164 0.6035827188048805 0.8299312396404739
46 368 0 0 0 0.5877062200746875 1.563651246475475 0.6003515959115249 0.8355651233313744
47 376 0 0 0 0.5617075794509742 1.5659493818418757 0.6065726447112626 0.8313494265897032
48 384 0 0 0 0.5560762531546513 1.5692861168974042 0.5969744633091119 0.831305028175236
49 392 0 0 0 0.5793661185732991 1.5662162479335004 0.5921661407668393 0.8386390499104823
50 400 0 0 0 0.5540323299061438 1.5714790227783322 0.6065369141425901 0.8166005106854523
51 408 0 0 0 0.5341717453108794 1.5742081313610938 0.5992635742204033 0.821986957021485
52 416 0 0 0 0.5428655024688592 1.5726296026828925 0.5792124696103311 0.8429705533006018
53 424 0 0 0 0.5382849377398197 1.572697765537206 0.5801736880706874 0.843465139128996
54 432 0 0 0 0.5421514267503387 1.5740768518069388 0.571493596289115 0.8471793119483283
55 440 0 0 0 0.5183612688691784 1.578562968241863 0.5801682749063681 0.8335118880564856
56 448 0 0 0 0.5022103538407331 1.5795097083345002 0.5727321474332625 0.8437753947778837
57 456 0 0 0 0.502291668126387 1.5794154656212909 0.5657995775638233 0.8498764136971204
58 464 0 0 0 0.5135165673652351 1.5789753843021601 0.5579338300849233 0.8553678666249154
59 472 0 0 0 0.47997539000065415 1.583963584952935 0.5688893926029395 0.8429202090854495
60 480 0 0 0 0.483123155342308 1.586536221220073 0.5409124568234503 0.8619684803726476
61 488 0 0 0 0.4821615573820688 1.5856932237865755 0.5487337996616277 0.8570527772745575
62 496 0 0 0 0.50779127629642 1.5848917140381062 0.5303525299824298 0.8682434750194521
63 504 0 0 0 0.5020448179012238 1.5861346436741335 0.540702742626418 0.8572783185220918
64 512 0 0 0 0.47456097252665125 1.5887125751897695 0.524643256497871 0.8756443807646274
65 520 0 0 0 0.4842892473452948 1.58987467135266 0.5108990553530639 0.8829568853535613
66 528 0 0 0 0.4966135956172106 1.5889286390927702 0.5206008785555746 0.8718401008939825
67 536 0 0 0 0.5011432220610552 1.5899493997219472 0.4968286355857917 0.8907314213232017
68 544 0 0 0 0.4904470908597383 1.5917275621414915 0.5049618097708124 0.8824145383461403
69 552 0 0 0 0.48902631296172555 1.5940099968232264 0.5027122669317081 0.8805234114353715
70 560 0 0 0 0.49489561454061726 1.5954847494374955 0.5064353059920349 0.8720747114695165
71 568 0 0 0 0.49604199736196697 1.5985906687480467 0.4876827305488781 0.8823195767139298
72 576 0 0 0 0.4790970380505177 1.5961987637230035 0.5025842115673659 0.8781385784749123
73 584 0 0 0 0.49285368865046825 1.5950391300170637 0.5123252607621349 0.8679385363447243
74 592 0 0 0 0.5036653118212813 1.5956308504897536 0.4962618153386702 0.8798572616968217
75 600 0 0 0 0.5146996225414473 1.5960432550081574 0.5111438239127907 0.8620614213819845
76 608 0 0 0 0.5020881419306461 1.5969088067573998 0.5075335133766236 0.8674016349381006
77 616 0 0 0 0.4709025907182927 1.6010278866853989 0.48855731685535364 0.88578142310238
78 624 0 0 0 0.48545681538675367 1.6003880196889209 0.4939409829344215 0.878158818773261
79 632 0 0 0 0.47959618776647706 1.6026779298277165 0.5006061398273374 0.8686165336929612
80 640 0 0 0 0.4690492045244478 1.6037969989221759 0.5177825984169967 0.8533305696574551
81 648 0 0 0 0.47494563112372656 1.6032418553417196 0.5154693759720383 0.855025823298338
82 656 0 0 0 0.45713906435357926 1.6059152488945578 0.5123497116853478 0.8575033137082407
83 664 0 0 0 0.46552852430551084 1.6054238210888216 0.5470783540647945 0.8234635212179136
84 672 0 0 0 0.4645794533178185 1.60648036984868 0.545626621810238 0.8229695788886308
85 680 0 0 0 0.47214114523938233 1.605709775710927 0.5452555558996882 0.8231679572733788
86 688 0 0 0 0.4713902758327245 1.6086584041187137 0.5538004291890025 0.8099380203094582
87 696 0 0 0 0.4670035463744711 1.6090666095268071 0.5801394006189661 0.7856535849815963
88 704 0 0 0 0.44669055729333795 1.612867985169247 0.6049130243701097 0.7605570495673364
89 712 0 0 0 0.4589714198950298 1.6116891811852787 0.6158555388679838 0.749360649510186
90 720 0 0 0 0.44222778899784815 1.6156324166778842 0.6577861985455978 0.7070922223388855
91 728 0 0 0 0.45057052579540663 1.6168631845404067 0.6767189549036293 0.6856755091299418
92 736 0 0 0 0.4538790233649076 1.6177471997727968 0.6772046982638303 0.6834214465488323
93 744 0 0 0 0.44895486892357883 1.622069962331666 0.7135781527270807 0.6438574590113644
94 752 0 0 0 0.43789342998895864 1.6206402541027556 0.631927984750549 0.7260274503967631
95 760 0 0 0 0.4538797505446963 1.6209339677510577 0.6036717723453694 0.7498530413967883
96 768 0 0 0 0.4518018582840154 1.625849694390779 0.6413922878678224 0.707803281872738
97 776 0 0 0 0.4751492729283835 1.626593335667228 0.5601199996337018 0.780867026950963
98 784 0 0 0 0.4466012457669838 1.6311009211851935 0.5285784776999402 0.8107174358760224
99 792 0 0 0 0.456444808120964 1.6262195642025052 0.6138514782751597 0.7335469161628587
100 800 0 0 0 0.4412104011527354 1.6309168977366308 0.6133093160642817 0.7311887587088559
101 808 0 0 0 0.43294520590814745 1.633252108374299 0.5594198392034373 0.7812530171875174
102 816 0 0 0 0.44097317818724374 1.6330707146543253 0.6063969680663676 0.7355245419773164
103 824 0 0 0 0.4329254189645325 1.6362627337420521 0.5658792414543291 0.7722021609905854
104 832 0 0 0 0.4272047351569512 1.6374363844230178 0.5553531118311937 0.7817682999527685
105 840 0 0 0 0.4054033063111903 1.6402300746281144 0.5217008020688318 0.814358112807139
106 848 0 0 0 0.40810036889903206 1.6410036186896642 0.5104381262598835 0.824255396659262
107 856 0 0 0 0.4151679637784508 1.6419370679501095 0.5524010942454534 0.7818788985144254
108 864 0 0 0 0.4264224909130394 1.6421145824026837 0.5221480645779638 0.8094615740254519
109 872 0 0 0 0.40177290517412045 1.6466061802340248 0.5890465061606432 0.7442827836108713
110 880 0 0 0 0.3988851472406761 1.649755598523599 0.6324382318923291 0.7003870503570926
111 888 0 0 0 0.42063693396900337 1.6484635645480217 0.5760425524217574 0.7520002423452063
112 896 0 0 0 0.43155074809291755 1.6441228463347959 0.5178067272214092 0.8102840318480202
113 904 0 0 0 0.42458426266876886 1.647139345058453 0.5661205282169206 0.7624369768017095
114 912 0 0 0 0.4052165728439223 1.6489092992121452 0.5808298878268257 0.7497243729730814
115 920 0 0 0 0.4127176562799587 1.6478951769756753 0.5565576175163636 0.7730639488183991
116 928 0 0 0 0.4241030619189524 1.647039338726899 0.5919591656197679 0.7385628466717457
117 936 0 0 0 0.4148343484691303 1.6487545571632418 0.6057146252830563 0.725405797140638
118 944 0 0 0 0.398415277953 1.6534413993237367 0.6566063732769924 0.6749685420456449
119 952 0 0 0 0.40956330963852033 1.6530344085295818 0.6680240559392572 0.66320806592782
120 960 0 0 0 0.4113358179397419 1.6543899067650107 0.6247653811674085 0.7026523584377241
121 968 0 0 0 0.41788840132166755 1.6555079168632147 0.6792693091037937 0.6492810378950805
122 976 0 0 0 0.4118136472587257 1.6601012455609632 0.7374551834398105 0.5909232299796869
123 984 0 0 0 0.3939808982085582 1.6613631885939122 0.7545313923889722 0.5761874518046273
124 992 0 0 0 0.39979114039952185 1.6601713727420824 0.6745921309830575 0.6519571612894766
125 1000 0 0 0 0.4472220334275364 1.6570897971292018 0.7301628203351336 0.5960512599920146
126 1008 0 0 0 0.4386040234921818 1.6592174840969074 0.7235985845511427 0.6016386632574214
127 1016 0 0 0 0.4148074138380954 1.6639962104043842 0.7130272051826235 0.6114258197384826
128 1024 0 0 0 0.41606741423332383 1.6627741712295314 0.6254272025919179 0.6961033862412953
129 1032 0 0 0 0.460118603776499 1.663622347578925 0.6274530206898106 0.688843425227055
130 1040 0 0 0 0.44023505977759825 1.669555805939078 0.7626756296480619 0.5577809924715732
131 1048 0 0 0 0.41127292326691156 1.6805652276892875 0.7177335059639 0.5968324721105751
132 1056 0 0 0 0.3639781512761441 1.6887621575766076 0.7538166827601136 0.561745075081902
133 1064 0 0 0 0.3249995493136503 1.69024720364718 0.7504057121784712 0.5686127354496474
134 1072 0 0 0 0.35955496414731786 1.6975713409617084 0.8226091107242588 0.49137652495359524
135 1080 0 0 0 0.3104718107472162 1.7013154505495578 0.6795660234745049 0.6321192303382495
136 1088 0 0 0 0.2995530352222618 1.700843357869724 0.7365870919061398 0.5780779685047219
137 1096 0 0 0 0.3812631754246978 1.6977710167317348 0.6645712592041234 0.6409061053497926
138 1104 0 0 0 0.30426760963517957 1.7069917117694016 0.6426572781504815 0.6666312295913526
139 1112 0 0 0 0.3318010559003389 1.7025206326469848 0.7027818537503908 0.6082523777745245
140 1120 0 0 0 0.3652109755958526 1.711058627945081 0.6831486421545423 0.6188473559201092
141 1128 0 0 0 0.3686675627214186 1.7182233104066582 0.5511434877565238 0.7417583717540821
142 1136 0 0 0 0.34813093918376015 1.7223349537925348 0.6615625824843583 0.6375518313287983
143 1144 0 0 0 0.3050258045811182 1.7439703486630875 0.7607807133588559 0.5366385208301152
144 1152 0 0 0 0.2961342221822748 1.7552829659368592 0.7694660005863815 0.5242475674664322
145 1160 0 0 0 0.30175748285171816 1.754779352514373 0.873241285322284 0.4287085475262061
146 1168 0 0 0 0.3306159257421429 1.7523702010623805 0.827125664276814 0.4721424881542765
147 1176 0 0 0 0.40058644031244695 1.7481334741470917 0.7084531712161424 0.5815519493918423
148 1184 0 0 0 0.3572545811366953 1.765214803946079 0.6630247920200016 0.6224866583014276
149 1192 0 0 0 0.2886964656688767 1.7741453535346 0.6188045417315239 0.6703606401756216
150 1200 0 0 0 0.2885435415577583 1.777572542603205 0.6302861105659634 0.6580604594260685
151 1208 0 0 0 0.29262171902407297 1.7907332546525765 0.5520239125670579 0.731048320273688
152 1216 0 0 0 0.3372105946401931 1.7880045069063288 0.4541599753402592 0.8226705076213211
153 1224 0 0 0 0.3181714391675912 1.7988455954189317 0.4703401867754217 0.8079361829513892
154 1232 0 0 0 0.2951481295715088 1.812295031150481 0.4963099308330863 0.781791223081042
155 1240 0 0 0 0.3200137322096404 1.7975778591207798 0.5482047495313609 0.7339714631291543
156 1248 0 0 0 0.3153151113542966 1.8032960509375766 0.537990557055667 0.7401430418220317
157 1256 0 0 0 0.35961969816897604 1.7889732076731621 0.503188030429667 0.774932571464537
158 1264 0 0 0 0.3721045556148471 1.7865335054892946 0.5009253888412537 0.7763380681800113
159 1272 0 0 0 0.32041216029743974 1.8016452380849484 0.48980502606559934 0.7884448221904574
160 1280 0 0 0 0.31023065992401483 1.8086051025589038 0.45422579229762616 0.822903601489777
161 1288 0 0 0 0.35947490456373843 1.8030586278989629 0.45846166460067644 0.8179694257397194
162 1296 0 0 0 0.28918953206977166 1.8100152769322015 0.4667362036023968 0.8098058492094925
163 1304 0 0 0 0.24685389718942072 1.8152543198388222 0.48694344093209596 0.7919261962175795
164 1312 0 0 0 0.23232698541601685 1.8193905941636774 0.49822838234914396 0.7808804726673232
165 1320 0 0 0 0.20965421369412313 1.8261353315348277 0.4764387189957256 0.8016699698835652
166 1328 0 0 0 0.2775621496956296 1.8127715358137189 0.4586369041265988 0.8182353420665206
167 1336 0 0 0 0.2451838408135097 1.8224182796335422 0.42574760853947735 0.8502454693038775
168 1344 0 0 0 0.22981155571599193 1.8259829546282043 0.4000768328793597 0.8749804807683325
169 1352 0 0 0 0.22387289729804274 1.827789902336863 0.40295107173110045 0.8721146902188015
170 1360 0 0 0 0.19209419546233772 1.8382830023742562 0.3760447704349366 0.8973208070634235
171 1368 0 0 0 0.2246751019794983 1.8323299040912004 0.3853008482431227 0.8883247873531978
172 1376 0 0 0 0.22463351637966109 1.8331347334681833 0.36710598701138036 0.9053717191360342
173 1384 0 0 0 0.2363693614995512 1.830185655077258 0.37390878318067233 0.8991618861825456
174 1392 0 0 0 0.24744343707643585 1.8270561469953688 0.38178307460952204 0.891180030015019
175 1400 0 0 0 0.27105123280181437 1.820371061125668 0.38092907398805753 0.8924092822023958
176 1408 0 0 0 0.2571313634740151 1.826773039642765 0.36511716103218217 0.9074660598315709
177 1416 0 0 0 0.21906443968871803 1.8336694796296495 0.3697954584284979 0.9033429790903601
178 1424 0 0 0 0.24153281354847578 1.8274016596137994 0.38284481119060004 0.8905615310812525
179 1432 0 0 0 0.2161888856527941 1.833251998856731 0.36808906782109446 0.9047826348008252
180 1440 0 0 0 0.1892051924283816 1.8388605752249267 0.36834817647143 0.9050073504678137
181 1448 0 0 0 0.17373256444906485 1.8425387444645551 0.3732427359441594 0.9010167787425742
182 1456 0 0 0 0.21149771199933873 1.8365465637505545 0.36093293150516337 0.9125266916084709
183 1464 0 0 0 0.18292743584070129 1.8433864155680806 0.3634737972344413 0.9102187239336454
184 1472 0 0 0 0.15602711346769965 1.8473133241883102 0.38654058100932337 0.8881734987028239
185 1480 0 0 0 0.16199295956600734 1.8464844743716682 0.3983713802848411 0.8761734155770646
186 1488 0 0 0 0.15750177708589 1.8472407252359668 0.3973461662783783 0.8773093206618511
187 1496 0 0 0 0.1614866552500101 1.8471301974519827 0.38093055886572647 0.8931653800507533
188 1504 0 0 0 0.14972441456293062 1.8515615244581012 0.3649435429124663 0.9084883263342424
189 1512 0 0 0 0.1462307748427087 1.8517430988291106 0.37555231299120184 0.8985771408181965
190 1520 0 0 0 0.13095922352254216 1.8570062081585557 0.3743752554266707 0.8993699476061999
191 1528 0 0 0 0.1294782923184075 1.8570121606322172 0.3851893630757415 0.8890135638730844
192 1536 0 0 0 0.12952717188627375 1.8560432603150063 0.38414474691365047 0.8904129179955173
193 1544 0 0 0 0.13357599502334852 1.8548306405481017 0.3784673857729306 0.8960223411026762
194 1552 0 0 0 0.1367715080760424 1.8552371714511469 0.3675192941231415 0.9066309050423084
195 1560 0 0 0 0.13084884009007405 1.8575335301261262 0.3653065644416094 0.9086990830395255
196 1568 0 0 0 0.12527701600381796 1.8594379778642676 0.3638424807659703 0.9101790791493156
197 1576 0 0 0 0.1256419944858968 1.8599252806412214 0.3613060266375138 0.9125425033233036
198 1584 0 0 0 0.1256817531536051 1.8595936222810567 0.3641270595642795 0.9098544396235171
199 1592 0 0 0 0.13020567138904784 1.8575963194808076 0.36444590340247546 0.9095275722879044
200 1600 0 0 0 0.13001600309054206 1.8581283688928278 0.36099602811800174 0.9129473537647738
201 1608 0 0 0 0.1289110709072349 1.8585669650272119 0.36098497574287364 0.91307629167659
202 1616 0 0 0 0.13075632746518456 1.8580328948772045 0.35768736148196467 0.9163292357409145
203 1624 0 0 0 0.13010242357300808 1.8582882536678968 0.36004071996257164 0.9139287655066762
204 1632 0 0 0 0.1260414967467232 1.8593742471512207 0.36216769238863306 0.9119193536885335
205 1640 0 0 0 0.12545817217039124 1.8596487290069916 0.3621205663120284 0.9119520299901499
206 1648 0 0 0 0.12381732404110588 1.8605112741948222 0.3604194093693165 0.9136746003449775
207 1656 0 0 0 0.12067441596499676 1.8617475127581429 0.36049452835147716 0.9136476637332783
208 1664 0 0 0 0.11851268239029225 1.8622262068088489 0.3628666850928006 0.9112801415912283
209 1672 0 0 0 0.12039218215776451 1.8614874466859561 0.36336182203062517 0.9107836122527495
210 1680 0 0 0 0.12166113665917941 1.861254395375303 0.36119354637329837 0.9129622077466972
211 1688 0 0 0 0.12216988528656245 1.8613868279362076 0.3584787594973608 0.9156806064194923
212 1696 0 0 0 0.12160023828965064 1.861507974695321 0.358619579358416 0.9155876212361896
213 1704 0 0 0 0.1212126499979608 1.861754256262144 0.3577434038223561 0.9164671470438157
214 1712 0 0 0 0.12150160261411191 1.8617598381514855 0.3561802734073266 0.918069802046766
215 1720 0 0 0 0.12205795066578337 1.8617157389808858 0.3549249893599396 0.9193302583854096
216 1728 0 0 0 0.12070395462170015 1.8621803036503304 0.3548833107610464 0.919454039152501
217 1736 0 0 0 0.12155386797374278 1.861903289124479 0.3547270117591158 0.9195898075044414
218 1744 0 0 0 0.12103602922779512 1.8621870938655853 0.3539416563102079 0.9204034083669461
219 1752 0 0 0 0.12106349631722793 1.862101237725061 0.3542920129867977 0.920041030693866
220 1760 0 0 0 0.1216895980481617 1.8619346637687646 0.35383492109131226 0.9204985979249765
221 1768 0 0 0 0.12122680977476155 1.8621616975099369 0.35367505279566597 0.9206806066632194
222 1776 0 0 0 0.1205706534024546 1.8624852021432836 0.35321831109478113 0.9211775432963595
223 1784 0 0 0 0.11975252515788111 1.8629978693796088 0.3520837928322562 0.9223613589962276
224 1792 0 0 0 0.11782306412420408 1.8638019727814794 0.35228850787217203 0.922167544195097
225 1800 0 0 0 0.11636194155385772 1.8644158988886268 0.35242189498574455 0.922073839221311
226 1808 0 0 0 0.11675775129632539 1.8642370533279253 0.35149528060002433 0.9230778211470351
227 1816 0 0 0 0.11654699638826257 1.8643118220780734 0.3513966647637183 0.9232167185639472
228 1824 0 0 0 0.11618252173511934 1.8647344342845358 0.3496752619902543 0.925030947400814
229 1832 0 0 0 0.1162333625706385 1.8647248579008036 0.3500281467645978 0.9246470844884508
230 1840 0 0 0 0.11375886455855838 1.865950698602573 0.34866538554273635 0.9261356711748009
231 1848 0 0 0 0.11530818632818933 1.865289739099085 0.34878614367802213 0.926018864363165
232 1856 0 0 0 0.1138664645199221 1.8660714959662803 0.3471680504425207 0.9277483812304685
233 1864 0 0 0 0.11264973072488163 1.8665502596198813 0.34708061422788267 0.927879553066998
234 1872 0 0 0 0.11252294238286993 1.8666408161460633 0.34716883217107575 0.9278282967614708
235 1880 0 0 0 0.11056147414465102 1.8675382931471523 0.3461631039881191 0.9289323109887807
236 1888 0 0 0 0.11054426918020298 1.8677377847904322 0.3448976089857305 0.9303496584628858
237 1896 0 0 0 0.11011918340834562 1.8680177719071893 0.34469447056114977 0.9305558820606312
238 1904 0 0 0 0.11006620886381199 1.868138507628842 0.3439759308711381 0.9313728871269307
239 1912 0 0 0 0.10683961815358846 1.8697541922095606 0.3422607279200479 0.9333337112754508
240 1920 0 0 0 0.10501458555618198 1.870588204619705 0.3422675483043234 0.9334173994844992
241 1928 0 0 0 0.10542008392915632 1.8705883891587112 0.34083895537852604 0.9349969003107099
242 1936 0 0 0 0.10716088753849244 1.8696824188053114 0.34108096742928656 0.9346463057586071
243 1944 0 0 0 0.10696832535426679 1.8697751565375564 0.3399402665352267 0.9359654086252291
244 1952 0 0 0 0.10625945015371001 1.8700263931494407 0.34133508587650513 0.9344952261399008
245 1960 0 0 0 0.10573862620946103 1.8702612560728074 0.34230351634052003 0.933381806952371
246 1968 0 0 0 0.10279670009891886 1.8718873144023573 0.33986089323710805 0.9361394688601684
247 1976 0 0 0 0.10320471810723564 1.8715344733384713 0.3410601265548244 0.9347714353397346
248 1984 0 0 0 0.10403338552341389 1.871196816075621 0.34078002744815683 0.935105481755012
249 1992 0 0 0 0.10411429587517877 1.8711857118017559 0.34101269798928074 0.934862292443879
250 2000 0 0 0 0.1029120079956113 1.8718908648219594 0.34005185453771547 0.9359801861536413
251 2008 0 0 0 0.10274209110141747 1.8720512657303459 0.3395671401572088 0.9365190270498348
252 2016 0 0 0 0.10047436366272364 1.873124198773797 0.3392745850339775 0.9369107884323311
253 2024 0 0 0 0.10052207978141367 1.8727948151115652 0.34146455599418396 0.9344416500141499
254 2032 0 0 0 0.09922119474669401 1.873629272706683 0.3399206919552498 0.9362401621794509
255 2040 0 0 0 0.09881344639192335 1.8739632988952633 0.33925144917160505 0.93703080727218
256 2048 0 0 0 0.09899228774386763 1.8738248934444288 0.33907498951238274 0.937231844191063
257 2056 0 0 0 0.09893710791646887 1.8739454759097054 0.3387642952570695 0.9375917042929164
258 2064 0 0 0 0.10008887184197988 1.8735024748256757 0.3379379182794685 0.9384878492200276
259 2072 0 0 0 0.09759092295014477 1.874775553206056 0.3376487475655058 0.9389083350850226
260 2080 0 0 0 0.09634662533728126 1.8754508859720835 0.337269530750991 0.9393718257750697
261 2088 0 0 0 0.09347847538801761 1.8771658956596027 0.3352610481058231 0.9417242081447383
262 2096 0 0 0 0.09176394377697036 1.8777981329362974 0.3364866169814824 0.9404147821871897
263 2104 0 0 0 0.09280755894600423 1.8774320710008323 0.33545875124481156 0.9415682257852055
264 2112 0 0 0 0.0913393824348911 1.8781751906739763 0.33523675035437317 0.9418820898356104
265 2120 0 0 0 0.09177094011136103 1.877963512936049 0.33571444755217184 0.941287628062388
266 2128 0 0 0 0.0917175506120465 1.877801098795692 0.337357500517296 0.9393998282791614
267 2136 0 0 0 0.09156682985968942 1.8779545038587275 0.3371673325863176 0.9396088702949875
268 2144 0 0 0 0.08967832607661008 1.8790015998983378 0.3367155294681532 0.9401738564151793
269 2152 0 0 0 0.08954434138495179 1.8790921623482948 0.33609951867848475 0.9409194843059654
270 2160 0 0 0 0.0908627266995025 1.8783813623246193 0.33625260906506493 0.9407376701450553
271 2168 0 0 0 0.09081247392612808 1.878484452327306 0.33597020067082467 0.9410460461113804
272 2176 0 0 0 0.08913403130718842 1.8794397734308428 0.3354685665042762 0.9416706372340437
273 2184 0 0 0 0.08955917149439482 1.8791895559140284 0.33564369875633077 0.9414746118482262
274 2192 0 0 0 0.0881864468994003 1.8798889153518836 0.336069175053432 0.9410159222674803
275 2200 0 0 0 0.08711891286610855 1.8804746686699942 0.33644274680277775 0.9406155334461002
276 2208 0 0 0 0.08549042844976353 1.8813826703908016 0.3362062366886078 0.9409302575068285
277 2216 0 0 0 0.08511341200947929 1.8817378356741075 0.3349616182619753 0.9424291480267115
278 2224 0 0 0 0.08265894178378329 1.8832870406192068 0.3339702729281512 0.943621912970943
279 2232 0 0 0 0.08262454763307277 1.8832629121627844 0.3345003393202106 0.9430580196231562
280 2240 0 0 0 0.08166041063774084 1.8841069808359685 0.3324822983090608 0.9454917233974547
281 2248 0 0 0 0.08225926812075213 1.8835157120194292 0.33457729412653336 0.9430172054279214
282 2256 0 0 0 0.08121777207107794 1.8841251155189653 0.33457810018809947 0.9430170548422714
283 2264 0 0 0 0.0798310043694771 1.8848953465751959 0.335270691774838 0.942255117900447
284 2272 0 0 0 0.07987662580198931 1.8849956286538299 0.33496818692706354 0.9425885932198365
285 2280 0 0 0 0.07972550796785936 1.8851196485516928 0.3342191998574165 0.9434851273819193
286 2288 0 0 0 0.07886605282545478 1.8856835838356463 0.33378148113863026 0.9440261075720081
287 2296 0 0 0 0.07784191851639942 1.8862085739733305 0.3342060052570839 0.9435806336018784
288 2304 0 0 0 0.07879475080448847 1.885703139802611 0.3342385895747032 0.9434816284510245
289 2312 0 0 0 0.077190548948484 1.8867141968961427 0.3335923447743405 0.9443467904114563
290 2320 0 0 0 0.07686574164235813 1.8869731765516822 0.3332313133388507 0.9448189365752385
291 2328 0 0 0 0.07741353451982652 1.8868001331261224 0.33221233443486714 0.9459948367944588
292 2336 0 0 0 0.07677821515536992 1.887217252925953 0.3320309873063944 0.9462970476123104
293 2344 0 0 0 0.07658109802606532 1.8874872708141768 0.33110860473070125 0.9474084709866808
294 2352 0 0 0 0.07565017107629754 1.8879636114138272 0.33136457611499714 0.9470910115991724
295 2360 0 0 0 0.07536937619392292 1.8882564946553766 0.33067498523316646 0.9479769327262662
296 2368 0 0 0 0.07466946005124034 1.8890131283742408 0.3287497472520526 0.950340710158973
297 2376 0 0 0 0.07346160953635684 1.8899743796094195 0.3271575767906009 0.952318462014083
298 2384 0 0 0 0.0722197478383615 1.8907711983242552 0.3274280059494114 0.9520177347470734
299 2392 0 0 0 0.0702681269394446 1.8919197529711314 0.32812381727040113 0.9513122466705504
300 2400 0 0 0 0.06749080497549101 1.8938731021616844 0.3273305982997036 0.9523953251987007
301 2408 0 0 0 0.06938050982244051 1.8929300636951185 0.32667986591027687 0.9531407778644944
302 2416 0 0 0 0.06965905544640376 1.8930048204947503 0.32499213200412597 0.9552375376805199
303 2424 0 0 0 0.06789238724404248 1.8940618707377697 0.3251285877776023 0.9552214208839809
304 2432 0 0 0 0.06649071747475725 1.895013474367641 0.32547223947102305 0.9548215172486301
305 2440 0 0 0 0.0662346460772577 1.8950485901222507 0.3267582568606168 0.9532569857766967
306 2448 0 0 0 0.06477295681773788 1.8960345052929097 0.32631276206066295 0.9539242934649548
307 2456 0 0 0 0.06568803443117563 1.8954326690136116 0.3261615167032441 0.9541003500226762
308 2464 0 0 0 0.06626619600956958 1.895285988518923 0.3253344531062233 0.9550644514079301
309 2472 0 0 0 0.06598191175319018 1.8956276871963196 0.32440963176273596 0.9562575128683193
310 2480 0 0 0 0.06552870866188874 1.8959793545246524 0.32457267035822296 0.9560669021936642
311 2488 0 0 0 0.06410115700680216 1.897143994887818 0.3236787270865818 0.9572688890610931
312 2496 0 0 0 0.06354635461582916 1.8976451659240101 0.32297341454149947 0.9582276409976601
313 2504 0 0 0 0.0629817770427691 1.8981845536489261 0.32210149253053977 0.959356246312498
314 2512 0 0 0 0.0621255948053129 1.899043612241557 0.32115810568232 0.9606230168383187
315 2520 0 0 0 0.06271532460081011 1.8984206296512678 0.32207006126031207 0.9593811302879404
316 2528 0 0 0 0.06279031274472124 1.898429600716357 0.3219698359596692 0.9595942046621234
317 2536 0 0 0 0.061655998959457683 1.8992977488445533 0.3215173171645896 0.9602433994884938
318 2544 0 0 0 0.06119401936538459 1.8997575165740912 0.3211131620101455 0.9608350822350372
319 2552 0 0 0 0.06039448124564113 1.9004844403963557 0.32041934024613966 0.9618294311803041
320 2560 0 0 0 0.06000416664152364 1.9009862967625224 0.3193748391415078 0.9632662991066778
321 2568 0 0 0 0.05849694821824402 1.9021654406613162 0.31915903883444363 0.9637552222464011
322 2576 0 0 0 0.0586908081224617 1.9023310554183002 0.3182622750250193 0.9649582821517986
323 2584 0 0 0 0.05685283616842307 1.9039341082104517 0.31769243672312497 0.9657499342540157
324 2592 0 0 0 0.058715060840683515 1.9021993932749202 0.31881436939168 0.9642209178940784
325 2600 0 0 0 0.056594056476049995 1.9041058915865765 0.3176446257285982 0.9659185404232519
326 2608 0 0 0 0.05524349179999225 1.905532036854769 0.31623294927978535 0.9677917241976092
327 2616 0 0 0 0.05440602655731276 1.9062661383699515 0.31577717757865537 0.9686785166287885
328 2624 0 0 0 0.05486347103539016 1.9058439816310757 0.3160977997511432 0.9681894281657055
329 2632 0 0 0 0.054405912070636414 1.906408743369382 0.31519522237860537 0.9695453539410517
330 2640 0 0 0 0.05238541626925617 1.9083831200053802 0.31357315558476073 0.9719664750557793
331 2648 0 0 0 0.05105536635649642 1.9096965554203427 0.3126575841027861 0.973279067698591
332 2656 0 0 0 0.053385653478881266 1.907532301339278 0.31407123754932165 0.9710850885396985
333 2664 0 0 0 0.05276944119223507 1.9079420344765385 0.31451746627105565 0.9705593499501148
334 2672 0 0 0 0.04994008243250858 1.9106823532868478 0.3126185830474259 0.973570100731069
335 2680 0 0 0 0.049990465318922414 1.910852194326764 0.312308484049525 0.9740600096228115
336 2688 0 0 0 0.049809707180601064 1.9110881728253426 0.31179497587838745 0.9747952238023514
337 2696 0 0 0 0.04844810866486494 1.9126003103789415 0.31051761424890634 0.9767038026910217
338 2704 0 0 0 0.04723630013632945 1.91412580226969 0.3083254458329802 0.9799373925893845
339 2712 0 0 0 0.04918447765207862 1.912195804252191 0.30960246887602394 0.9782214370152119
340 2720 0 0 0 0.048412486383316425 1.91301958501089 0.3086128553858945 0.9796102790249934
341 2728 0 0 0 0.04974115028180015 1.9118335477574377 0.3092032729033024 0.9786243030535068
342 2736 0 0 0 0.048665479069751695 1.9126499520326001 0.30919441885700794 0.9788336221187832
343 2744 0 0 0 0.04788851369467133 1.9136242459354833 0.30785341440870995 0.980880309934632
344 2752 0 0 0 0.04774532390833438 1.9138591653903199 0.3076979217144852 0.9812229243148942
345 2760 0 0 0 0.045961456874834966 1.916078838231542 0.30495430844772353 0.9856186388419867
346 2768 0 0 0 0.0447211474316194 1.9177638490594877 0.3028787563040966 0.9889813245378432
347 2776 0 0 0 0.04593964228986527 1.916502340048575 0.3040843023693148 0.9871063260769753
348 2784 0 0 0 0.04517882117709613 1.917090683678536 0.3042755692422235 0.9869480286667313
349 2792 0 0 0 0.04213518643003307 1.9202861076007076 0.301537693812775 0.9918016195679467
350 2800 0 0 0 0.04329895935623207 1.919665937645466 0.30062277622080497 0.9932746804742927
351 2808 0 0 0 0.04353353947548786 1.9203322216332666 0.2978006199683126 0.997576914690357
352 2816 0 0 0 0.04199240171963988 1.9207858245928626 0.30122293656976595 0.9924304385144644
353 2824 0 0 0 0.040680964993614455 1.9221634872649216 0.3004534968080025 0.9936060446354006
354 2832 0 0 0 0.04090565699426675 1.9217574041043854 0.3021926579720602 0.990671397010226
355 2840 0 0 0 0.04109622959041077 1.9213436178884 0.3031356932986218 0.9891075483613239
356 2848 0 0 0 0.03826902274948859 1.9246034496125008 0.30007257349601557 0.9948730649436895
357 2856 0 0 0 0.03802204743303974 1.9257230627806268 0.2980023239783103 0.9987089352997848
358 2864 0 0 0 0.03751279017360312 1.9257828308893699 0.29985082422773696 0.9954260044792573
359 2872 0 0 0 0.035415216764698804 1.928022002194839 0.29805220137724525 0.9988941498387955
360 2880 0 0 0 0.036642251884259576 1.9263296562757048 0.2995185029336655 0.9963048782281327
361 2888 0 0 0 0.03860214788062359 1.9239544760874112 0.302021925579023 0.9917910042644612
362 2896 0 0 0 0.04074327390561244 1.9217282038229675 0.3034084573503843 0.9888918021166074
363 2904 0 0 0 0.03784665854995933 1.9253501544132539 0.30043397281856454 0.9943451168215638
364 2912 0 0 0 0.036845340386407646 1.9265722638835476 0.2994598233477759 0.9961117887772277
365 2920 0 0 0 0.03590823621997026 1.9283013589195614 0.2973523688984294 0.9999901274512087
366 2928 0 0 0 0.03210966313808036 1.9320412657444959 0.2977753921813353 1.0001729163009028
367 2936 0 0 0 0.03056749814175297 1.9339932467353038 0.29651758666461225 1.0023608519508513
368 2944 0 0 0 0.029741072702373396 1.9353671416721459 0.2942548758785975 1.0064518397856372
369 2952 0 0 0 0.035135881573664186 1.9291665912498916 0.296927506919021 1.001110351573959
370 2960 0 0 0 0.028102804801307765 1.9373055890690778 0.2938353937649288 1.0080243607015325
371 2968 0 0 0 0.029163842527129114 1.9361328650052505 0.29461013265473507 1.0063149017867792
372 2976 0 0 0 0.027421270954860136 1.9382156246052276 0.2936912854739748 1.0086198603880165
373 2984 0 0 0 0.030251043743171693 1.9349215504968906 0.2942577952512463 1.0069227553267486
374 2992 0 0 0 0.03020785828962911 1.935034729427752 0.2943142764455155 1.006650039741591
375 3000 0 0 0 0.029894186916517712 1.9354052422836832 0.2943070644565693 1.006756588472093
376 3008 0 0 0 0.028463802531550078 1.9370931841175532 0.29352451024608145 1.008599275651493
377 3016 0 0 0 0.02827308186737357 1.9373568260670324 0.2935556371010361 1.0085699930730676
378 3024 0 0 0 0.02804759695402259 1.9376618238907828 0.293515933149619 1.0086953442605244
379 3032 0 0 0 0.027709023522834844 1.9381448575310731 0.2932655656314187 1.0092090625280101
380 3040 0 0 0 0.027208136293582368 1.9386964023475142 0.2933802679371442 1.0091355590910724
381 3048 0 0 0 0.027545629835795695 1.9383302685016999 0.29317921036919636 1.009467001335744
382 3056 0 0 0 0.02721606700059228 1.9387568480812094 0.2929329199494915 1.0099816673815474
383 3064 0 0 0 0.02749501658554179 1.9384179582441574 0.29299891003346185 1.0098077111198898
384 3072 0 0 0 0.027521002321408045 1.9383824013600217 0.2930078201341945 1.0097971611009227
385 3080 0 0 0 0.027535735491833475 1.9383567714187975 0.2929492003398375 1.0099145879044737
386 3088 0 0 0 0.027686575843979613 1.9381608528327106 0.29308206577894275 1.0096380273532042
387 3096 0 0 0 0.02769172149256826 1.9381810588135113 0.29291216879199816 1.0099558343902173
388 3104 0 0 0 0.027567365995198035 1.938347164699198 0.2928385682285337 1.0101206312429731
389 3112 0 0 0 0.027448373828767827 1.938493587315336 0.29283133074468026 1.0101624658898911
390 3120 0 0 0 0.02742424925344459 1.9385365084733843 0.29271833165697503 1.0104046834902356
391 3128 0 0 0 0.02744173028803119 1.9385247041732827 0.2926196510700811 1.0106111941959603
392 3136 0 0 0 0.027477471687094766 1.9384665747246015 0.2927547340068371 1.0103143901059368
393 3144 0 0 0 0.02741404797114552 1.9385563718858994 0.2926775652096899 1.0104930301049944
394 3152 0 0 0 0.027343624294163642 1.9386584370415116 0.29264060741136155 1.0105849600688892
395 3160 0 0 0 0.027368663654187757 1.9386198816675804 0.2926567666874689 1.0105484031056846
396 3168 0 0 0 0.02736599929995054 1.9386147581677837 0.29271958212404786 1.0104117873739502
397 3176 0 0 0 0.027229146878730463 1.9387911532399482 0.2926505838251429 1.0105703845238292
398 3184 0 0 0 0.027285714952987164 1.9387237403688755 0.29267228271205986 1.0105179341312756
399 3192 0 0 0 0.027223459690952617 1.9387991572894243 0.29265297403244506 1.0105740474868452
400 3200 0 0 0 0.02720559481571316 1.9388227124875672 0.292635392965251 1.010617892760752
401 3208 0 0 0 0.027153322928252368 1.93889522418492 0.2925883748189294 1.0107230972804844
402 3216 0 0 0 0.027154117887910015 1.9388990763871965 0.2925473642556227 1.0108090924502902
403 3224 0 0 0 0.02716458949937558 1.9388929295448625 0.29250033324432684 1.0109068086404263
404 3232 0 0 0 0.027079597030298892 1.9390126791691498 0.2924316926356813 1.0110576120803754
405 3240 0 0 0 0.027015382573530207 1.9390951888151322 0.2924080150717127 1.0111187152313252
405 3240 0 0 0 0.027015382573530207 1.9390951888151322 0.2924080150717127 1.0111187152313252
