% # columns="iter, evals, sigma, 0, fitness, xbest" seed=253955, Wed Jan 20 17:40:31 2021, <python>{}</python>
1 8 0.46122578193463026 0 0.0006513277325800064 0.015357694524155523 0.8594600674087269 0.2747341191142834 0.36908565678562216
2 16 0.4658532672522898 0 0.0006513826506739246 0.015410029054714917 0.9176129818489706 0.680619240470323 0.02051170655858298
3 24 0.517615238426918 0 0.0005814636175849231 0.36466447593088513 0.6208907158071746 0.4886897811657882 0.15268487481238424
4 32 0.5841720971307125 0 0.000616346713132927 0.04783574316557786 0.5536384167448745 0.37274540393129085 0.09279198645791213
5 40 0.673858319631721 0 0.000648635870469557 0.34965457354697843 0.8487078472753498 0.48485773575452695 0.10589421153121761
6 48 0.5879388823092455 0 0.0006431048391714613 0.4011730313013925 0.7801743019151763 0.5150596081244034 0.09615098880407959
7 56 0.5690345103299489 0 0.000646899622900923 0.460686353414855 0.8362217540305439 0.5254269286741411 0.05824624163513109
8 64 0.5092176510464995 0 0.0006507812167511092 0.5894016696487141 0.9708326924655679 0.9870869794020933 0.44415204088430593
9 72 0.45774645812541237 0 0.0006485774323206538 0.45031877882965804 0.8136536061741426 0.4079641006233431 0.28917020596237664
10 80 0.41759660014512395 0 0.0006225615648067203 0.20662711273603085 0.5356798914527079 0.9386260381115439 0.6907853524618505
11 88 0.42198692989950665 0 0.0005914986057149849 0.4719889636728589 0.5699106356778485 0.9876942340086097 0.40439347461126063
12 96 0.33539145453981484 0 0.0006067855659397589 0.4907949513054781 0.6540882755580175 0.9929955892280486 0.39337500997773
13 104 0.31823912515257263 0 0.000540241353627267 0.5720043195548469 0.5610564793652508 0.9026406040031294 0.4377750837413341
14 112 0.2736947077150554 0 0.0005924525720424693 0.9165449615288696 0.6485107425939809 0.9924732743945113 0.3574679504702511
15 120 0.21765164945299795 0 0.0006071009941054422 0.5961758686519707 0.5903165931801131 0.9349208857189446 0.37820287253034984
16 128 0.17704340044407244 0 0.0005709892398815991 0.5381705090408999 0.6233383879714078 0.9998591459076803 0.48101836570743883
17 136 0.17768200818689942 0 0.000596913053532505 0.7576903602561174 0.6253913917396905 0.885318605850279 0.560044823058642
18 144 0.18960484487050028 0 0.0005664602740193923 0.8467011807726303 0.6857095678270604 0.7521034623597478 0.7668274424588895
19 152 0.17908905125476313 0 0.0005667917432547048 0.6204199108142825 0.664338507910867 0.90680210361525 0.6437077172825894
20 160 0.17584546472260668 0 0.0005450846872939772 0.7962021694119488 0.6633816446693854 0.5537230929173865 0.9120181933693484
21 168 0.14979179688047425 0 0.000556876357528457 0.661663779236791 0.6483523924155452 0.9170360153167334 0.6757966470247438
22 176 0.15299755445886545 0 0.0005617044560848854 0.6421231059525285 0.6641373990923898 0.6522407267511108 0.8809400215441147
23 184 0.14048757206425286 0 0.0005514322642980496 0.5785786070999367 0.6427375686023631 0.6227488968266109 0.8811564472652883
24 192 0.1291589777034435 0 0.0005610044897028687 0.5712294139865477 0.6457862844382833 0.46260796976428853 0.9636681477774403
25 200 0.1134032408505048 0 0.0005562286218964445 0.6283170568887496 0.6375090417600409 0.7089894538958567 0.7465516814397253
26 208 0.0905063967212249 0 0.000546176629725202 0.67382029609693 0.6564928413150319 0.6380542020171026 0.86707528504652
27 216 0.09306824549214467 0 0.0005461592275075493 0.5340235887754131 0.6349032894946152 0.6227580310182477 0.828992052488214
28 224 0.08534200439086657 0 0.0005465375648466263 0.6889057008839715 0.6547793758754932 0.6522923402656212 0.8181891776561766
29 232 0.08100214392094476 0 0.0005489404046808345 0.6991587844696296 0.6569533409309247 0.5624775201098775 0.8992470013089378
30 240 0.07107704902012227 0 0.0005454898656204171 0.5230504886513831 0.6382649233768194 0.5988656966026706 0.8872300506584271
31 248 0.07323005728463367 0 0.0005478268191343382 0.7500585594073512 0.6616044647332973 0.6625511479392083 0.8325171337663203
32 256 0.06426543392730301 0 0.0005471640080104258 0.7024031760327618 0.6560127857673217 0.6628846133550037 0.8195444302121011
33 264 0.055188263131804874 0 0.0005465115080438211 0.6604439774771497 0.6514434996062615 0.6904420063415598 0.7793956296113611
34 272 0.05356476521812396 0 0.0005458221564608404 0.6656624803092873 0.6530244931633857 0.6560862827326299 0.8219608929757933
35 280 0.05192154799310238 0 0.0005456040172876288 0.7057782063274242 0.6511367314255312 0.6534422403779567 0.7916045632558355
36 288 0.041784231029908844 0 0.0005468152111988245 0.654668902572582 0.6493875951180086 0.6393727908025909 0.8167981301451719
37 296 0.04464885828268825 0 0.0005449411771357214 0.6753848100969345 0.6491465181434009 0.6456436004192523 0.8069358733321618
38 304 0.0450496379210967 0 0.0005444219918599629 0.6505214260290826 0.6441273687630702 0.6277369529195542 0.8135003936472239
39 312 0.045349156716925236 0 0.0005442712858766697 0.5660440284406125 0.6330572849812133 0.6445542111663887 0.7911101018408168
40 320 0.04894935091405925 0 0.0005444786452492734 0.5903291586339902 0.6401815756585596 0.6174327551441007 0.8324855961112199
41 328 0.04138739430167238 0 0.0005447566552969659 0.5673414243921153 0.6368962985283193 0.6165964727905718 0.8292206774862158
42 336 0.034331404781243184 0 0.0005445903365735822 0.5895470266236151 0.6372637547884776 0.6373784893323334 0.8037354555160747
43 344 0.03319471373238693 0 0.0005440579719964696 0.5887570264200921 0.6383237315113532 0.6111753784506871 0.8320668313833727
44 352 0.029951155181460395 0 0.0005450879930302379 0.5850758770358215 0.6367919503295199 0.6230703091725693 0.8129999089314388
45 360 0.03566544863848352 0 0.0005440643662726092 0.6535550887464002 0.6430136299678737 0.6035864854848828 0.8312297781228839
46 368 0.03439200004349197 0 0.0005435164043711865 0.5599494131604049 0.6323616763668392 0.5821870394623873 0.8490810722535989
47 376 0.03161247057861076 0 0.0005443864083439483 0.5218404024659883 0.6309786570950213 0.6096794456717266 0.8348517442160076
48 384 0.035281024270286024 0 0.0005434989909913706 0.546048895751686 0.6295439550978197 0.5966801357697761 0.8325180803153989
49 392 0.03316782964867288 0 0.0005434085898655274 0.6021128011879414 0.6346579733095647 0.5774467063952862 0.8464867617354145
50 400 0.03893374904569219 0 0.0005431054676966518 0.5300902172119031 0.6261765966966866 0.6130439837246865 0.8118487883885618
51 408 0.038364517600978386 0 0.0005430714610886886 0.5225045081833968 0.6253581227700495 0.595417054523369 0.8293115366705626
52 416 0.03857549621399771 0 0.0005436236884669599 0.518747928388014 0.6251070866197126 0.568234630603185 0.8537840144432368
53 424 0.03332097437638111 0 0.0005431956840926198 0.533746054671651 0.6281380379493717 0.5865994018071917 0.8420742145330635
54 432 0.034105454177503984 0 0.0005427828018491031 0.5416145281295508 0.6236646846147684 0.5610570291921568 0.8509411531829421
55 440 0.03625075136411113 0 0.0005420972542969834 0.5159680025884072 0.6196300104201062 0.5963386304306504 0.8139177206684955
56 448 0.03377886170550227 0 0.0005425261604921882 0.4935700280345329 0.6185482266943336 0.5582776930297582 0.854551854137042
57 456 0.029613425037679372 0 0.0005427020935673205 0.5037731880948992 0.6215404541317013 0.5563285042864035 0.8613311040773811
58 464 0.02911273312401196 0 0.0005421890129905628 0.5223483969363926 0.621782519342853 0.538325726793939 0.8732995710928273
59 472 0.03250327408584778 0 0.0005422382740485868 0.47872544393111516 0.6161926671592979 0.5813833422414898 0.8322013347352314
60 480 0.046103608150954725 0 0.0005415167837497031 0.4775706117622297 0.6131783931605412 0.5233390340376857 0.8798826886481961
61 488 0.043245341674860355 0 0.000542248553898735 0.4670264604400495 0.6125739592049018 0.5294556310076458 0.875278267893791
62 496 0.046409893929888604 0 0.0005412159177574883 0.4966549814809641 0.612262514981837 0.5331736654359664 0.8618100908035106
63 504 0.043892730256914265 0 0.0005412807449899637 0.48678395451546885 0.6119401023480162 0.5276271623414468 0.8694946630768178
64 512 0.043179053926499206 0 0.0005409203823687572 0.4676817878862867 0.609757952605035 0.5078903000456638 0.8901457128193335
65 520 0.04535560437707466 0 0.000540843863261946 0.5052185706101481 0.6113794393102323 0.49022056005346737 0.8995469249976875
66 528 0.0424318189753857 0 0.0005405806650749109 0.5132900548089536 0.6117496025346523 0.5173782492666494 0.8712306373156788
67 536 0.04224858194658643 0 0.0005405247639280955 0.48971727698773676 0.6067530671685786 0.4834639923588291 0.899121729699183
68 544 0.04008040723979361 0 0.0005403688720459162 0.4970223690820873 0.6078051857984814 0.4953193775899962 0.8882471740619304
69 552 0.04908935450816969 0 0.0005396323750892057 0.49342979841667967 0.604977457597762 0.4965094054801505 0.8832647203925329
70 560 0.05886103474136905 0 0.0005396736386840434 0.49993102562928454 0.6041960853231607 0.5064604356567226 0.8700165828206904
71 568 0.066191548427106 0 0.0005406637541710461 0.4758718749162225 0.5986171183035136 0.46555321132787714 0.9031876544383313
72 576 0.05348591515217115 0 0.0005407035059302252 0.44176271906208153 0.5988410131149755 0.5051501008210145 0.875629488041182
73 584 0.045794823149067306 0 0.0005395967682798464 0.5126751993078463 0.606919835495465 0.5132325728447593 0.8660371302125587
74 592 0.05272821580164443 0 0.0005390292616365573 0.5156251287508841 0.6046097518210487 0.495300136939249 0.8781914136805551
75 600 0.05808464655110067 0 0.000538893698672886 0.5174112882934669 0.6034400987818573 0.49392627866637984 0.8769471189045369
76 608 0.05325841390964243 0 0.0005394898432726204 0.4653946806093857 0.5995321844966215 0.49719631126046115 0.8790224747541604
77 616 0.05816484203601295 0 0.0005390395616002358 0.4656193775331274 0.5980625195081122 0.4739511568957779 0.8994104397767045
78 624 0.052524226591784184 0 0.0005387809518744047 0.5067125266810489 0.6002938577639874 0.4861681058549298 0.8820143337229487
79 632 0.053251609133056745 0 0.0005386620093337541 0.48543451756087747 0.5967592819998548 0.5009051713069836 0.8658167947606309
80 640 0.05610564753251356 0 0.0005386297335744855 0.49131069109211417 0.5994558935062211 0.5289800549963206 0.8427344712148692
81 648 0.04818077791987248 0 0.00053838191972388 0.4593164995155379 0.594817749129992 0.5107552006914106 0.8597790359944623
82 656 0.04442075749746338 0 0.0005383385260672507 0.4608583698734257 0.5946719639179494 0.4994526837809488 0.8701722126289224
83 664 0.053617428125358614 0 0.0005384375736771441 0.4821403314656163 0.5958112654161789 0.565905775572936 0.8037513953098129
84 672 0.05411575858056302 0 0.0005383182266726335 0.45154871618017983 0.5928292189178515 0.5542407305373406 0.8168377487026376
85 680 0.04961586163924466 0 0.0005381270707302452 0.48150593116551216 0.5961116967124807 0.5221336286379664 0.8459409476562548
86 688 0.06157646406919198 0 0.0005380382344299967 0.47495616186258177 0.5908213668356417 0.549773268597483 0.8120541335720298
87 696 0.06563414152005148 0 0.0005377247292951949 0.44612770703197935 0.5871733608154164 0.5754516033216971 0.7886124658121957
88 704 0.07384050359681943 0 0.0005377150915119637 0.4352815447695206 0.5852740998600172 0.6003392247918851 0.7644684187220737
89 712 0.06955555197782035 0 0.0005374311285522689 0.4428529619057775 0.5859728927854566 0.6297463428270129 0.7362152914496423
90 720 0.07626971074299321 0 0.0005374103356891062 0.4434282646172898 0.5833411292568629 0.6866089138124376 0.6778443758885992
91 728 0.09106977171832877 0 0.0005369421113028483 0.4616531413009083 0.5839789308219512 0.6828439061114238 0.6787254585393452
92 736 0.1009707699223902 0 0.0005366830486165488 0.45755536339986463 0.5815387649668686 0.6852697264597477 0.6738149062921817
93 744 0.12314274360445544 0 0.0005362645873640316 0.43786497262761526 0.5757296797215659 0.7473618221481536 0.6113410471038759
94 752 0.12180564532654968 0 0.0005362777488083353 0.45255521160888446 0.5838588845029096 0.5614214481783568 0.7964411520397829
95 760 0.14027852150299613 0 0.0005351234758082153 0.4638604069250085 0.577367461782704 0.6672476482617491 0.6848901708581134
96 768 0.1586281240973567 0 0.0005345399070528516 0.46589647756221303 0.5751405697761041 0.5877075261027138 0.7575267468016955
97 776 0.209991137040887 0 0.0005335502446241159 0.49561768252847543 0.5740492090024776 0.6044118718897582 0.7359593217762453
98 784 0.22949004534819367 0 0.000532963395569032 0.44135867969261516 0.5667058388615025 0.48378309519734886 0.8515473577515308
99 792 0.18747232300486233 0 0.0005343282809111902 0.481435993997673 0.5723310323498623 0.6301183518573374 0.711154621167328
100 800 0.1617145146592736 0 0.000532480072029324 0.4533790337089489 0.5690225688961354 0.5985745677135 0.7430310664952371
101 808 0.1512816772931449 0 0.0005321577873309898 0.44780699159992565 0.5676159019015885 0.5682980861742769 0.7713242427695851
102 816 0.13704896183171922 0 0.0005321816963439142 0.4614239325128878 0.5695566305860722 0.5839858683663375 0.7565571905514219
103 824 0.1425710197327225 0 0.0005308777429327278 0.4083148502821495 0.5576783712294755 0.5810361685934213 0.7551435122519338
104 832 0.1284534502832878 0 0.0005315195268621464 0.40699598386342384 0.5609703902687981 0.5100669196918833 0.8266446256533598
105 840 0.12956817638132404 0 0.0005314536931726628 0.3938253615319781 0.5592762484900529 0.5634065064380479 0.7762610855204795
106 848 0.12932485058906257 0 0.0005307201537663072 0.4138787668826708 0.5589148499235879 0.5671706864378127 0.7688988957022039
107 856 0.1274090881653322 0 0.0005304111893260458 0.4131999031178432 0.5591600168420174 0.511216928224593 0.8229300275733797
108 864 0.15350376920588527 0 0.0005288357361361337 0.4255162498331835 0.5562040661980061 0.5240027405282989 0.8062274251404806
109 872 0.16273585634198443 0 0.000529928336595069 0.40157418313863114 0.552403003103241 0.5889345114116253 0.7434131374298036
110 880 0.19393738420980022 0 0.000529402003000664 0.391961840474797 0.5499437949645001 0.6822461147756496 0.6539561200851687
111 888 0.1950072393215231 0 0.0005295526947433765 0.43181134281763406 0.5540973011567272 0.5019325974967904 0.8236766133211098
112 896 0.1734379756379515 0 0.0005298388850885959 0.43267905615160007 0.5579945844749963 0.44865581157613454 0.8785842509599269
113 904 0.15123477346853384 0 0.0005283295136914589 0.41166592669591234 0.5503663415714537 0.5781953882614677 0.7506857627819681
114 912 0.1354012998326481 0 0.0005285550804965274 0.41473686868799076 0.5508418890418891 0.5603070130376006 0.7676473353081511
115 920 0.12382350200398202 0 0.0005282205254701295 0.4134030476993954 0.5516096757565974 0.5647211240137795 0.7646305537855053
116 928 0.12146818032239524 0 0.0005278084649134263 0.4163677695872864 0.5522277901019861 0.5971253844095198 0.7341255137907595
117 936 0.12376706628767775 0 0.0005277757325747604 0.40537648432474593 0.5495457765740737 0.6335765905376661 0.6988475415468582
118 944 0.1630902500111774 0 0.0005270915953179543 0.37555567310946614 0.5432798792721669 0.6557941441878359 0.6760989394713974
119 952 0.19490470866976947 0 0.0005264899365310725 0.3919670645662119 0.5439586262840648 0.6876650414501855 0.6444242613069113
120 960 0.21208439309192462 0 0.0005258726909634034 0.3895934427763769 0.5411477922834398 0.6582540714637182 0.669873530649371
121 968 0.237496029804547 0 0.0005248331298793733 0.41351688834722056 0.543282344004069 0.7052746634577342 0.6242207255660457
122 976 0.2887417170932256 0 0.0005231336756088619 0.3967000505341925 0.535787409328935 0.7570493061270678 0.5712670905476545
123 984 0.2701282639556902 0 0.000524883116221427 0.3930578637821566 0.5375844086931048 0.7842015537913128 0.5469839453094336
124 992 0.24096799737527158 0 0.0005250301000901103 0.3860088289992952 0.5372305326437308 0.5937258958624094 0.7285342544080651
125 1000 0.2926570035119406 0 0.0005236081052228302 0.4665996914793181 0.5437928758178496 0.701917188400926 0.6214256087732992
126 1008 0.28627643610589 0 0.000522171128243151 0.44185128223547543 0.5393831883304898 0.6929859005747644 0.6296412955287214
127 1016 0.31265291070142637 0 0.0005219029444415409 0.4285500164191041 0.534989974978453 0.7786667587600984 0.5463781519398223
128 1024 0.33915780649695215 0 0.0005218286635472565 0.3884338928755756 0.534381426906221 0.5232190583745997 0.7949698552709373
129 1032 0.4294199736384079 0 0.0005182559886313931 0.46937569344029756 0.5368366903311697 0.5472087495667122 0.765002713788373
130 1040 0.4684802071489314 0 0.0005187967788285289 0.464461735644658 0.5323731454348466 0.7462680845456362 0.5721380694612888
131 1048 0.6300504661500391 0 0.0005153996634103828 0.3883122055360301 0.5115911081767832 0.7596842464482569 0.5534120260208761
132 1056 0.7286669971296834 0 0.0005143698854442967 0.31508656558984505 0.49225613744575103 0.7729727488177882 0.5366073037670809
133 1064 0.7165604268166171 0 0.0005112710554566847 0.3473795644928815 0.5064558004736146 0.754738476144958 0.5605815533670537
134 1072 0.7190283816326726 0 0.0005149885614075187 0.3633517409580935 0.5040510163173086 0.8839452187531962 0.433765004051555
135 1080 0.7886579770589291 0 0.0005081146492097344 0.32522889980693476 0.5047037958665122 0.6516872200066877 0.6616411109626288
136 1088 0.6527001522986818 0 0.0005143177441165244 0.2818097430024191 0.49338272619976875 0.7570025166933071 0.557188837496694
137 1096 0.709660140528745 0 0.0005113694053393322 0.440576126982947 0.5017709780118165 0.8113942783160939 0.4947298910120911
138 1104 0.881041371680109 0 0.0005023112793424118 0.2724808248842021 0.4882621467415349 0.6316585624613704 0.6787717735340406
139 1112 0.7743135128787715 0 0.000506040775247168 0.32068358770129435 0.500597464097873 0.6510900447516577 0.6599313310891964
140 1120 0.8084281806967442 0 0.0004952322115168979 0.3650197074533561 0.4885471284539056 0.6492489101083069 0.6512205084129602
141 1128 0.970096169094446 0 0.0004876233192040428 0.35659262249208523 0.473894468692279 0.5368418921415676 0.752962447001081
142 1136 1.0121167717964996 0 0.0004768760021010149 0.37441513991392594 0.4743072318583281 0.6828645869737539 0.6138686346263217
143 1144 1.2355884245264008 0 0.00047496451665820784 0.3057979296581751 0.4504424158916087 0.7401294339192757 0.5533174411319267
144 1152 1.340109636783206 0 0.0004620606979474419 0.3008908823021672 0.43916471695593373 0.7943011260692677 0.49893464695727757
145 1160 1.4847243780542014 0 0.00046436200135354527 0.33069061411058315 0.45146958871455545 0.917632844810714 0.38589256037384945
146 1168 1.4358059972473252 0 0.0004544955965060416 0.3650267094570759 0.4397593010446136 0.8667014013421744 0.4273049034333786
147 1176 1.4830644481210835 0 0.00046322968724334736 0.392505746352361 0.47289702831984237 0.6181387353631819 0.6782266327316175
148 1184 1.4547560168107652 0 0.00039924767600364996 0.33871514002032466 0.4270309458129252 0.6698808573904012 0.6155017483244687
149 1192 1.5593419092162466 0 0.0004319861476741835 0.20265112132412863 0.4169575159598985 0.7666072382145164 0.5356483706470351
150 1200 1.4041559640182906 0 0.0003579190845928858 0.34991421507302206 0.42916472478717405 0.6668007780773981 0.6239709206587797
151 1208 1.5443596299855757 0 0.00027836755081623286 0.27789292479121175 0.3997505791758046 0.5449930949819458 0.7369036566463995
152 1216 1.5862489382829952 0 0.0003169961837197769 0.2969716182853289 0.4005542513518877 0.3831471916870113 0.8902463561465527
153 1224 1.5729762749390324 0 0.00024489191500986975 0.3195386281168799 0.3900196876887977 0.3594939441471381 0.914275128730196
154 1232 1.573580272362431 0 0.00023389373806824147 0.33900887091588083 0.39229285484880017 0.4340801581141188 0.8411224869882284
155 1240 1.3362155355361536 0 0.0002786166946901604 0.33110533825585453 0.4012799768089502 0.6191344831540118 0.66462202519612
156 1248 1.0937280571141015 0 0.00029879105960556193 0.3175019250133734 0.3893115490887745 0.4819488104993843 0.7929125535614052
157 1256 1.0457390974007843 0 0.00029635379000771486 0.37814497097846 0.41409481298050344 0.4895706894159135 0.7883614019531373
158 1264 0.9338930955279425 0 0.00031115732785649857 0.3466869077844174 0.40675904725002765 0.4925701128752717 0.7831535391342345
159 1272 0.9112261565974362 0 0.000226961786818993 0.327223884747073 0.396971273434925 0.4830718602123911 0.7951510083245118
160 1280 0.9685812333904816 0 0.00022161575300458258 0.3257016534175795 0.3926506713628185 0.4330939917415266 0.8428790822348516
161 1288 0.9786848918221588 0 0.00022705744835564983 0.3956017038214711 0.4066149310740258 0.47854597484281397 0.7995369695264672
162 1296 0.9203332484692133 0 0.0002498530612602456 0.27979327908084894 0.3941313922878872 0.4810552877026421 0.7975935583414259
163 1304 0.912030300522795 0 0.00023024715628233947 0.23372301749425556 0.3825868177284041 0.4695924499251378 0.808836769583359
164 1312 0.829539280357401 0 0.0002361003870796714 0.20680786729801431 0.37231928975762674 0.47114638259879493 0.8061724111042784
165 1320 0.7635757348076208 0 0.00022892309709621674 0.16427627879090684 0.36158717176384403 0.46110507964451675 0.815834895911116
166 1328 0.7189527588073392 0 0.00022633474272907932 0.32648375931360435 0.3968846826225144 0.46029878517560097 0.8166172608642029
167 1336 0.8041998224736286 0 0.00021796976043114214 0.23298763751446508 0.3755108072813228 0.42280115467922963 0.8535094574573724
168 1344 0.851296659636426 0 0.00022666210946572235 0.20483533173161597 0.36986563149415475 0.3733954845173129 0.9009648199524972
169 1352 0.7433643846270668 0 0.00020887674232089194 0.20640856264569168 0.36910951072249365 0.3889196865542016 0.8858144833278261
170 1360 0.7764141175904801 0 0.0002040717512566006 0.18780639237107583 0.3599901538137159 0.36788975372518756 0.9044688359265853
171 1368 0.7059652971030906 0 0.00021277143685508322 0.20368465340954833 0.36481515242360796 0.4032883319509279 0.8713973043063997
172 1376 0.622264226304663 0 0.0002100656294620289 0.24347641185791385 0.37098193639247323 0.35257294117041377 0.9183615545306678
173 1384 0.52103398465416 0 0.00020869257312423653 0.2596866158602372 0.37297552039350423 0.3598297470124963 0.9120063355234581
174 1392 0.4835138306863302 0 0.00021068520604953077 0.25224622454521695 0.3748665792227105 0.37801491895399686 0.8946820472681251
175 1400 0.5096565984679275 0 0.00020266505868608156 0.2658116266516138 0.380282301695258 0.3918539827676018 0.8822290745451495
176 1408 0.4800422299356632 0 0.00020573049551517191 0.26038317355895824 0.3746892738529065 0.36687721914258675 0.9054884791217408
177 1416 0.5003056120408864 0 0.00020228540148516463 0.19316740505362995 0.36007338933504995 0.36901534459512264 0.9042628691676731
178 1424 0.43087425564961307 0 0.00021006506310209056 0.21232793142752593 0.3649999842431205 0.3740158128717149 0.8986406172940313
179 1432 0.4364198796650633 0 0.00019920368872782738 0.18876492721565752 0.35952833908554027 0.35707691535219227 0.9147990717639345
180 1440 0.4790514015135869 0 0.00019274879583849273 0.1742071857108057 0.35838823196129466 0.3764718202387371 0.897581606839762
181 1448 0.6359202718418399 0 0.00019627027669572885 0.17141634909507417 0.35560536886827776 0.36576951678331554 0.907935637425355
182 1456 0.6889139194124984 0 0.00020220792169822687 0.25243236008312886 0.37203640556052264 0.34784340046454926 0.9233128474099922
183 1464 0.6714807212282743 0 0.00019818519789606694 0.16233691556205726 0.349356752268272 0.34516585263093413 0.9261500493359883
184 1472 0.7069834730051854 0 0.00019280677534207812 0.15160176646115633 0.3510963946283462 0.38507310411432055 0.8895009605767918
185 1480 0.8045011444814031 0 0.00020589374030424636 0.1319833338543906 0.34493922018278667 0.39635238425409003 0.8779742018114312
186 1488 0.713540126917386 0 0.00020979945255162255 0.18073478525702957 0.3571672156642324 0.3906128581639321 0.8836299339934848
187 1496 0.5758709675921491 0 0.0001922664547213676 0.1634207311229999 0.3543160279239651 0.37896846546677504 0.8950622632628867
188 1504 0.5691166753171129 0 0.00019112114945941754 0.14123505964916538 0.344770012187377 0.35994943938640733 0.9128472257291327
189 1512 0.5031321768354723 0 0.0001906580607041129 0.14360037841709172 0.34522150242244576 0.3638645551277216 0.9093903959187992
190 1520 0.5492043439238083 0 0.00018883520630233737 0.12750359293510943 0.3421256826201603 0.3742934775674024 0.8995982307239534
191 1528 0.5500301567614908 0 0.00019488690308692657 0.12098460754188053 0.34114791309198844 0.39464546524374716 0.8803449096393499
192 1536 0.4852929134562905 0 0.0001890401350824976 0.13605103528023008 0.3469012552775653 0.38585193993507755 0.8892252169314587
193 1544 0.43392838803083766 0 0.00018525223784381342 0.13003455282878087 0.3436967325450485 0.3771809478612317 0.8974070989357369
194 1552 0.4413182551553671 0 0.0001852918617688575 0.13493429350515798 0.3432653577034458 0.3604170873425703 0.9131773393601101
195 1560 0.40953052531969364 0 0.00018264574464652475 0.12564964667756237 0.34033318770094756 0.36294446349312715 0.9105787521146813
196 1568 0.38554288011097837 0 0.00018575142464237913 0.12258396579532088 0.33940879948279823 0.35988186510848436 0.9134756670954132
197 1576 0.3450573896997431 0 0.00018398018300343005 0.11952831932326392 0.3378967858425913 0.3593519376571996 0.9139672457373422
198 1584 0.2724526596806547 0 0.00018172183299525603 0.1216437542510605 0.3385488676686049 0.3611588768458408 0.9123026587255574
199 1592 0.2599152509976632 0 0.0001827315876864405 0.12988127188859716 0.34186113576663624 0.3632218027772237 0.9103372040481411
200 1600 0.2408191171964136 0 0.0001795285334058605 0.13074550229317156 0.3419844479766546 0.35746743856153057 0.9158763204513496
201 1608 0.2447178969079042 0 0.00017965747257914878 0.1267402427631927 0.34030020160863217 0.3585805866164047 0.9148981783887571
202 1616 0.25463479826234897 0 0.00017955264024449344 0.13030536243830676 0.34170140262244375 0.3566778337143213 0.9165921762934575
203 1624 0.19901897799609242 0 0.00018046086533438042 0.1276562588795296 0.3408932423748251 0.3604992465467196 0.9130096525943405
204 1632 0.19172282768184426 0 0.00018226789989247795 0.12225523965926602 0.33961212348426006 0.36351594025530254 0.9104367102297086
205 1640 0.16648271412878007 0 0.00017909980041110092 0.12592764322207542 0.34049775938856175 0.3610117451729521 0.9126323200634521
206 1648 0.17244891594753506 0 0.00017879724523543948 0.12217513406907216 0.33886871012323694 0.36062394901476025 0.9130603326328723
207 1656 0.18996980043574427 0 0.0001778142742765985 0.11967551090284229 0.3379199436856838 0.3607093581163341 0.913006177266099
208 1664 0.18875422758122484 0 0.00017957405056000375 0.11750907498480881 0.33755844933727686 0.36519362324508803 0.9087629264860798
209 1672 0.16165433339167404 0 0.00017874516897677678 0.11966732407411051 0.3382843527486369 0.36418909893134205 0.9097153074257439
210 1680 0.14445357616976331 0 0.0001780560430873651 0.12084045897103854 0.3382734096255119 0.3594551649993095 0.9141934033125662
211 1688 0.1619134862142066 0 0.00017827332579195464 0.12246579562060425 0.3385956726343323 0.35789070810685397 0.915593540612949
212 1696 0.15717266349504408 0 0.00017816119396709323 0.1221638523502216 0.33858000666915744 0.35669205645650315 0.9168020215890047
213 1704 0.14291014305210897 0 0.00017742554424727002 0.12101453855749324 0.33817054176348516 0.35778779215035483 0.9157479275580531
214 1712 0.1444066651199874 0 0.0001785166718629486 0.12243237833179152 0.3388096525297951 0.35843056875662554 0.9151599093317414
215 1720 0.137622187263321 0 0.00017778964271754038 0.11969458876429523 0.3372604676864367 0.35417016780691984 0.9190846120459684
216 1728 0.14841123406689813 0 0.0001774677106274197 0.11926682896218464 0.3372250181297124 0.3546035246292306 0.9188159444388857
217 1736 0.12792863557742956 0 0.00017717358838724776 0.12022532330693916 0.33764336237336734 0.3553640040858844 0.9180331157182644
218 1744 0.11220456630895159 0 0.00017704730750920075 0.12115551937147127 0.3379183276942487 0.3542910430293315 0.9190405894767787
219 1752 0.09303622115042032 0 0.00017724130801940715 0.1214729918379542 0.3380664407355948 0.3543989876940102 0.9189312427227361
220 1760 0.07875498745958473 0 0.0001770031741433111 0.12214911660216987 0.33829215243863053 0.3542597262744441 0.9190553954774666
221 1768 0.07995645732859584 0 0.0001767645140481768 0.12139571058674008 0.3378804198104114 0.35333551087563114 0.9199262892469144
222 1776 0.09301235753170096 0 0.00017644778838218333 0.11946819825925319 0.33708000094558377 0.3528940984163131 0.9203856938000883
223 1784 0.12563711204842848 0 0.0001761848741194357 0.11986352365782485 0.3370089495289511 0.3519097380339823 0.9212663030043566
224 1792 0.17201066313569793 0 0.0001759019539582578 0.11667837073602039 0.33565025691015193 0.3514945921872782 0.9216690548539954
225 1800 0.21815351123837734 0 0.00017538270798598472 0.11541805941670415 0.33535517064153153 0.35357492842805077 0.9198101065605893
226 1808 0.21325418282432498 0 0.0001758449461566143 0.11710369390437526 0.33600932251468685 0.35205908220067045 0.9212170235754802
227 1816 0.20371770126658637 0 0.00017555887611779537 0.11719541466854877 0.3358094912774562 0.3502479392992832 0.9229521831798634
228 1824 0.21766834733114193 0 0.00017442982959154559 0.1149578542881164 0.3346422229474192 0.34834725254040017 0.9247289454576655
229 1832 0.1972365322509048 0 0.00017459194862270085 0.11528793239784756 0.3347775455891141 0.349536768872884 0.9236091390051666
230 1840 0.22472103610585337 0 0.00017370480199024944 0.11208092721935044 0.3334324914966095 0.3492417657213433 0.9239238709747216
231 1848 0.21919925521893455 0 0.00017438340223009468 0.11551007430705551 0.33479239908627145 0.3481984382058501 0.9248928682199419
232 1856 0.21369232935695237 0 0.00017395322224916026 0.11371936545531047 0.3338572758994195 0.34716679268554457 0.9258267125474765
233 1864 0.2055864963235007 0 0.00017359750378448865 0.11270140460331038 0.33358964395948176 0.3478081260890751 0.9252812299596926
234 1872 0.21885786197708232 0 0.00017271465225747226 0.11098903909765945 0.3327043407201712 0.3469079769378033 0.9261607836282518
235 1880 0.22380408207500602 0 0.00017336938642292042 0.1100962583969499 0.3323385553289925 0.34689772174858174 0.9261527167364351
236 1888 0.2739110248464122 0 0.00017248330557118646 0.11061764722025531 0.33214161536059195 0.3442229329207201 0.9286624163761575
237 1896 0.27825644705854224 0 0.00017254676140125082 0.10983053108767109 0.33186738254762294 0.3448398113062446 0.9280865010686505
238 1904 0.2786926767531601 0 0.00017213314855157869 0.10927919625403604 0.3315585856127562 0.3441089768352074 0.9287905419832272
239 1912 0.335737894817566 0 0.0001711181588308298 0.1056682969863495 0.32960369091352393 0.3415019087159131 0.9312722188310932
240 1920 0.4077210590430214 0 0.00017080842549004055 0.105250691979382 0.32959337219283114 0.3432719919572386 0.9296938226418004
241 1928 0.41655394532461254 0 0.00017085662618588203 0.1060145853524907 0.329498000222772 0.33943926897783033 0.9331989702696478
242 1936 0.3942135957992408 0 0.0001720253731856732 0.10699150714160485 0.3302398303079662 0.3407503569088579 0.9319580660239626
243 1944 0.48164579111596506 0 0.00017279315754703902 0.10494475259127817 0.32956692608578797 0.34099187820466775 0.9318446644993316
244 1952 0.4497977167771909 0 0.00017168499153940092 0.10496433685716006 0.3295593489579195 0.3429815343993147 0.9300529421808708
245 1960 0.4146772958270472 0 0.0001704610290308167 0.105576559395875 0.32972137755917463 0.34237872790112384 0.9305212412569835
246 1968 0.4031387925597095 0 0.00017067801724783975 0.10274324403334718 0.32798761000742405 0.33925597508645416 0.9333932693821559
247 1976 0.342167577676324 0 0.0001708439826937114 0.10398170755270793 0.3285962734431257 0.3398004615875498 0.9328618539139425
248 1984 0.27358359647381275 0 0.00017017110628428586 0.10468035948822779 0.3289460629218316 0.3399474979200971 0.932783712781253
249 1992 0.26027633957927954 0 0.00016981602412434053 0.10307035103133509 0.328313626634683 0.3411804153152892 0.9316768188489739
250 2000 0.2932712361865875 0 0.00016922705428855668 0.10158574657699984 0.3274691804930342 0.34005198648405943 0.9327624524926683
251 2008 0.2854294317107328 0 0.00016898815239774638 0.10036877247039373 0.3267383418267288 0.3389435735094746 0.9338015369917324
252 2016 0.3056650691798685 0 0.00016861538381096584 0.10088035956875403 0.3270340935672663 0.33896382212339876 0.9338094357514092
253 2024 0.3309312800553995 0 0.00016934637625354206 0.10101125276300976 0.3275876384338331 0.34285158869452254 0.9301713469114952
254 2032 0.32737982688243894 0 0.00016880718460926368 0.09961019500129603 0.3265587670522764 0.3402321361146519 0.9326847495719015
255 2040 0.3492237133529271 0 0.00016756259087030912 0.09778682528575407 0.32544373910963953 0.3385760232903007 0.9342502856095175
256 2048 0.31586269381518206 0 0.0001682026301927321 0.09948223133899761 0.3264142758563161 0.3391571572166747 0.9336901451136327
257 2056 0.29086318588303234 0 0.000167978918811386 0.09881626411243516 0.3259339791007997 0.33846641680722256 0.9343445643634865
258 2064 0.2811158829954025 0 0.0001681252268134301 0.10009014628342387 0.32655672678959047 0.33827106972821364 0.9344880954028455
259 2072 0.3207684007585819 0 0.00016719727295378388 0.09626370511879159 0.32456531418993817 0.3375981996313251 0.935228235051346
260 2080 0.3379486058722533 0 0.0001668377979830554 0.09619232697286846 0.32446265075418335 0.33699043747046714 0.9357646772335037
261 2088 0.43332229855645205 0 0.00016667684031277622 0.09323992822329598 0.32266205709793605 0.3348909237073339 0.9377027354411918
262 2096 0.4654654987919531 0 0.00016610709006251588 0.09060770468612049 0.32146118965888626 0.33554831512062344 0.9372215609681369
263 2104 0.42591259847479557 0 0.0001664275540932195 0.09293844888461988 0.3224328396148143 0.3344222135898102 0.9381559534352115
264 2112 0.3897498195612955 0 0.00016663506192091744 0.08978804441464114 0.32109092344839485 0.3351971629084123 0.9375899370881215
265 2120 0.3638570494940586 0 0.00016593660592219145 0.09142227836734078 0.32175799691405504 0.3351884910466197 0.9374993046499701
266 2128 0.4118424115649058 0 0.00016569370906858663 0.09166884374286255 0.32213076853422995 0.3369461970638581 0.935907688234112
267 2136 0.43331444865202057 0 0.0001658113312836652 0.09120138339767037 0.32173514728397035 0.3366878828715367 0.936125651630165
268 2144 0.4671210989006618 0 0.0001654007644804845 0.08926674881936032 0.32079486335843865 0.3372299050695474 0.9356494294167841
269 2152 0.42396253056980515 0 0.0001653888191790983 0.08894586561245968 0.3206096338110721 0.336211271990178 0.9366488627819416
270 2160 0.39923391772069344 0 0.00016523789815840409 0.09141398765396387 0.32184746325436764 0.33585071716967385 0.9369409145746018
271 2168 0.34936189381519384 0 0.00016524622132253983 0.09107373879924713 0.32152415191445616 0.3351085612362812 0.9376194113041327
272 2176 0.3963452934822079 0 0.00016470088371682147 0.08849398447087874 0.3201986368479651 0.3354707157391573 0.9373340585868094
273 2184 0.37713661850945923 0 0.0001645654426825369 0.08946559059054134 0.3206954408175965 0.3352961626817136 0.9374968875607077
274 2192 0.4078091243561826 0 0.00016460762191263998 0.08789097912376016 0.31995926601138247 0.33576456584028674 0.9371099535874826
275 2200 0.5266642360931822 0 0.00016396152336706305 0.08711571661778122 0.31945507968402465 0.3360192056072082 0.9369014831778943
276 2208 0.5946102850733403 0 0.0001640523666913442 0.0846880719237349 0.31826090641836713 0.3366786486269186 0.9363262919525047
277 2216 0.7222542073878615 0 0.00016391341958488858 0.08383462098762355 0.3174590860222396 0.3338016334617496 0.9390220298393849
278 2224 0.9442925786405494 0 0.00016309528722716277 0.08204844949087793 0.3162740153943647 0.33365368135582124 0.939149376019562
279 2232 1.040900509828965 0 0.00016352414283117344 0.08224689009605657 0.3167680641931029 0.3364837126765105 0.9366556824626449
280 2240 1.3133308995379405 0 0.00016201771644913762 0.08156753808779345 0.31579168055728524 0.3316004071100434 0.9411528439366573
281 2248 1.1889014808701515 0 0.00016238698536443554 0.08185734466151084 0.3164806166359141 0.3364342712541733 0.9366215623432534
282 2256 1.0412666402405557 0 0.0001618505733304051 0.08131072620316276 0.3158396290850548 0.3341548147558402 0.9387513110574904
283 2264 1.079192275477468 0 0.00016151299527413423 0.07870470752795042 0.3145673939254131 0.3361747232181626 0.936969101325321
284 2272 1.0808442851703384 0 0.00016126470531370915 0.07936701685427877 0.3145291067407078 0.33370832371405346 0.9392118665609326
285 2280 0.8952802992212394 0 0.00016065304090191862 0.0787719233240726 0.3143739362706769 0.3346601831616292 0.9383822653753819
286 2288 0.7990185693560158 0 0.00016108083978937958 0.07864828856578193 0.31409278662847384 0.332984748028642 0.9398988929980682
287 2296 0.7497970913427323 0 0.00016098289647600622 0.07789533913138393 0.31391188516014756 0.3348660584195044 0.9382152972352045
288 2304 0.6366781465263162 0 0.00016101101240552837 0.07935729330290303 0.3144889731244055 0.3337355458709526 0.9392146328840814
289 2312 0.7109304312150267 0 0.00016040695172804225 0.07641317299644611 0.31270591518811874 0.3324037613575973 0.940553664240251
290 2320 0.7850659744853834 0 0.00015989863332890246 0.07639281579154847 0.312691495655422 0.3326867115972381 0.9403197442217751
291 2328 0.7873312277762322 0 0.00016002606197192557 0.07856866747782654 0.31392367601998383 0.33231408279356117 0.9405894602996557
292 2336 0.8943571755488551 0 0.00015980791210344972 0.07771681190713044 0.31321137072294947 0.33120558633326425 0.9416674341959576
293 2344 0.9187428233613683 0 0.0001594234196380958 0.07601463565866617 0.31233660444665856 0.33199575601896913 0.940983128347842
294 2352 0.8756834655820922 0 0.00015935729934808346 0.07463515514057818 0.31147561083006636 0.3318220312343947 0.9411649895568266
295 2360 0.8164751393761084 0 0.00015867184119086516 0.07526869597427126 0.31162961892105023 0.33018799536596777 0.9427063700274836
296 2368 1.0389207639737343 0 0.00015839253378634722 0.07485074487732014 0.31093448896133513 0.32802736541531935 0.9446518583339754
297 2376 1.2298610045793115 0 0.000158462620236435 0.07342082841187848 0.3097316209297073 0.32556279029374574 0.9468899500602725
298 2384 1.4014580448652574 0 0.0001577850019688979 0.07186662592150954 0.3089615857648168 0.3271372323251731 0.9455439023128953
299 2392 1.701118481196039 0 0.00015803223188706492 0.06969742937699966 0.30797465049337236 0.3294453764266408 0.9435902588427117
300 2400 2.181854188525658 0 0.00015831717331655324 0.06649557866793869 0.3057696735487324 0.3292373108174701 0.9438366879203774
301 2408 2.5619166902994754 0 0.00015603864427541942 0.06886852542049644 0.30649706147887834 0.3261641928138934 0.9465380619794574
302 2416 2.561284811558563 0 0.0001551765670301957 0.06901522682567575 0.30654709468911745 0.3248233627668781 0.9478317591806197
303 2424 2.392627740603864 0 0.00015722832516546615 0.06530993867588229 0.3043807718581669 0.3246555380159239 0.9481746555436502
304 2432 2.2295243436118777 0 0.0001550511474367722 0.06595520707575973 0.30445908480078365 0.3247852291993501 0.9479154870482751
305 2440 2.1633306164161232 0 0.0001547354526388582 0.06548689528913582 0.30451512032297867 0.3275681171145431 0.9454172184042448
306 2448 1.9858382700960164 0 0.00015505402236467157 0.06500659740180688 0.30415803735976843 0.32629461687010336 0.9466798502537481
307 2456 1.6964988015548448 0 0.0001553629913897528 0.06728451322366862 0.3057190769880328 0.32626317641212793 0.9466693436840665
308 2464 1.559066201235579 0 0.0001540978205572949 0.0666915072538172 0.30478095714320286 0.3245956987255538 0.9481245090366913
309 2472 1.5355713381069698 0 0.00015279919273109645 0.06550381626666349 0.30405664701246493 0.32451799367989087 0.9482927966421513
310 2480 1.4288639888968941 0 0.0001531250663963916 0.06519645742575718 0.30368244860714333 0.32411218252090707 0.9486330098594048
311 2488 1.6219085195495722 0 0.00015245386109538481 0.06365473622630008 0.30245503421165154 0.3235879447053799 0.9491566161823253
312 2496 1.8324518842166968 0 0.00015242358704397108 0.06286036092045619 0.301838076121936 0.32272594197993193 0.9499947843758999
313 2504 1.8903298604037548 0 0.00015240105465804565 0.06305539353696576 0.30194537123666965 0.3223501790215644 0.9503433109892682
314 2512 2.1042023184969567 0 0.00015244663336150106 0.06116015143807526 0.29975203684895824 0.3190426114947169 0.9532947950224692
315 2520 1.7166974052568655 0 0.00015211402304294734 0.06291538405835692 0.30177205290640485 0.32241765750302 0.9502512979665618
316 2528 1.6649298615681543 0 0.00015137648678822878 0.062451818406862904 0.3012573066065044 0.321733212349672 0.9509412102789265
317 2536 1.6236246837062958 0 0.00015128899640749757 0.06088658701458908 0.30003833852420436 0.3207900214110819 0.9518652665906416
318 2544 1.6950780170820088 0 0.00015100154963540875 0.06141752343204393 0.3003175419635383 0.32095813088834163 0.9516738962061942
319 2552 1.9093258878075086 0 0.0001494818071353785 0.06042981803814809 0.29954998446280057 0.320511395443283 0.952204162475736
320 2560 2.270962490672592 0 0.00014941010767105333 0.05986838372508397 0.29878534231152176 0.3188770757457196 0.9537053126293875
321 2568 2.7510483045064156 0 0.00014909457236193734 0.056873194025352826 0.29664659067609545 0.3190030675072925 0.9538694507380581
322 2576 3.084246777182281 0 0.00014805117720700608 0.05838220557171235 0.29739089447502665 0.3179608190217986 0.9546548606882469
323 2584 3.7191093098547516 0 0.0001476356477268817 0.05692992916094462 0.296287733988544 0.31837817625488074 0.9542842311529323
324 2592 2.97369858115716 0 0.000147970027694754 0.058237847303696966 0.2973843742059893 0.31829148486537207 0.9544315015521836
325 2600 2.9053728883753793 0 0.0001468009230429148 0.05639648811014776 0.29552586021879346 0.31705453432846004 0.9555767325043953
326 2608 3.2159655010873074 0 0.00014747712701170708 0.05498639559041666 0.2939441006985587 0.31502374936028216 0.9573452057481228
327 2616 3.452842407569337 0 0.0001444705902185767 0.05392552046006893 0.29340846768240103 0.315614969315849 0.9570949823136515
328 2624 2.9051326612261428 0 0.00014520821437756775 0.054395588174204756 0.2937905253385179 0.31645784003189203 0.9562303906892928
329 2632 2.847810667765661 0 0.00014418884647757392 0.054089488596324856 0.2932614544965889 0.3146273797766341 0.9579926328488922
330 2640 3.277433386335064 0 0.00014379763736683602 0.051651818691730716 0.2912626395957324 0.31437872044411946 0.9583766118890777
331 2648 3.493028573111756 0 0.0001430207006226951 0.050817897246829405 0.2901270704461528 0.312688547839883 0.9598927140523771
332 2656 2.919610442225228 0 0.00014413872318933546 0.053926304724697595 0.2931310382544524 0.3148076118746784 0.9578312449636404
333 2664 2.622283833161467 0 0.00014393764177867853 0.0525439059138558 0.29156926108972636 0.3135818374642213 0.9589539797642421
334 2672 3.3773810284770827 0 0.00014201074731301304 0.04954455528474249 0.288789351148396 0.3117571644241325 0.960838741505595
335 2680 4.008320295462155 0 0.00014249435624997644 0.04997770569216952 0.28936463405533785 0.31344267218673766 0.9594194926153395
336 2688 3.762660611752573 0 0.00014261263904456157 0.04885766866519008 0.28820666892563873 0.31178481434517036 0.9608427298212096
337 2696 3.951050837240863 0 0.0001399091877387845 0.0480809310030361 0.2869216736897632 0.3101410675321426 0.962372042182389
338 2704 4.474252094894026 0 0.0001405916006975321 0.04712268371968896 0.2856613120700481 0.3081280064612103 0.9641275533964724
339 2712 6.047800626461873 0 0.00014050378941753884 0.04937965380208803 0.28812215037212285 0.3101914583262305 0.9623864436615341
340 2720 5.7068469751028355 0 0.00013998967262839147 0.047827937970911935 0.2866512402607536 0.3084564683554213 0.9640264721292278
341 2728 5.012086651364425 0 0.00014074383511621593 0.04991159402001887 0.2882961721334466 0.3093761982297018 0.9630580492173898
342 2736 4.57348074935809 0 0.00013901816169479696 0.048010753080548245 0.2868263071677154 0.30923002010261647 0.9633013847126747
343 2744 4.430539702032119 0 0.00013915894337101757 0.04710611145798243 0.28552289317725255 0.30694065472939674 0.9653430658688033
344 2752 4.644378548290994 0 0.00013809090999412487 0.04701304833221868 0.2850766927646472 0.30606116987373533 0.966250712463902
345 2760 7.206880265687564 0 0.0001366340682808539 0.04540096384284521 0.28321557687430243 0.3041959389434179 0.9680388243069733
346 2768 10.492706174440237 0 0.00013716994411694638 0.045224280493474364 0.2825883007584403 0.3027729219458878 0.9692909260224997
347 2776 10.707539676945357 0 0.00013871272959550235 0.04697156393880334 0.2842458751671445 0.30288428847990795 0.9691023313588699
348 2784 9.682238961026957 0 0.0001362866988896196 0.04496425095160677 0.2827422010892594 0.30465413457577517 0.9678244837019385
349 2792 13.435827416364297 0 0.0001338466358258131 0.040341997871938734 0.2772209509366391 0.29995315011534285 0.9722799775520068
350 2800 15.450602385256516 0 0.00013569294881963048 0.0443760532611686 0.28070535302636246 0.2993492970376696 0.9725582524393472
351 2808 16.896340871519058 0 0.0001378915013526924 0.04097927999836645 0.2758974329694236 0.29445057809515 0.9766738632015493
352 2816 14.78466839715704 0 0.00013406141844994656 0.04035930333088784 0.277599075480217 0.30202609608649567 0.9704224340785681
353 2824 12.824815140372055 0 0.000134956622753722 0.04147768322879884 0.27808708835256335 0.29956294149309676 0.9722916095336651
354 2832 12.969381773123297 0 0.0001336850915485639 0.04279163144291332 0.28021347275746866 0.3043465336364817 0.9681555755360896
355 2840 11.885288651278524 0 0.0001322664434788587 0.04056550880784691 0.27744956446917557 0.30247767897506533 0.9698953005198236
356 2848 14.968522800840015 0 0.0001300115331356914 0.03819856800474011 0.2741318081807077 0.29795829052688605 0.9742620974903878
357 2856 20.214049861695553 0 0.00012598129751157587 0.036984623290949335 0.2719897812416202 0.29627004969546517 0.9760355829393876
358 2864 18.99119354317314 0 0.00012771370346250765 0.03701896095043406 0.27288426062172266 0.2995213693352988 0.9730465811547371
359 2872 17.82392111227806 0 0.0001265662548063972 0.03780226317324942 0.2734282561715268 0.2968491485244492 0.9754890843569749
360 2880 14.942601370611843 0 0.00013036712108202287 0.037210522458674136 0.27314622411082856 0.2977395609715401 0.9746819578004604
361 2888 14.108728391004568 0 0.0001315929504910362 0.03826182060912111 0.27487084610488755 0.301242886609596 0.9715408540502225
362 2896 14.729951317736257 0 0.00013276237941750528 0.04151951695156386 0.2784134861507811 0.3021393723916384 0.970192260793529
363 2904 14.671847117324248 0 0.00012923825607782073 0.037611141739882364 0.2732200776217514 0.30078199494122015 0.9718439078835244
364 2912 13.871463876390056 0 0.0001272935919031573 0.03712345138800234 0.27272758165462563 0.29915456731589424 0.9734302626972421
365 2920 16.144546565846394 0 0.00012668687460634626 0.036434668715485063 0.2708029272427691 0.2974073561768318 0.974946965407449
366 2928 20.1022373121941 0 0.00012515881401921347 0.03341887731046539 0.26781782550998445 0.2979352467182035 0.9748902272011206
367 2936 21.293538405191992 0 0.00012649725757126303 0.031572119173494693 0.2653124187903323 0.2982811592675249 0.9748988865690833
368 2944 20.03435984974385 0 0.00012295470417262913 0.031201901246110966 0.2637410809227537 0.294214814917775 0.9781705144236693
369 2952 20.217414569858732 0 0.00012608814263809936 0.03646669026778805 0.27081813774464536 0.29519478970083907 0.9771001097346128
370 2960 21.645594691217596 0 0.00012114152813961826 0.030445366180276563 0.26288360516100473 0.2948237684023034 0.9780298421303487
371 2968 18.800710602503173 0 0.00012101028574521745 0.030315146014944422 0.2627767616732105 0.2955508775226561 0.9773430738584763
372 2976 18.46614011514262 0 0.00012050951180646527 0.030221272687949954 0.2622221898784295 0.29430547960565095 0.9786224214352329
373 2984 16.075732480688234 0 0.0001216549269267513 0.0328728322930014 0.26591773716552314 0.2940667079847702 0.9782921883902647
374 2992 13.333309198866688 0 0.00012216800256633606 0.03253643467900787 0.2652929881591256 0.29352221907570636 0.9787098536041468
375 3000 10.45156619499096 0 0.00011969032814620323 0.031755094634632455 0.26418150536507456 0.29382474882551196 0.9787087640121988
376 3008 9.794525780880772 0 0.0001189634907892989 0.030718054390782498 0.26265356376928317 0.2930548583671638 0.979513119262999
377 3016 8.671890930174554 0 0.00011863186922174102 0.030432631195795694 0.2622256736138818 0.2930988918696186 0.9795175171656373
378 3024 7.927673864017464 0 0.00011948027838366116 0.030994332278690567 0.26308508211408477 0.2937230590474745 0.9789235309264999
379 3032 7.63031191165501 0 0.00011896502397577988 0.030398731891091962 0.2623905453045793 0.2941238143666493 0.9786484641184342
380 3040 7.59797336457369 0 0.00011959400943779509 0.03058792423209213 0.26244107331568867 0.2935881054447384 0.9791079994394322
381 3048 6.280104173052561 0 0.00011836481763307253 0.030145367623394526 0.26176051358866503 0.2930236203709183 0.9796310174669146
382 3056 5.282769201562563 0 0.00011833871545209818 0.029728972741571807 0.261085032867035 0.29284358631938096 0.9798250336848279
383 3064 4.364603330294647 0 0.00011831722629635337 0.030214150273262796 0.26193149865727905 0.29326274678674624 0.9794087926855888
384 3072 3.4841730447729438 0 0.00011842120935837335 0.030017253490533368 0.2615652625980537 0.29301155258099765 0.9796663536554835
385 3080 3.1436247150933943 0 0.00011833568743072284 0.029987888396926378 0.2615111659776127 0.2928101316809919 0.9798440358980627
386 3088 2.6970314311879733 0 0.00011837747763242372 0.030179727737213533 0.26184317913986865 0.2930960779898417 0.9795682233782778
387 3096 2.6417955931199555 0 0.0001183689187440929 0.030159219187802094 0.2617948822229571 0.29286790361008463 0.9797740930922921
388 3104 2.2845177888567534 0 0.00011836680541590797 0.029999101441131434 0.2615267928859134 0.29282458369807746 0.9798243564764835
389 3112 2.1518588521320523 0 0.00011833948959726873 0.029963567178601196 0.2614533745090818 0.29283051340397215 0.9798214304321725
390 3120 2.2900723006007713 0 0.00011828385574212876 0.029981340530138994 0.26147741103568933 0.29266536612488675 0.9799825483261541
391 3128 2.6023223861249636 0 0.00011829203900791605 0.03000138232721891 0.26148808324044504 0.2925200297911903 0.9801162324860515
392 3136 1.9655215441949359 0 0.00011828940407128616 0.03007022712652548 0.2616339940328368 0.29283470045289434 0.9798182187580057
393 3144 1.79075102715279 0 0.00011826678720030373 0.02992333463802625 0.2613669163652984 0.2926104814083487 0.980036334363434
394 3152 2.066950974228046 0 0.00011827330194984064 0.02986465459706913 0.26125935331444705 0.29255895510850033 0.9800948410942051
395 3160 1.7516573703309102 0 0.00011826750876731505 0.029905769667937822 0.26133378589838985 0.29262629559282294 0.9800264624494819
396 3168 1.5514994278828702 0 0.00011826847279110808 0.029928760642540624 0.26138491402229935 0.29274101782630396 0.9799152985222083
397 3176 1.634338937564311 0 0.00011827561148375065 0.029821704154519627 0.2612056273045372 0.2926620619464709 0.979992883457794
398 3184 1.3824322626720975 0 0.00011826712261948585 0.029971506711143056 0.26145793912179316 0.29275037150575844 0.9799038456098078
399 3192 1.3089028947240653 0 0.00011821552259494124 0.02980093190414923 0.2611658692537878 0.292583666154368 0.9800731909786645
400 3200 1.263913475651979 0 0.00011819999200115277 0.029826452383045494 0.2612221606166739 0.29268544604798846 0.9799776212259618
401 3208 1.1983337210447698 0 0.00011818344945682774 0.029742506242447134 0.26106739577745375 0.292557781448416 0.9801043670796245
402 3216 1.1440101029558638 0 0.00011821122359571574 0.029712212194742217 0.26100953135813165 0.2924751069459737 0.9801844568991278
403 3224 1.2034089216693933 0 0.00011819271032878097 0.029776216527356403 0.26111722302058327 0.2925191761427781 0.9801376503152431
404 3232 1.3559512518504906 0 0.00011820669918077 0.029659278411251707 0.2609007867341454 0.2923699184758977 0.9802838693336359
405 3240 1.3568059095227543 0 0.00011818444414349898 0.029630077349349453 0.2608580082857822 0.29238501527075345 0.980274316488365
405 3240 1.3568059095227543 0 0.00011818444414349898 0.029630077349349453 0.2608580082857822 0.29238501527075345 0.980274316488365
