21/10/2020 11:03:13
time/s      E/V        I/A
0.00000E+00 -3.90000E-01 -4.28252E-08 -3.89770E-01
1.66667E-01 -3.85000E-01 -2.23990E-08 -3.84746E-01
3.33333E-01 -3.80000E-01 -1.44129E-08 -3.79571E-01
5.00000E-01 -3.75000E-01 -7.65533E-09 -3.74700E-01
6.66667E-01 -3.70000E-01 -3.20150E-09 -3.69676E-01
8.33333E-01 -3.65000E-01 1.40591E-09  -3.64653E-01
1.00000E+00 -3.60000E-01 6.47406E-09  -3.59630E-01
1.16667E+00 -3.55000E-01 1.10815E-08  -3.54759E-01
1.33333E+00 -3.50000E-01 1.59960E-08  -3.49583E-01
1.50000E+00 -3.45000E-01 1.89141E-08  -3.44560E-01
1.66667E+00 -3.40000E-01 1.72247E-08  -3.39537E-01
1.83333E+00 -3.35000E-01 1.87605E-08  -3.34666E-01
2.00000E+00 -3.30000E-01 2.32143E-08  -3.29642E-01
2.16667E+00 -3.25000E-01 2.47501E-08  -3.24619E-01
2.33333E+00 -3.20000E-01 2.41358E-08  -3.19596E-01
2.50000E+00 -3.15000E-01 2.47501E-08  -3.14725E-01
2.66667E+00 -3.10000E-01 2.73610E-08  -3.09549E-01
2.83333E+00 -3.05000E-01 2.16785E-08  -3.04526E-01
3.00000E+00 -3.00000E-01 3.16612E-08  -2.99655E-01
3.16667E+00 -2.95000E-01 3.19684E-08  -2.94631E-01
3.33333E+00 -2.90000E-01 3.35042E-08  -2.89608E-01
3.50000E+00 -2.85000E-01 3.33506E-08  -2.84585E-01
3.66667E+00 -2.80000E-01 3.58079E-08  -2.79714E-01
3.83333E+00 -2.75000E-01 4.51763E-08  -2.74538E-01
4.00000E+00 -2.70000E-01 3.76509E-08  -2.69515E-01
4.16667E+00 -2.65000E-01 4.48692E-08  -2.64492E-01
4.33333E+00 -2.60000E-01 4.11832E-08  -2.59621E-01
4.50000E+00 -2.55000E-01 4.02617E-08  -2.54445E-01
4.66667E+00 -2.50000E-01 4.16440E-08  -2.49574E-01
4.83333E+00 -2.45000E-01 4.27190E-08  -2.44551E-01
5.00000E+00 -2.40000E-01 4.24119E-08  -2.39680E-01
5.16667E+00 -2.35000E-01 4.33334E-08  -2.34504E-01
5.33333E+00 -2.30000E-01 4.44084E-08  -2.29481E-01
5.50000E+00 -2.25000E-01 4.54835E-08  -2.24458E-01
5.66667E+00 -2.20000E-01 3.10469E-08  -2.19586E-01
5.83333E+00 -2.15000E-01 4.65585E-08  -2.14563E-01
6.00000E+00 -2.10000E-01 5.36232E-08  -2.09540E-01
6.16667E+00 -2.05000E-01 4.87087E-08  -2.04517E-01
6.33333E+00 -2.00000E-01 4.85551E-08  -1.99646E-01
6.50000E+00 -1.95000E-01 4.88622E-08  -1.94470E-01
6.66667E+00 -1.90000E-01 5.00909E-08  -1.89447E-01
6.83333E+00 -1.85000E-01 4.99373E-08  -1.84423E-01
7.00000E+00 -1.80000E-01 5.10124E-08  -1.79552E-01
7.16667E+00 -1.75000E-01 5.13195E-08  -1.74377E-01
7.33333E+00 -1.70000E-01 5.20874E-08  -1.69658E-01
7.50000E+00 -1.65000E-01 5.34697E-08  -1.64635E-01
7.66667E+00 -1.60000E-01 5.39304E-08  -1.59764E-01
7.83333E+00 -1.55000E-01 5.25482E-08  -1.54740E-01
8.00000E+00 -1.50000E-01 5.40840E-08  -1.49565E-01
8.16667E+00 -1.45000E-01 5.48519E-08  -1.44542E-01
8.33333E+00 -1.40000E-01 5.43911E-08  -1.39670E-01
8.50000E+00 -1.35000E-01 5.56198E-08  -1.34647E-01
8.66667E+00 -1.30000E-01 5.66948E-08  -1.29624E-01
8.83333E+00 -1.25000E-01 5.79235E-08  -1.24601E-01
9.00000E+00 -1.20000E-01 5.74627E-08  -1.19730E-01
9.16667E+00 -1.15000E-01 5.66948E-08  -1.14554E-01
9.33333E+00 -1.10000E-01 5.66948E-08  -1.09531E-01
9.50000E+00 -1.05000E-01 5.94593E-08  -1.04660E-01
9.66667E+00 -1.00000E-01 5.91521E-08  -9.96364E-02
9.83333E+00 -9.50000E-02 5.82307E-08  -9.46131E-02
1.00000E+01 -9.00000E-02 6.02272E-08  -8.95898E-02
1.01667E+01 -8.50000E-02 6.08415E-08  -8.47187E-02
1.03333E+01 -8.00000E-02 6.13023E-08  -7.96954E-02
1.05000E+01 -7.50000E-02 6.06879E-08  -7.46721E-02
1.06667E+01 -7.00000E-02 6.20702E-08  -6.94966E-02
1.08333E+01 -6.50000E-02 6.08415E-08  -6.46256E-02
1.10000E+01 -6.00000E-02 6.11487E-08  -5.96023E-02
1.11667E+01 -5.50000E-02 6.28381E-08  -5.45790E-02
1.13333E+01 -5.00000E-02 6.59097E-08  -4.95557E-02
1.15000E+01 -4.50000E-02 6.43739E-08  -4.46846E-02
1.16667E+01 -4.00000E-02 6.40667E-08  -3.95091E-02
1.18333E+01 -3.50000E-02 6.62168E-08  -3.44858E-02
1.20000E+01 -3.00000E-02 6.32988E-08  -2.94625E-02
1.21667E+01 -2.50000E-02 6.66776E-08  -2.45914E-02
1.23333E+01 -2.00000E-02 6.71383E-08  -1.95682E-02
1.25000E+01 -1.50000E-02 6.82134E-08  -1.48493E-02
1.26667E+01 -1.00000E-02 6.59097E-08  -9.67379E-03
1.28333E+01 -5.00000E-03 6.71383E-08  -4.80272E-03
1.30000E+01 8.13152E-18  6.75991E-08  2.20568E-04 
1.31667E+01 5.00000E-03  6.95956E-08  5.24386E-03 
1.33333E+01 1.00000E-02  7.00563E-08  1.02672E-02 
1.35000E+01 1.50000E-02  6.95956E-08  1.52904E-02 
1.36667E+01 2.00000E-02  7.08242E-08  2.03137E-02 
1.38333E+01 2.50000E-02  7.05171E-08  2.53370E-02 
1.40000E+01 3.00000E-02  7.09778E-08  3.03603E-02 
1.41667E+01 3.50000E-02  7.63531E-08  3.52314E-02 
1.43333E+01 4.00000E-02  7.32815E-08  4.02547E-02 
1.45000E+01 4.50000E-02  7.40494E-08  4.52780E-02 
1.46667E+01 5.00000E-02  7.46638E-08  5.04535E-02 
1.48333E+01 5.50000E-02  7.46638E-08  5.53246E-02 
1.50000E+01 6.00000E-02  7.75818E-08  6.03478E-02 
1.51667E+01 6.50000E-02  7.88104E-08  6.52189E-02 
1.53333E+01 7.00000E-02  7.81961E-08  7.02422E-02 
1.55000E+01 7.50000E-02  7.92712E-08  7.52655E-02 
1.56667E+01 8.00000E-02  8.04998E-08  8.02888E-02 
1.58333E+01 8.50000E-02  8.09605E-08  8.53121E-02 
1.60000E+01 9.00000E-02  8.28035E-08  9.03354E-02 
1.61667E+01 9.50000E-02  8.43393E-08  9.53587E-02 
1.63333E+01 1.00000E-01  8.51072E-08  1.00230E-01 
1.65000E+01 1.05000E-01  8.04998E-08  1.05405E-01 
1.66667E+01 1.10000E-01  8.54144E-08  1.10276E-01 
1.68333E+01 1.15000E-01  8.86396E-08  1.15300E-01 
1.70000E+01 1.20000E-01  9.14040E-08  1.20323E-01 
1.71667E+01 1.25000E-01  8.52608E-08  1.25498E-01 
1.73333E+01 1.30000E-01  9.01754E-08  1.30369E-01 
1.75000E+01 1.35000E-01  9.27862E-08  1.35393E-01 
1.76667E+01 1.40000E-01  9.30934E-08  1.40112E-01 
1.78333E+01 1.45000E-01  9.47828E-08  1.45135E-01 
1.80000E+01 1.50000E-01  9.63186E-08  1.50158E-01 
1.81667E+01 1.55000E-01  9.86223E-08  1.55182E-01 
1.83333E+01 1.60000E-01  9.87759E-08  1.60205E-01 
1.85000E+01 1.65000E-01  1.00772E-07  1.65228E-01 
1.86667E+01 1.70000E-01  1.00619E-07  1.70251E-01 
1.88333E+01 1.75000E-01  1.05226E-07  1.75275E-01 
1.90000E+01 1.80000E-01  1.06916E-07  1.80298E-01 
1.91667E+01 1.85000E-01  1.08759E-07  1.85321E-01 
1.93333E+01 1.90000E-01  1.11677E-07  1.90192E-01 
1.95000E+01 1.95000E-01  1.10448E-07  1.95216E-01 
1.96667E+01 2.00000E-01  1.13980E-07  2.00239E-01 
1.98333E+01 2.05000E-01  1.16898E-07  2.05414E-01 
2.00000E+01 2.10000E-01  1.21967E-07  2.10285E-01 
2.01667E+01 2.15000E-01  1.19816E-07  2.15309E-01 
2.03333E+01 2.20000E-01  1.20277E-07  2.20180E-01 
2.05000E+01 2.25000E-01  1.23349E-07  2.25203E-01 
2.06667E+01 2.30000E-01  1.27342E-07  2.30226E-01 
2.08333E+01 2.35000E-01  1.29953E-07  2.35250E-01 
2.10000E+01 2.40000E-01  1.31796E-07  2.40273E-01 
2.11667E+01 2.45000E-01  1.31796E-07  2.45296E-01 
2.13333E+01 2.50000E-01  1.33024E-07  2.50320E-01 
2.15000E+01 2.55000E-01  1.37171E-07  2.55191E-01 
2.16667E+01 2.60000E-01  1.40703E-07  2.60366E-01 
2.18333E+01 2.65000E-01  1.43007E-07  2.65237E-01 
2.20000E+01 2.70000E-01  1.46079E-07  2.70261E-01 
2.21667E+01 2.75000E-01  1.46386E-07  2.75284E-01 
2.23333E+01 2.80000E-01  1.50993E-07  2.80307E-01 
2.25000E+01 2.85000E-01  1.54065E-07  2.85330E-01 
2.26667E+01 2.90000E-01  1.58672E-07  2.90354E-01 
2.28333E+01 2.95000E-01  1.60822E-07  2.95225E-01 
2.30000E+01 3.00000E-01  1.62665E-07  3.00400E-01 
2.31667E+01 2.95000E-01  1.11216E-07  2.95225E-01 
2.33333E+01 2.90000E-01  8.38786E-08  2.90354E-01 
2.35000E+01 2.85000E-01  6.97492E-08  2.85330E-01 
2.36667E+01 2.80000E-01  5.36232E-08  2.80459E-01 
2.38333E+01 2.75000E-01  4.02617E-08  2.75284E-01 
2.40000E+01 2.70000E-01  3.15077E-08  2.70261E-01 
2.41667E+01 2.65000E-01  2.38286E-08  2.65237E-01 
2.43333E+01 2.60000E-01  1.75318E-08  2.60366E-01 
2.45000E+01 2.55000E-01  1.26173E-08  2.55343E-01 
2.46667E+01 2.50000E-01  5.09184E-09  2.50320E-01 
2.48333E+01 2.45000E-01  -1.29894E-10 2.45296E-01 
2.50000E+01 2.40000E-01  -5.19805E-09 2.40273E-01 
2.51667E+01 2.35000E-01  -9.03756E-09 2.35250E-01 
2.53333E+01 2.30000E-01  -1.14948E-08 2.30226E-01 
2.55000E+01 2.25000E-01  -1.64094E-08 2.25355E-01 
2.56667E+01 2.20000E-01  -1.99418E-08 2.20180E-01 
2.58333E+01 2.15000E-01  -2.28598E-08 2.15309E-01 
2.60000E+01 2.10000E-01  -2.59314E-08 2.10285E-01 
2.61667E+01 2.05000E-01  -2.74672E-08 2.05414E-01 
2.63333E+01 2.00000E-01  -2.99245E-08 2.00239E-01 
2.65000E+01 1.95000E-01  -3.31497E-08 1.95216E-01 
2.66667E+01 1.90000E-01  -3.39176E-08 1.90192E-01 
2.68333E+01 1.85000E-01  -3.60677E-08 1.85321E-01 
2.70000E+01 1.80000E-01  -4.02144E-08 1.80298E-01 
2.71667E+01 1.75000E-01  -3.96001E-08 1.75275E-01 
2.73333E+01 1.70000E-01  -4.42075E-08 1.70251E-01 
2.75000E+01 1.65000E-01  -4.54361E-08 1.65228E-01 
2.76667E+01 1.60000E-01  -4.57433E-08 1.60205E-01 
2.78333E+01 1.55000E-01  -4.72791E-08 1.55182E-01 
2.80000E+01 1.50000E-01  -4.83541E-08 1.50158E-01 
2.81667E+01 1.45000E-01  -4.83541E-08 1.45287E-01 
2.83333E+01 1.40000E-01  -5.08114E-08 1.40112E-01 
2.85000E+01 1.35000E-01  -5.12722E-08 1.35393E-01 
2.86667E+01 1.30000E-01  -5.23472E-08 1.30369E-01 
2.88333E+01 1.25000E-01  -5.55724E-08 1.25498E-01 
2.90000E+01 1.20000E-01  -5.38830E-08 1.20323E-01 
2.91667E+01 1.15000E-01  -5.37294E-08 1.15300E-01 
2.93333E+01 1.10000E-01  -5.49581E-08 1.10276E-01 
2.95000E+01 1.05000E-01  -5.44973E-08 1.05405E-01 
2.96667E+01 1.00000E-01  -5.72618E-08 1.00382E-01 
2.98333E+01 9.50000E-02  -5.68011E-08 9.53587E-02 
3.00000E+01 9.00000E-02  -5.64939E-08 9.03354E-02 
3.01667E+01 8.50000E-02  -5.61867E-08 8.54643E-02 
3.03333E+01 8.00000E-02  -5.74154E-08 8.02888E-02 
3.05000E+01 7.50000E-02  -5.91048E-08 7.52655E-02 
3.06667E+01 7.00000E-02  -5.91048E-08 7.02422E-02 
3.08333E+01 6.50000E-02  -6.11013E-08 6.53711E-02 
3.10000E+01 6.00000E-02  -5.75690E-08 6.03478E-02 
3.11667E+01 5.50000E-02  -5.87976E-08 5.53246E-02 
3.13333E+01 5.00000E-02  -5.89512E-08 5.04535E-02 
3.15000E+01 4.50000E-02  -6.07941E-08 4.54302E-02 
3.16667E+01 4.00000E-02  -6.20228E-08 4.04069E-02 
3.18333E+01 3.50000E-02  -6.12549E-08 3.52314E-02 
3.20000E+01 3.00000E-02  -6.03334E-08 3.03603E-02 
3.21667E+01 2.50000E-02  -6.15620E-08 2.53370E-02 
3.23333E+01 2.00000E-02  -5.97191E-08 2.03137E-02 
3.25000E+01 1.50000E-02  -6.32514E-08 1.52904E-02 
3.26667E+01 1.00000E-02  -6.29443E-08 1.04194E-02 
3.28333E+01 5.00000E-03  -6.09477E-08 5.24386E-03 
3.30000E+01 8.13152E-18  -6.12549E-08 2.20568E-04 
3.31667E+01 -5.00000E-03 -6.03334E-08 -4.80272E-03
3.33333E+01 -1.00000E-02 -6.38658E-08 -9.67379E-03
3.35000E+01 -1.50000E-02 -6.52480E-08 -1.46971E-02
3.36667E+01 -2.00000E-02 -6.38658E-08 -1.94159E-02
3.38333E+01 -2.50000E-02 -6.37122E-08 -2.45914E-02
3.40000E+01 -3.00000E-02 -6.38658E-08 -2.94625E-02
3.41667E+01 -3.50000E-02 -6.27907E-08 -3.44858E-02
3.43333E+01 -4.00000E-02 -7.13912E-08 -3.95091E-02
3.45000E+01 -4.50000E-02 -6.63230E-08 -4.45324E-02
3.46667E+01 -5.00000E-02 -6.40193E-08 -4.95557E-02
3.48333E+01 -5.50000E-02 -6.47872E-08 -5.45790E-02
3.50000E+01 -6.00000E-02 -7.13912E-08 -5.96023E-02
3.51667E+01 -6.50000E-02 -6.69374E-08 -6.46256E-02
3.53333E+01 -7.00000E-02 -6.47872E-08 -6.94966E-02
3.55000E+01 -7.50000E-02 -6.73981E-08 -7.45199E-02
3.56667E+01 -8.00000E-02 -6.57087E-08 -7.95432E-02
3.58333E+01 -8.50000E-02 -6.78588E-08 -8.47187E-02
3.60000E+01 -9.00000E-02 -6.86267E-08 -8.95898E-02
3.61667E+01 -9.50000E-02 -6.75517E-08 -9.46131E-02
3.63333E+01 -1.00000E-01 -6.97018E-08 -9.94842E-02
3.65000E+01 -1.05000E-01 -6.90875E-08 -1.04507E-01
3.66667E+01 -1.10000E-01 -6.83196E-08 -1.09531E-01
3.68333E+01 -1.15000E-01 -6.97018E-08 -1.14554E-01
3.70000E+01 -1.20000E-01 -6.95482E-08 -1.19577E-01
3.71667E+01 -1.25000E-01 -7.00090E-08 -1.24601E-01
3.73333E+01 -1.30000E-01 -7.29270E-08 -1.29624E-01
3.75000E+01 -1.35000E-01 -7.15448E-08 -1.34647E-01
3.76667E+01 -1.40000E-01 -7.16984E-08 -1.39670E-01
3.78333E+01 -1.45000E-01 -7.29270E-08 -1.44542E-01
3.80000E+01 -1.50000E-01 -7.21591E-08 -1.49565E-01
3.81667E+01 -1.55000E-01 -7.30806E-08 -1.54588E-01
3.83333E+01 -1.60000E-01 -7.56914E-08 -1.59764E-01
3.85000E+01 -1.65000E-01 -7.29270E-08 -1.64635E-01
3.86667E+01 -1.70000E-01 -7.50771E-08 -1.69658E-01
3.88333E+01 -1.75000E-01 -7.56914E-08 -1.74377E-01
3.90000E+01 -1.80000E-01 -7.61522E-08 -1.79400E-01
3.91667E+01 -1.85000E-01 -7.83023E-08 -1.84423E-01
3.93333E+01 -1.90000E-01 -7.61522E-08 -1.89447E-01
3.95000E+01 -1.95000E-01 -7.66129E-08 -1.94470E-01
3.96667E+01 -2.00000E-01 -7.83023E-08 -1.99493E-01
3.98333E+01 -2.05000E-01 -7.84559E-08 -2.04517E-01
4.00000E+01 -2.10000E-01 -8.01453E-08 -2.09540E-01
4.01667E+01 -2.15000E-01 -8.10668E-08 -2.14411E-01
4.03333E+01 -2.20000E-01 -8.02989E-08 -2.19586E-01
4.05000E+01 -2.25000E-01 -7.99917E-08 -2.24458E-01
4.06667E+01 -2.30000E-01 -8.13739E-08 -2.29481E-01
4.08333E+01 -2.35000E-01 -8.33705E-08 -2.34504E-01
4.10000E+01 -2.40000E-01 -8.38312E-08 -2.39527E-01
4.11667E+01 -2.45000E-01 -8.29097E-08 -2.44551E-01
4.13333E+01 -2.50000E-01 -8.19882E-08 -2.49574E-01
4.15000E+01 -2.55000E-01 -8.39848E-08 -2.54445E-01
4.16667E+01 -2.60000E-01 -8.50598E-08 -2.59468E-01
4.18333E+01 -2.65000E-01 -8.65956E-08 -2.64492E-01
4.20000E+01 -2.70000E-01 -8.73636E-08 -2.69515E-01
4.21667E+01 -2.75000E-01 -8.45991E-08 -2.74538E-01
4.23333E+01 -2.80000E-01 -8.53670E-08 -2.79562E-01
4.25000E+01 -2.85000E-01 -8.78243E-08 -2.84585E-01
4.26667E+01 -2.90000E-01 -8.92065E-08 -2.89608E-01
4.28333E+01 -2.95000E-01 -9.02816E-08 -2.94631E-01
4.30000E+01 -3.00000E-01 -8.98208E-08 -2.99655E-01
4.31667E+01 -3.05000E-01 -8.88994E-08 -3.04526E-01
4.33333E+01 -3.10000E-01 -9.22781E-08 -3.09549E-01
4.35000E+01 -3.15000E-01 -9.35068E-08 -3.14572E-01
4.36667E+01 -3.20000E-01 -9.12031E-08 -3.19596E-01
4.38333E+01 -3.25000E-01 -9.64248E-08 -3.24619E-01
4.40000E+01 -3.30000E-01 -9.56569E-08 -3.29490E-01
4.41667E+01 -3.35000E-01 -9.44282E-08 -3.34513E-01
4.43333E+01 -3.40000E-01 -9.88821E-08 -3.39537E-01
4.45000E+01 -3.45000E-01 -9.98036E-08 -3.44560E-01
4.46667E+01 -3.50000E-01 -1.00571E-07 -3.49583E-01
4.48333E+01 -3.55000E-01 -1.02568E-07 -3.54606E-01
4.50000E+01 -3.60000E-01 -1.01493E-07 -3.59630E-01
4.51667E+01 -3.65000E-01 -1.04257E-07 -3.64653E-01
4.53333E+01 -3.70000E-01 -1.05793E-07 -3.69676E-01
4.55000E+01 -3.75000E-01 -1.08404E-07 -3.74700E-01
4.56667E+01 -3.80000E-01 -1.09786E-07 -3.79571E-01
4.58333E+01 -3.85000E-01 -1.10861E-07 -3.84594E-01
