21/10/2020 10:32:31
time/s      E/V        I/A
0.00000E+00 -3.90000E-01 -7.38485E-08 -3.89770E-01
1.66667E-01 -3.85000E-01 -5.35759E-08 -3.84746E-01
3.33333E-01 -3.80000E-01 -3.69892E-08 -3.79723E-01
5.00000E-01 -3.75000E-01 -2.65457E-08 -3.74700E-01
6.66667E-01 -3.70000E-01 -1.93274E-08 -3.69676E-01
8.33333E-01 -3.65000E-01 -1.30306E-08 -3.64653E-01
1.00000E+00 -3.60000E-01 -4.58373E-09 -3.59630E-01
1.16667E+00 -3.55000E-01 -2.83474E-10 -3.54759E-01
1.33333E+00 -3.50000E-01 4.17036E-09  -3.49735E-01
1.50000E+00 -3.45000E-01 7.54913E-09  -3.44712E-01
1.66667E+00 -3.40000E-01 1.15422E-08  -3.39537E-01
1.83333E+00 -3.35000E-01 1.55353E-08  -3.34666E-01
2.00000E+00 -3.30000E-01 1.82998E-08  -3.29642E-01
2.16667E+00 -3.25000E-01 2.15249E-08  -3.24619E-01
2.33333E+00 -3.20000E-01 2.38286E-08  -3.19748E-01
2.50000E+00 -3.15000E-01 2.62859E-08  -3.14725E-01
2.66667E+00 -3.10000E-01 2.87432E-08  -3.09701E-01
2.83333E+00 -3.05000E-01 3.19684E-08  -3.04678E-01
3.00000E+00 -3.00000E-01 3.21220E-08  -2.99655E-01
3.16667E+00 -2.95000E-01 3.48864E-08  -2.94631E-01
3.33333E+00 -2.90000E-01 3.62687E-08  -2.89608E-01
3.50000E+00 -2.85000E-01 3.76509E-08  -2.84585E-01
3.66667E+00 -2.80000E-01 3.94938E-08  -2.79714E-01
3.83333E+00 -2.75000E-01 4.17976E-08  -2.74690E-01
4.00000E+00 -2.70000E-01 4.22583E-08  -2.69667E-01
4.16667E+00 -2.65000E-01 4.42548E-08  -2.64492E-01
4.33333E+00 -2.60000E-01 4.57906E-08  -2.59621E-01
4.50000E+00 -2.55000E-01 4.60978E-08  -2.54597E-01
4.66667E+00 -2.50000E-01 4.85551E-08  -2.49726E-01
4.83333E+00 -2.45000E-01 4.97837E-08  -2.44551E-01
5.00000E+00 -2.40000E-01 5.00909E-08  -2.39680E-01
5.16667E+00 -2.35000E-01 5.19339E-08  -2.34656E-01
5.33333E+00 -2.30000E-01 5.30089E-08  -2.29633E-01
5.50000E+00 -2.25000E-01 5.34697E-08  -2.24458E-01
5.66667E+00 -2.20000E-01 5.66948E-08  -2.19586E-01
5.83333E+00 -2.15000E-01 5.57734E-08  -2.14563E-01
6.00000E+00 -2.10000E-01 5.63877E-08  -2.09540E-01
6.16667E+00 -2.05000E-01 5.80771E-08  -2.04517E-01
6.33333E+00 -2.00000E-01 5.85378E-08  -1.99646E-01
6.50000E+00 -1.95000E-01 6.08415E-08  -1.94622E-01
6.66667E+00 -1.90000E-01 6.13023E-08  -1.89599E-01
6.83333E+00 -1.85000E-01 6.19166E-08  -1.84423E-01
7.00000E+00 -1.80000E-01 6.14558E-08  -1.79552E-01
7.16667E+00 -1.75000E-01 6.37595E-08  -1.74529E-01
7.33333E+00 -1.70000E-01 6.40667E-08  -1.69810E-01
7.50000E+00 -1.65000E-01 6.68312E-08  -1.64635E-01
7.66667E+00 -1.60000E-01 6.62168E-08  -1.59764E-01
7.83333E+00 -1.55000E-01 6.68312E-08  -1.54740E-01
8.00000E+00 -1.50000E-01 6.68312E-08  -1.49717E-01
8.16667E+00 -1.45000E-01 6.80598E-08  -1.44694E-01
8.33333E+00 -1.40000E-01 6.88277E-08  -1.39670E-01
8.50000E+00 -1.35000E-01 7.02099E-08  -1.34647E-01
8.66667E+00 -1.30000E-01 6.95956E-08  -1.29624E-01
8.83333E+00 -1.25000E-01 7.06707E-08  -1.24753E-01
9.00000E+00 -1.20000E-01 6.99028E-08  -1.19730E-01
9.16667E+00 -1.15000E-01 7.14386E-08  -1.14706E-01
9.33333E+00 -1.10000E-01 7.31279E-08  -1.09531E-01
9.50000E+00 -1.05000E-01 7.38959E-08  -1.04660E-01
9.66667E+00 -1.00000E-01 7.48173E-08  -9.96364E-02
9.83333E+00 -9.50000E-02 7.51245E-08  -9.47653E-02
1.00000E+01 -9.00000E-02 7.46638E-08  -8.95898E-02
1.01667E+01 -8.50000E-02 7.57388E-08  -8.47187E-02
1.03333E+01 -8.00000E-02 7.83497E-08  -7.96954E-02
1.05000E+01 -7.50000E-02 7.72746E-08  -7.46721E-02
1.06667E+01 -7.00000E-02 7.86568E-08  -6.96489E-02
1.08333E+01 -6.50000E-02 7.88104E-08  -6.46256E-02
1.10000E+01 -6.00000E-02 7.81961E-08  -5.96023E-02
1.11667E+01 -5.50000E-02 8.06534E-08  -5.45790E-02
1.13333E+01 -5.00000E-02 8.20356E-08  -4.95557E-02
1.15000E+01 -4.50000E-02 8.17284E-08  -4.46846E-02
1.16667E+01 -4.00000E-02 8.28035E-08  -3.96613E-02
1.18333E+01 -3.50000E-02 8.24964E-08  -3.46380E-02
1.20000E+01 -3.00000E-02 8.32643E-08  -2.94625E-02
1.21667E+01 -2.50000E-02 8.66430E-08  -2.45914E-02
1.23333E+01 -2.00000E-02 8.63359E-08  -1.95682E-02
1.25000E+01 -1.50000E-02 8.72573E-08  -1.48493E-02
1.26667E+01 -1.00000E-02 8.81788E-08  -9.82602E-03
1.28333E+01 -5.00000E-03 8.86396E-08  -4.80272E-03
1.30000E+01 8.13152E-18  8.91003E-08  2.20568E-04 
1.31667E+01 5.00000E-03  9.10969E-08  5.24386E-03 
1.33333E+01 1.00000E-02  9.04825E-08  1.02672E-02 
1.35000E+01 1.50000E-02  9.29398E-08  1.51382E-02 
1.36667E+01 2.00000E-02  9.32470E-08  2.03137E-02 
1.38333E+01 2.50000E-02  9.35541E-08  2.51848E-02 
1.40000E+01 3.00000E-02  9.64722E-08  3.02081E-02 
1.41667E+01 3.50000E-02  9.70865E-08  3.52314E-02 
1.43333E+01 4.00000E-02  9.90830E-08  4.02547E-02 
1.45000E+01 4.50000E-02  1.01233E-07  4.52780E-02 
1.46667E+01 5.00000E-02  1.02308E-07  5.03013E-02 
1.48333E+01 5.50000E-02  1.03537E-07  5.53246E-02 
1.50000E+01 6.00000E-02  1.07684E-07  6.01956E-02 
1.51667E+01 6.50000E-02  1.07530E-07  6.52189E-02 
1.53333E+01 7.00000E-02  1.10448E-07  7.02422E-02 
1.55000E+01 7.50000E-02  1.12137E-07  7.52655E-02 
1.56667E+01 8.00000E-02  1.13212E-07  8.02888E-02 
1.58333E+01 8.50000E-02  1.18281E-07  8.53121E-02 
1.60000E+01 9.00000E-02  1.20891E-07  9.01832E-02 
1.61667E+01 9.50000E-02  1.22427E-07  9.53587E-02 
1.63333E+01 1.00000E-01  1.25499E-07  1.00230E-01 
1.65000E+01 1.05000E-01  1.27342E-07  1.05253E-01 
1.66667E+01 1.10000E-01  1.29799E-07  1.10276E-01 
1.68333E+01 1.15000E-01  1.35021E-07  1.15300E-01 
1.70000E+01 1.20000E-01  1.36864E-07  1.20323E-01 
1.71667E+01 1.25000E-01  1.40243E-07  1.25346E-01 
1.73333E+01 1.30000E-01  1.45464E-07  1.30369E-01 
1.75000E+01 1.35000E-01  1.47768E-07  1.35393E-01 
1.76667E+01 1.40000E-01  1.52222E-07  1.40112E-01 
1.78333E+01 1.45000E-01  1.58672E-07  1.45135E-01 
1.80000E+01 1.50000E-01  1.60362E-07  1.50158E-01 
1.81667E+01 1.55000E-01  1.63740E-07  1.55182E-01 
1.83333E+01 1.60000E-01  1.71573E-07  1.60205E-01 
1.85000E+01 1.65000E-01  1.74952E-07  1.65228E-01 
1.86667E+01 1.70000E-01  1.82631E-07  1.70099E-01 
1.88333E+01 1.75000E-01  1.86777E-07  1.75122E-01 
1.90000E+01 1.80000E-01  1.91078E-07  1.80146E-01 
1.91667E+01 1.85000E-01  1.96607E-07  1.85169E-01 
1.93333E+01 1.90000E-01  2.02596E-07  1.90192E-01 
1.95000E+01 1.95000E-01  2.08586E-07  1.95216E-01 
1.96667E+01 2.00000E-01  2.16265E-07  2.00239E-01 
1.98333E+01 2.05000E-01  2.20719E-07  2.05262E-01 
2.00000E+01 2.10000E-01  2.26862E-07  2.10285E-01 
2.01667E+01 2.15000E-01  2.32544E-07  2.15309E-01 
2.03333E+01 2.20000E-01  2.38380E-07  2.20180E-01 
2.05000E+01 2.25000E-01  2.45445E-07  2.25203E-01 
2.06667E+01 2.30000E-01  2.52817E-07  2.30074E-01 
2.08333E+01 2.35000E-01  2.56042E-07  2.35250E-01 
2.10000E+01 2.40000E-01  2.64489E-07  2.40273E-01 
2.11667E+01 2.45000E-01  2.69250E-07  2.45296E-01 
2.13333E+01 2.50000E-01  2.73858E-07  2.50320E-01 
2.15000E+01 2.55000E-01  2.83379E-07  2.55191E-01 
2.16667E+01 2.60000E-01  2.88294E-07  2.60214E-01 
2.18333E+01 2.65000E-01  2.94898E-07  2.65237E-01 
2.20000E+01 2.70000E-01  3.03191E-07  2.70261E-01 
2.21667E+01 2.75000E-01  3.08567E-07  2.75284E-01 
2.23333E+01 2.80000E-01  3.17935E-07  2.80307E-01 
2.25000E+01 2.85000E-01  3.26996E-07  2.85178E-01 
2.26667E+01 2.90000E-01  3.31450E-07  2.90354E-01 
2.28333E+01 2.95000E-01  3.41894E-07  2.95225E-01 
2.30000E+01 3.00000E-01  3.49573E-07  3.00248E-01 
2.31667E+01 2.95000E-01  2.58346E-07  2.95225E-01 
2.33333E+01 2.90000E-01  2.08432E-07  2.90354E-01 
2.35000E+01 2.85000E-01  1.70959E-07  2.85330E-01 
2.36667E+01 2.80000E-01  1.41010E-07  2.80307E-01 
2.38333E+01 2.75000E-01  1.16438E-07  2.75284E-01 
2.40000E+01 2.70000E-01  9.64722E-08  2.70261E-01 
2.41667E+01 2.65000E-01  7.91176E-08  2.65237E-01 
2.43333E+01 2.60000E-01  6.66776E-08  2.60214E-01 
2.45000E+01 2.55000E-01  5.22410E-08  2.55191E-01 
2.46667E+01 2.50000E-01  4.16440E-08  2.50167E-01 
2.48333E+01 2.45000E-01  3.19684E-08  2.45296E-01 
2.50000E+01 2.40000E-01  2.06035E-08  2.40273E-01 
2.51667E+01 2.35000E-01  1.23101E-08  2.35250E-01 
2.53333E+01 2.30000E-01  4.93826E-09  2.30226E-01 
2.55000E+01 2.25000E-01  -3.35508E-09 2.25203E-01 
2.56667E+01 2.20000E-01  -8.73040E-09 2.20180E-01 
2.58333E+01 2.15000E-01  -1.68702E-08 2.15309E-01 
2.60000E+01 2.10000E-01  -2.33205E-08 2.10285E-01 
2.61667E+01 2.05000E-01  -2.68529E-08 2.05262E-01 
2.63333E+01 2.00000E-01  -3.43783E-08 2.00239E-01 
2.65000E+01 1.95000E-01  -3.74499E-08 1.95216E-01 
2.66667E+01 1.90000E-01  -4.23645E-08 1.90192E-01 
2.68333E+01 1.85000E-01  -4.68183E-08 1.85321E-01 
2.70000E+01 1.80000E-01  -5.08114E-08 1.80146E-01 
2.71667E+01 1.75000E-01  -5.08114E-08 1.75275E-01 
2.73333E+01 1.70000E-01  -5.74154E-08 1.70251E-01 
2.75000E+01 1.65000E-01  -5.84904E-08 1.65228E-01 
2.76667E+01 1.60000E-01  -6.11013E-08 1.60205E-01 
2.78333E+01 1.55000E-01  -6.46337E-08 1.55182E-01 
2.80000E+01 1.50000E-01  -6.46337E-08 1.50158E-01 
2.81667E+01 1.45000E-01  -6.61695E-08 1.45135E-01 
2.83333E+01 1.40000E-01  -6.95482E-08 1.40112E-01 
2.85000E+01 1.35000E-01  -7.10840E-08 1.35393E-01 
2.86667E+01 1.30000E-01  -7.32342E-08 1.30369E-01 
2.88333E+01 1.25000E-01  -7.59986E-08 1.25346E-01 
2.90000E+01 1.20000E-01  -7.07769E-08 1.20323E-01 
2.91667E+01 1.15000E-01  -7.50771E-08 1.15300E-01 
2.93333E+01 1.10000E-01  -7.53843E-08 1.10276E-01 
2.95000E+01 1.05000E-01  -7.55379E-08 1.05405E-01 
2.96667E+01 1.00000E-01  -7.72272E-08 1.00230E-01 
2.98333E+01 9.50000E-02  -7.67665E-08 9.53587E-02 
3.00000E+01 9.00000E-02  -7.64593E-08 9.03354E-02 
3.01667E+01 8.50000E-02  -7.86095E-08 8.53121E-02 
3.03333E+01 8.00000E-02  -7.87630E-08 8.02888E-02 
3.05000E+01 7.50000E-02  -7.89166E-08 7.52655E-02 
3.06667E+01 7.00000E-02  -7.95310E-08 7.02422E-02 
3.08333E+01 6.50000E-02  -7.89166E-08 6.52189E-02 
3.10000E+01 6.00000E-02  -8.01453E-08 6.03478E-02 
3.11667E+01 5.50000E-02  -8.12203E-08 5.53246E-02 
3.13333E+01 5.00000E-02  -8.12203E-08 5.03013E-02 
3.15000E+01 4.50000E-02  -8.26026E-08 4.52780E-02 
3.16667E+01 4.00000E-02  -8.21418E-08 4.02547E-02 
3.18333E+01 3.50000E-02  -8.04524E-08 3.52314E-02 
3.20000E+01 3.00000E-02  -8.41384E-08 3.03603E-02 
3.21667E+01 2.50000E-02  -8.32169E-08 2.51848E-02 
3.23333E+01 2.00000E-02  -8.35240E-08 2.03137E-02 
3.25000E+01 1.50000E-02  -8.41384E-08 1.52904E-02 
3.26667E+01 1.00000E-02  -8.35240E-08 1.02672E-02 
3.28333E+01 5.00000E-03  -8.22954E-08 5.24386E-03 
3.30000E+01 8.13152E-18  -8.44455E-08 2.20568E-04 
3.31667E+01 -5.00000E-03 -8.50598E-08 -4.80272E-03
3.33333E+01 -1.00000E-02 -8.55206E-08 -9.82602E-03
3.35000E+01 -1.50000E-02 -8.65956E-08 -1.48493E-02
3.36667E+01 -2.00000E-02 -8.44455E-08 -1.95682E-02
3.38333E+01 -2.50000E-02 -8.56742E-08 -2.45914E-02
3.40000E+01 -3.00000E-02 -8.55206E-08 -2.94625E-02
3.41667E+01 -3.50000E-02 -8.56742E-08 -3.44858E-02
3.43333E+01 -4.00000E-02 -8.70564E-08 -3.96613E-02
3.45000E+01 -4.50000E-02 -8.69028E-08 -4.46846E-02
3.46667E+01 -5.00000E-02 -8.56742E-08 -4.95557E-02
3.48333E+01 -5.50000E-02 -8.88994E-08 -5.45790E-02
3.50000E+01 -6.00000E-02 -8.70564E-08 -5.96023E-02
3.51667E+01 -6.50000E-02 -8.84386E-08 -6.46256E-02
3.53333E+01 -7.00000E-02 -8.85922E-08 -6.94966E-02
3.55000E+01 -7.50000E-02 -8.87458E-08 -7.46721E-02
3.56667E+01 -8.00000E-02 -8.98208E-08 -7.96954E-02
3.58333E+01 -8.50000E-02 -9.10495E-08 -8.47187E-02
3.60000E+01 -9.00000E-02 -9.02816E-08 -8.95898E-02
3.61667E+01 -9.50000E-02 -9.13566E-08 -9.46131E-02
3.63333E+01 -1.00000E-01 -9.21245E-08 -9.96364E-02
3.65000E+01 -1.05000E-01 -9.16638E-08 -1.04660E-01
3.66667E+01 -1.10000E-01 -9.35068E-08 -1.09531E-01
3.68333E+01 -1.15000E-01 -9.36603E-08 -1.14706E-01
3.70000E+01 -1.20000E-01 -9.41211E-08 -1.19730E-01
3.71667E+01 -1.25000E-01 -9.45818E-08 -1.24601E-01
3.73333E+01 -1.30000E-01 -9.58105E-08 -1.29624E-01
3.75000E+01 -1.35000E-01 -9.47354E-08 -1.34647E-01
3.76667E+01 -1.40000E-01 -9.65784E-08 -1.39670E-01
3.78333E+01 -1.45000E-01 -1.00264E-07 -1.44542E-01
3.80000E+01 -1.50000E-01 -1.02107E-07 -1.49717E-01
3.81667E+01 -1.55000E-01 -9.93428E-08 -1.54740E-01
3.83333E+01 -1.60000E-01 -9.90357E-08 -1.59764E-01
3.85000E+01 -1.65000E-01 -1.00111E-07 -1.64635E-01
3.86667E+01 -1.70000E-01 -1.01339E-07 -1.69658E-01
3.88333E+01 -1.75000E-01 -1.00879E-07 -1.74529E-01
3.90000E+01 -1.80000E-01 -1.03182E-07 -1.79552E-01
3.91667E+01 -1.85000E-01 -1.03182E-07 -1.84423E-01
3.93333E+01 -1.90000E-01 -1.01954E-07 -1.89447E-01
3.95000E+01 -1.95000E-01 -1.05486E-07 -1.94470E-01
3.96667E+01 -2.00000E-01 -1.06100E-07 -1.99646E-01
3.98333E+01 -2.05000E-01 -1.06254E-07 -2.04517E-01
4.00000E+01 -2.10000E-01 -1.06868E-07 -2.09540E-01
4.01667E+01 -2.15000E-01 -1.06100E-07 -2.14563E-01
4.03333E+01 -2.20000E-01 -1.08097E-07 -2.19586E-01
4.05000E+01 -2.25000E-01 -1.10247E-07 -2.24458E-01
4.06667E+01 -2.30000E-01 -1.10708E-07 -2.29481E-01
4.08333E+01 -2.35000E-01 -1.11322E-07 -2.34656E-01
4.10000E+01 -2.40000E-01 -1.12551E-07 -2.39680E-01
4.11667E+01 -2.45000E-01 -1.11629E-07 -2.44551E-01
4.13333E+01 -2.50000E-01 -1.08097E-07 -2.49574E-01
4.15000E+01 -2.55000E-01 -1.14701E-07 -2.54597E-01
4.16667E+01 -2.60000E-01 -1.08865E-07 -2.59621E-01
4.18333E+01 -2.65000E-01 -1.16851E-07 -2.64492E-01
4.20000E+01 -2.70000E-01 -1.17465E-07 -2.69515E-01
4.21667E+01 -2.75000E-01 -1.16544E-07 -2.74690E-01
4.23333E+01 -2.80000E-01 -1.20537E-07 -2.79714E-01
4.25000E+01 -2.85000E-01 -1.20844E-07 -2.84585E-01
4.26667E+01 -2.90000E-01 -1.22841E-07 -2.89608E-01
4.28333E+01 -2.95000E-01 -1.23762E-07 -2.94631E-01
4.30000E+01 -3.00000E-01 -1.23301E-07 -2.99655E-01
4.31667E+01 -3.05000E-01 -1.25605E-07 -3.04678E-01
4.33333E+01 -3.10000E-01 -1.26834E-07 -3.09701E-01
4.35000E+01 -3.15000E-01 -1.28523E-07 -3.14725E-01
4.36667E+01 -3.20000E-01 -1.30827E-07 -3.19596E-01
4.38333E+01 -3.25000E-01 -1.31748E-07 -3.24619E-01
4.40000E+01 -3.30000E-01 -1.30827E-07 -3.29642E-01
4.41667E+01 -3.35000E-01 -1.34513E-07 -3.34666E-01
4.43333E+01 -3.40000E-01 -1.36356E-07 -3.39537E-01
4.45000E+01 -3.45000E-01 -1.37584E-07 -3.44560E-01
4.46667E+01 -3.50000E-01 -1.40042E-07 -3.49735E-01
4.48333E+01 -3.55000E-01 -1.40349E-07 -3.54759E-01
4.50000E+01 -3.60000E-01 -1.41885E-07 -3.59630E-01
4.51667E+01 -3.65000E-01 -1.46646E-07 -3.64653E-01
4.53333E+01 -3.70000E-01 -1.46953E-07 -3.69676E-01
4.55000E+01 -3.75000E-01 -1.49717E-07 -3.74700E-01
4.56667E+01 -3.80000E-01 -1.52789E-07 -3.79571E-01
4.58333E+01 -3.85000E-01 -1.53557E-07 -3.84746E-01
