20/10/2020 09:53:03
time/s      E/V        I/A
0.00000E+00 -3.90000E-01 -3.35549E-07 -3.89617E-01
1.66667E-01 -3.85000E-01 -2.24204E-07 -3.84594E-01
3.33333E-01 -3.80000E-01 -1.57703E-07 -3.79571E-01
5.00000E-01 -3.75000E-01 -1.16390E-07 -3.74547E-01
6.66667E-01 -3.70000E-01 -8.70564E-08 -3.69524E-01
8.33333E-01 -3.65000E-01 -6.26371E-08 -3.64501E-01
1.00000E+00 -3.60000E-01 -3.97536E-08 -3.59478E-01
1.16667E+00 -3.55000E-01 -3.00781E-08 -3.54606E-01
1.33333E+00 -3.50000E-01 -1.07269E-08 -3.49583E-01
1.50000E+00 -3.45000E-01 -1.29894E-10 -3.44408E-01
1.66667E+00 -3.40000E-01 1.04672E-08  -3.39384E-01
1.83333E+00 -3.35000E-01 2.59788E-08  -3.34513E-01
2.00000E+00 -3.30000E-01 2.90504E-08  -3.29490E-01
2.16667E+00 -3.25000E-01 3.65758E-08  -3.24467E-01
2.33333E+00 -3.20000E-01 4.22583E-08  -3.19443E-01
2.50000E+00 -3.15000E-01 4.96301E-08  -3.14572E-01
2.66667E+00 -3.10000E-01 5.48519E-08  -3.09549E-01
2.83333E+00 -3.05000E-01 6.34524E-08  -3.04374E-01
3.00000E+00 -3.00000E-01 6.09951E-08  -2.99503E-01
3.16667E+00 -2.95000E-01 7.09778E-08  -2.94479E-01
3.33333E+00 -2.90000E-01 7.05171E-08  -2.89456E-01
3.50000E+00 -2.85000E-01 7.49709E-08  -2.84433E-01
3.66667E+00 -2.80000E-01 8.14213E-08  -2.79562E-01
3.83333E+00 -2.75000E-01 7.98855E-08  -2.74538E-01
4.00000E+00 -2.70000E-01 8.77181E-08  -2.69363E-01
4.16667E+00 -2.65000E-01 8.89467E-08  -2.64339E-01
4.33333E+00 -2.60000E-01 8.92539E-08  -2.59468E-01
4.50000E+00 -2.55000E-01 9.10969E-08  -2.54445E-01
4.66667E+00 -2.50000E-01 9.98509E-08  -2.49574E-01
4.83333E+00 -2.45000E-01 9.63186E-08  -2.44399E-01
5.00000E+00 -2.40000E-01 9.98509E-08  -2.39527E-01
5.16667E+00 -2.35000E-01 1.02001E-07  -2.34504E-01
5.33333E+00 -2.30000E-01 1.02769E-07  -2.29329E-01
5.50000E+00 -2.25000E-01 1.05380E-07  -2.24305E-01
5.66667E+00 -2.20000E-01 1.11216E-07  -2.19434E-01
5.83333E+00 -2.15000E-01 1.05994E-07  -2.14411E-01
6.00000E+00 -2.10000E-01 1.11984E-07  -2.09388E-01
6.16667E+00 -2.05000E-01 1.11369E-07  -2.04364E-01
6.33333E+00 -2.00000E-01 1.12905E-07  -1.99493E-01
6.50000E+00 -1.95000E-01 1.16898E-07  -1.94318E-01
6.66667E+00 -1.90000E-01 1.16438E-07  -1.89295E-01
6.83333E+00 -1.85000E-01 1.19202E-07  -1.84271E-01
7.00000E+00 -1.80000E-01 1.21506E-07  -1.79400E-01
7.16667E+00 -1.75000E-01 1.24424E-07  -1.74377E-01
7.33333E+00 -1.70000E-01 1.24270E-07  -1.69506E-01
7.50000E+00 -1.65000E-01 1.31488E-07  -1.64483E-01
7.66667E+00 -1.60000E-01 1.25806E-07  -1.59611E-01
7.83333E+00 -1.55000E-01 1.29492E-07  -1.54588E-01
8.00000E+00 -1.50000E-01 1.32103E-07  -1.49565E-01
8.16667E+00 -1.45000E-01 1.34099E-07  -1.44389E-01
8.33333E+00 -1.40000E-01 1.39475E-07  -1.39518E-01
8.50000E+00 -1.35000E-01 1.43314E-07  -1.34495E-01
8.66667E+00 -1.30000E-01 1.39321E-07  -1.29472E-01
8.83333E+00 -1.25000E-01 1.42393E-07  -1.24601E-01
9.00000E+00 -1.20000E-01 1.46079E-07  -1.19577E-01
9.16667E+00 -1.15000E-01 1.50225E-07  -1.14554E-01
9.33333E+00 -1.10000E-01 1.59440E-07  -1.09379E-01
9.50000E+00 -1.05000E-01 1.56983E-07  -1.04507E-01
9.66667E+00 -1.00000E-01 1.62665E-07  -9.94842E-02
9.83333E+00 -9.50000E-02 1.68041E-07  -9.46131E-02
1.00000E+01 -9.00000E-02 1.71419E-07  -8.94376E-02
1.01667E+01 -8.50000E-02 1.78791E-07  -8.45665E-02
1.03333E+01 -8.00000E-02 1.89542E-07  -7.95432E-02
1.05000E+01 -7.50000E-02 1.88006E-07  -7.45199E-02
1.06667E+01 -7.00000E-02 1.99064E-07  -6.93444E-02
1.08333E+01 -6.50000E-02 2.03518E-07  -6.44733E-02
1.10000E+01 -6.00000E-02 2.05668E-07  -5.94500E-02
1.11667E+01 -5.50000E-02 2.15497E-07  -5.44268E-02
1.13333E+01 -5.00000E-02 2.18261E-07  -4.94035E-02
1.15000E+01 -4.50000E-02 2.21794E-07  -4.45324E-02
1.16667E+01 -4.00000E-02 2.28858E-07  -3.95091E-02
1.18333E+01 -3.50000E-02 2.31316E-07  -3.43336E-02
1.20000E+01 -3.00000E-02 2.32544E-07  -2.93103E-02
1.21667E+01 -2.50000E-02 2.38995E-07  -2.44392E-02
1.23333E+01 -2.00000E-02 2.31162E-07  -1.94159E-02
1.25000E+01 -1.50000E-02 2.33159E-07  -1.46971E-02
1.26667E+01 -1.00000E-02 2.31316E-07  -9.67379E-03
1.28333E+01 -5.00000E-03 2.28705E-07  -4.65050E-03
1.30000E+01 8.13152E-18  2.28705E-07  3.72789E-04 
1.31667E+01 5.00000E-03  2.30701E-07  5.39608E-03 
1.33333E+01 1.00000E-02  2.17801E-07  1.04194E-02 
1.35000E+01 1.50000E-02  2.20412E-07  1.52904E-02 
1.36667E+01 2.00000E-02  2.18108E-07  2.04660E-02 
1.38333E+01 2.50000E-02  2.16726E-07  2.53370E-02 
1.40000E+01 3.00000E-02  2.19183E-07  3.05125E-02 
1.41667E+01 3.50000E-02  2.12579E-07  3.53836E-02 
1.43333E+01 4.00000E-02  2.10736E-07  4.04069E-02 
1.45000E+01 4.50000E-02  2.09661E-07  4.54302E-02 
1.46667E+01 5.00000E-02  2.09968E-07  5.04535E-02 
1.48333E+01 5.50000E-02  2.09968E-07  5.54768E-02 
1.50000E+01 6.00000E-02  2.16572E-07  6.03478E-02 
1.51667E+01 6.50000E-02  2.07818E-07  6.53711E-02 
1.53333E+01 7.00000E-02  2.12425E-07  7.03944E-02 
1.55000E+01 7.50000E-02  2.12425E-07  7.54177E-02 
1.56667E+01 8.00000E-02  2.12425E-07  8.04410E-02 
1.58333E+01 8.50000E-02  2.15036E-07  8.54643E-02 
1.60000E+01 9.00000E-02  2.14729E-07  9.03354E-02 
1.61667E+01 9.50000E-02  2.14883E-07  9.55109E-02 
1.63333E+01 1.00000E-01  2.03211E-07  1.00382E-01 
1.65000E+01 1.05000E-01  2.14729E-07  1.05557E-01 
1.66667E+01 1.10000E-01  2.17954E-07  1.10429E-01 
1.68333E+01 1.15000E-01  2.30241E-07  1.15452E-01 
1.70000E+01 1.20000E-01  2.25787E-07  1.20475E-01 
1.71667E+01 1.25000E-01  2.30855E-07  1.25498E-01 
1.73333E+01 1.30000E-01  2.32698E-07  1.30522E-01 
1.75000E+01 1.35000E-01  2.34848E-07  1.35545E-01 
1.76667E+01 1.40000E-01  2.39302E-07  1.40264E-01 
1.78333E+01 1.45000E-01  2.48363E-07  1.45287E-01 
1.80000E+01 1.50000E-01  2.41298E-07  1.50310E-01 
1.81667E+01 1.55000E-01  2.47595E-07  1.55334E-01 
1.83333E+01 1.60000E-01  2.50513E-07  1.60357E-01 
1.85000E+01 1.65000E-01  2.54506E-07  1.65380E-01 
1.86667E+01 1.70000E-01  2.63568E-07  1.70404E-01 
1.88333E+01 1.75000E-01  2.64950E-07  1.75427E-01 
1.90000E+01 1.80000E-01  2.69250E-07  1.80298E-01 
1.91667E+01 1.85000E-01  2.72936E-07  1.85473E-01 
1.93333E+01 1.90000E-01  2.77236E-07  1.90345E-01 
1.95000E+01 1.95000E-01  2.78618E-07  1.95368E-01 
1.96667E+01 2.00000E-01  2.93055E-07  2.00391E-01 
1.98333E+01 2.05000E-01  2.86605E-07  2.05414E-01 
2.00000E+01 2.10000E-01  2.94591E-07  2.10438E-01 
2.01667E+01 2.15000E-01  2.99352E-07  2.15461E-01 
2.03333E+01 2.20000E-01  3.01809E-07  2.20332E-01 
2.05000E+01 2.25000E-01  3.08260E-07  2.25355E-01 
2.06667E+01 2.30000E-01  3.13788E-07  2.30379E-01 
2.08333E+01 2.35000E-01  3.12560E-07  2.35402E-01 
2.10000E+01 2.40000E-01  3.23771E-07  2.40425E-01 
2.11667E+01 2.45000E-01  3.27457E-07  2.45449E-01 
2.13333E+01 2.50000E-01  3.33754E-07  2.50472E-01 
2.15000E+01 2.55000E-01  3.43890E-07  2.55343E-01 
2.16667E+01 2.60000E-01  3.44351E-07  2.60366E-01 
2.18333E+01 2.65000E-01  3.54794E-07  2.65389E-01 
2.20000E+01 2.70000E-01  3.60016E-07  2.70413E-01 
2.21667E+01 2.75000E-01  3.69385E-07  2.75436E-01 
2.23333E+01 2.80000E-01  3.77371E-07  2.80459E-01 
2.25000E+01 2.85000E-01  3.92575E-07  2.85483E-01 
2.26667E+01 2.90000E-01  3.90579E-07  2.90506E-01 
2.28333E+01 2.95000E-01  4.03172E-07  2.95377E-01 
2.30000E+01 3.00000E-01  4.14230E-07  3.00400E-01 
2.31667E+01 2.95000E-01  2.74779E-07  2.95377E-01 
2.33333E+01 2.90000E-01  2.10890E-07  2.90506E-01 
2.35000E+01 2.85000E-01  1.59287E-07  2.85483E-01 
2.36667E+01 2.80000E-01  1.21659E-07  2.80459E-01 
2.38333E+01 2.75000E-01  9.04825E-08  2.75436E-01 
2.40000E+01 2.70000E-01  6.75991E-08  2.70413E-01 
2.41667E+01 2.65000E-01  4.80943E-08  2.65389E-01 
2.43333E+01 2.60000E-01  3.64222E-08  2.60366E-01 
2.45000E+01 2.55000E-01  1.16958E-08  2.55343E-01 
2.46667E+01 2.50000E-01  2.32739E-09  2.50320E-01 
2.48333E+01 2.45000E-01  -1.73309E-08 2.45449E-01 
2.50000E+01 2.40000E-01  -2.45492E-08 2.40425E-01 
2.51667E+01 2.35000E-01  -3.31497E-08 2.35402E-01 
2.53333E+01 2.30000E-01  -3.79107E-08 2.30226E-01 
2.55000E+01 2.25000E-01  -5.58796E-08 2.25355E-01 
2.56667E+01 2.20000E-01  -5.74154E-08 2.20332E-01 
2.58333E+01 2.15000E-01  -6.32514E-08 2.15461E-01 
2.60000E+01 2.10000E-01  -7.15448E-08 2.10438E-01 
2.61667E+01 2.05000E-01  -7.07769E-08 2.05414E-01 
2.63333E+01 2.00000E-01  -8.56742E-08 2.00391E-01 
2.65000E+01 1.95000E-01  -8.84386E-08 1.95368E-01 
2.66667E+01 1.90000E-01  -9.30460E-08 1.90345E-01 
2.68333E+01 1.85000E-01  -9.82678E-08 1.85321E-01 
2.70000E+01 1.80000E-01  -1.05025E-07 1.80298E-01 
2.71667E+01 1.75000E-01  -1.00571E-07 1.75275E-01 
2.73333E+01 1.70000E-01  -1.16237E-07 1.70251E-01 
2.75000E+01 1.65000E-01  -1.14240E-07 1.65380E-01 
2.76667E+01 1.60000E-01  -1.17926E-07 1.60357E-01 
2.78333E+01 1.55000E-01  -1.21919E-07 1.55334E-01 
2.80000E+01 1.50000E-01  -1.22994E-07 1.50158E-01 
2.81667E+01 1.45000E-01  -1.26680E-07 1.45287E-01 
2.83333E+01 1.40000E-01  -1.29905E-07 1.40264E-01 
2.85000E+01 1.35000E-01  -1.32516E-07 1.35545E-01 
2.86667E+01 1.30000E-01  -1.36202E-07 1.30522E-01 
2.88333E+01 1.25000E-01  -1.36970E-07 1.25498E-01 
2.90000E+01 1.20000E-01  -1.32363E-07 1.20475E-01 
2.91667E+01 1.15000E-01  -1.42652E-07 1.15452E-01 
2.93333E+01 1.10000E-01  -1.39581E-07 1.10429E-01 
2.95000E+01 1.05000E-01  -1.40502E-07 1.05405E-01 
2.96667E+01 1.00000E-01  -1.42652E-07 1.00382E-01 
2.98333E+01 9.50000E-02  -1.40656E-07 9.53587E-02 
3.00000E+01 9.00000E-02  -1.38967E-07 9.03354E-02 
3.01667E+01 8.50000E-02  -1.48949E-07 8.54643E-02 
3.03333E+01 8.00000E-02  -1.45110E-07 8.04410E-02 
3.05000E+01 7.50000E-02  -1.45878E-07 7.54177E-02 
3.06667E+01 7.00000E-02  -1.47106E-07 7.03944E-02 
3.08333E+01 6.50000E-02  -1.44035E-07 6.53711E-02 
3.10000E+01 6.00000E-02  -1.51407E-07 6.03478E-02 
3.11667E+01 5.50000E-02  -1.48489E-07 5.54768E-02 
3.13333E+01 5.00000E-02  -1.50639E-07 5.04535E-02 
3.15000E+01 4.50000E-02  -1.54478E-07 4.54302E-02 
3.16667E+01 4.00000E-02  -1.53864E-07 4.04069E-02 
3.18333E+01 3.50000E-02  -1.49564E-07 3.53836E-02 
3.20000E+01 3.00000E-02  -1.61543E-07 3.03603E-02 
3.21667E+01 2.50000E-02  -1.60929E-07 2.53370E-02 
3.23333E+01 2.00000E-02  -1.64000E-07 2.04660E-02 
3.25000E+01 1.50000E-02  -1.69990E-07 1.52904E-02 
3.26667E+01 1.00000E-02  -1.68915E-07 1.04194E-02 
3.28333E+01 5.00000E-03  -1.70297E-07 5.39608E-03 
3.30000E+01 8.13152E-18  -1.79051E-07 3.72789E-04 
3.31667E+01 -5.00000E-03 -1.80433E-07 -4.65050E-03
3.33333E+01 -1.00000E-02 -1.87191E-07 -9.67379E-03
3.35000E+01 -1.50000E-02 -1.93641E-07 -1.46971E-02
3.36667E+01 -2.00000E-02 -1.93334E-07 -1.94159E-02
3.38333E+01 -2.50000E-02 -2.06388E-07 -2.44392E-02
3.40000E+01 -3.00000E-02 -2.09614E-07 -2.93103E-02
3.41667E+01 -3.50000E-02 -2.15757E-07 -3.44858E-02
3.43333E+01 -4.00000E-02 -2.22975E-07 -3.95091E-02
3.45000E+01 -4.50000E-02 -2.26507E-07 -4.45324E-02
3.46667E+01 -5.00000E-02 -2.25586E-07 -4.94035E-02
3.48333E+01 -5.50000E-02 -2.42480E-07 -5.45790E-02
3.50000E+01 -6.00000E-02 -2.38487E-07 -5.94500E-02
3.51667E+01 -6.50000E-02 -2.38640E-07 -6.44733E-02
3.53333E+01 -7.00000E-02 -2.42480E-07 -6.94966E-02
3.55000E+01 -7.50000E-02 -2.38794E-07 -7.45199E-02
3.56667E+01 -8.00000E-02 -2.44476E-07 -7.95432E-02
3.58333E+01 -8.50000E-02 -2.42940E-07 -8.45665E-02
3.60000E+01 -9.00000E-02 -2.40176E-07 -8.95898E-02
3.61667E+01 -9.50000E-02 -2.41558E-07 -9.46131E-02
3.63333E+01 -1.00000E-01 -2.35415E-07 -9.94842E-02
3.65000E+01 -1.05000E-01 -2.26815E-07 -1.04507E-01
3.66667E+01 -1.10000E-01 -2.32958E-07 -1.09531E-01
3.68333E+01 -1.15000E-01 -2.26507E-07 -1.14554E-01
3.70000E+01 -1.20000E-01 -2.24204E-07 -1.19577E-01
3.71667E+01 -1.25000E-01 -2.24972E-07 -1.24601E-01
3.73333E+01 -1.30000E-01 -2.18214E-07 -1.29624E-01
3.75000E+01 -1.35000E-01 -2.14221E-07 -1.34647E-01
3.76667E+01 -1.40000E-01 -2.19289E-07 -1.39518E-01
3.78333E+01 -1.45000E-01 -2.15450E-07 -1.44542E-01
3.80000E+01 -1.50000E-01 -2.15910E-07 -1.49565E-01
3.81667E+01 -1.55000E-01 -2.14528E-07 -1.54588E-01
3.83333E+01 -1.60000E-01 -2.06696E-07 -1.59611E-01
3.85000E+01 -1.65000E-01 -2.13760E-07 -1.64483E-01
3.86667E+01 -1.70000E-01 -2.11764E-07 -1.69658E-01
3.88333E+01 -1.75000E-01 -2.20825E-07 -1.74377E-01
3.90000E+01 -1.80000E-01 -2.13299E-07 -1.79400E-01
3.91667E+01 -1.85000E-01 -2.11149E-07 -1.84271E-01
3.93333E+01 -1.90000E-01 -2.06388E-07 -1.89447E-01
3.95000E+01 -1.95000E-01 -2.17293E-07 -1.94470E-01
3.96667E+01 -2.00000E-01 -2.14528E-07 -1.99493E-01
3.98333E+01 -2.05000E-01 -2.14067E-07 -2.04364E-01
4.00000E+01 -2.10000E-01 -2.16371E-07 -2.09388E-01
4.01667E+01 -2.15000E-01 -2.12532E-07 -2.14411E-01
4.03333E+01 -2.20000E-01 -2.19136E-07 -2.19434E-01
4.05000E+01 -2.25000E-01 -2.20825E-07 -2.24458E-01
4.06667E+01 -2.30000E-01 -2.19443E-07 -2.29481E-01
4.08333E+01 -2.35000E-01 -2.22054E-07 -2.34504E-01
4.10000E+01 -2.40000E-01 -2.24357E-07 -2.39527E-01
4.11667E+01 -2.45000E-01 -2.20978E-07 -2.44551E-01
4.13333E+01 -2.50000E-01 -2.30808E-07 -2.49574E-01
4.15000E+01 -2.55000E-01 -2.28043E-07 -2.54445E-01
4.16667E+01 -2.60000E-01 -2.31729E-07 -2.59468E-01
4.18333E+01 -2.65000E-01 -2.33726E-07 -2.64339E-01
4.20000E+01 -2.70000E-01 -2.33726E-07 -2.69515E-01
4.21667E+01 -2.75000E-01 -2.09614E-07 -2.74538E-01
4.23333E+01 -2.80000E-01 -2.50466E-07 -2.79562E-01
4.25000E+01 -2.85000E-01 -2.40176E-07 -2.84433E-01
4.26667E+01 -2.90000E-01 -2.44016E-07 -2.89608E-01
4.28333E+01 -2.95000E-01 -2.46780E-07 -2.94479E-01
4.30000E+01 -3.00000E-01 -2.44016E-07 -2.99503E-01
4.31667E+01 -3.05000E-01 -2.53691E-07 -3.04526E-01
4.33333E+01 -3.10000E-01 -2.57377E-07 -3.09549E-01
4.35000E+01 -3.15000E-01 -2.60449E-07 -3.14572E-01
4.36667E+01 -3.20000E-01 -2.63060E-07 -3.19596E-01
4.38333E+01 -3.25000E-01 -2.63674E-07 -3.24619E-01
4.40000E+01 -3.30000E-01 -2.60295E-07 -3.29490E-01
4.41667E+01 -3.35000E-01 -2.76575E-07 -3.34513E-01
4.43333E+01 -3.40000E-01 -2.75346E-07 -3.39537E-01
4.45000E+01 -3.45000E-01 -2.80107E-07 -3.44560E-01
4.46667E+01 -3.50000E-01 -2.85175E-07 -3.49583E-01
4.48333E+01 -3.55000E-01 -2.85022E-07 -3.54606E-01
4.50000E+01 -3.60000E-01 -2.93622E-07 -3.59478E-01
4.51667E+01 -3.65000E-01 -3.00840E-07 -3.64653E-01
4.53333E+01 -3.70000E-01 -3.02683E-07 -3.69524E-01
4.55000E+01 -3.75000E-01 -3.09594E-07 -3.74547E-01
4.56667E+01 -3.80000E-01 -3.15738E-07 -3.79571E-01
4.58333E+01 -3.85000E-01 -3.15123E-07 -3.84594E-01
