20/10/2020 10:56:16
time/s      E/V        I/A
0.00000E+00 -3.90000E-01 -9.59641E-08 -3.89770E-01
1.66667E-01 -3.85000E-01 -4.68183E-08 -3.84594E-01
3.33333E-01 -3.80000E-01 -2.45492E-08 -3.79571E-01
5.00000E-01 -3.75000E-01 -5.19805E-09 -3.74700E-01
6.66667E-01 -3.70000E-01 8.93135E-09  -3.69524E-01
8.33333E-01 -3.65000E-01 1.72247E-08  -3.64653E-01
1.00000E+00 -3.60000E-01 2.81289E-08  -3.59630E-01
1.16667E+00 -3.55000E-01 3.59615E-08  -3.54606E-01
1.33333E+00 -3.50000E-01 4.27190E-08  -3.49583E-01
1.50000E+00 -3.45000E-01 4.74800E-08  -3.44560E-01
1.66667E+00 -3.40000E-01 5.76163E-08  -3.39537E-01
1.83333E+00 -3.35000E-01 5.73092E-08  -3.34513E-01
2.00000E+00 -3.30000E-01 6.31452E-08  -3.29490E-01
2.16667E+00 -3.25000E-01 6.77526E-08  -3.24619E-01
2.33333E+00 -3.20000E-01 7.00563E-08  -3.19596E-01
2.50000E+00 -3.15000E-01 7.63531E-08  -3.14572E-01
2.66667E+00 -3.10000E-01 7.97319E-08  -3.09549E-01
2.83333E+00 -3.05000E-01 8.03462E-08  -3.04526E-01
3.00000E+00 -3.00000E-01 8.38786E-08  -2.99655E-01
3.16667E+00 -2.95000E-01 8.52608E-08  -2.94479E-01
3.33333E+00 -2.90000E-01 8.81788E-08  -2.89608E-01
3.50000E+00 -2.85000E-01 9.29398E-08  -2.84585E-01
3.66667E+00 -2.80000E-01 9.21719E-08  -2.79562E-01
3.83333E+00 -2.75000E-01 9.46292E-08  -2.74538E-01
4.00000E+00 -2.70000E-01 9.55507E-08  -2.69515E-01
4.16667E+00 -2.65000E-01 9.67793E-08  -2.64492E-01
4.33333E+00 -2.60000E-01 9.92366E-08  -2.59468E-01
4.50000E+00 -2.55000E-01 1.02155E-07  -2.54445E-01
4.66667E+00 -2.50000E-01 1.02615E-07  -2.49574E-01
4.83333E+00 -2.45000E-01 1.02462E-07  -2.44551E-01
5.00000E+00 -2.40000E-01 1.05687E-07  -2.39527E-01
5.16667E+00 -2.35000E-01 1.05841E-07  -2.34504E-01
5.33333E+00 -2.30000E-01 1.10448E-07  -2.29481E-01
5.50000E+00 -2.25000E-01 1.08759E-07  -2.24458E-01
5.66667E+00 -2.20000E-01 1.09219E-07  -2.19434E-01
5.83333E+00 -2.15000E-01 1.13366E-07  -2.14411E-01
6.00000E+00 -2.10000E-01 1.13366E-07  -2.09540E-01
6.16667E+00 -2.05000E-01 1.09526E-07  -2.04364E-01
6.33333E+00 -2.00000E-01 1.16438E-07  -1.99493E-01
6.50000E+00 -1.95000E-01 1.14287E-07  -1.94470E-01
6.66667E+00 -1.90000E-01 1.14902E-07  -1.89447E-01
6.83333E+00 -1.85000E-01 1.16438E-07  -1.84423E-01
7.00000E+00 -1.80000E-01 1.17666E-07  -1.79400E-01
7.16667E+00 -1.75000E-01 1.19816E-07  -1.74377E-01
7.33333E+00 -1.70000E-01 1.22120E-07  -1.69658E-01
7.50000E+00 -1.65000E-01 1.22274E-07  -1.64635E-01
7.66667E+00 -1.60000E-01 1.23195E-07  -1.59611E-01
7.83333E+00 -1.55000E-01 1.23042E-07  -1.54588E-01
8.00000E+00 -1.50000E-01 1.25192E-07  -1.49565E-01
8.16667E+00 -1.45000E-01 1.30413E-07  -1.44542E-01
8.33333E+00 -1.40000E-01 1.26881E-07  -1.39670E-01
8.50000E+00 -1.35000E-01 1.29492E-07  -1.34647E-01
8.66667E+00 -1.30000E-01 1.30721E-07  -1.29624E-01
8.83333E+00 -1.25000E-01 1.29338E-07  -1.24601E-01
9.00000E+00 -1.20000E-01 1.33024E-07  -1.19577E-01
9.16667E+00 -1.15000E-01 1.37325E-07  -1.14554E-01
9.33333E+00 -1.10000E-01 1.35328E-07  -1.09531E-01
9.50000E+00 -1.05000E-01 1.38092E-07  -1.04507E-01
9.66667E+00 -1.00000E-01 1.40550E-07  -9.94842E-02
9.83333E+00 -9.50000E-02 1.41164E-07  -9.46131E-02
1.00000E+01 -9.00000E-02 1.46847E-07  -8.95898E-02
1.01667E+01 -8.50000E-02 1.47307E-07  -8.47187E-02
1.03333E+01 -8.00000E-02 1.48229E-07  -7.95432E-02
1.05000E+01 -7.50000E-02 1.51454E-07  -7.45199E-02
1.06667E+01 -7.00000E-02 1.52068E-07  -6.94966E-02
1.08333E+01 -6.50000E-02 1.53143E-07  -6.46256E-02
1.10000E+01 -6.00000E-02 1.60822E-07  -5.94500E-02
1.11667E+01 -5.50000E-02 1.58211E-07  -5.45790E-02
1.13333E+01 -5.00000E-02 1.62972E-07  -4.95557E-02
1.15000E+01 -4.50000E-02 1.62819E-07  -4.45324E-02
1.16667E+01 -4.00000E-02 1.63587E-07  -3.95091E-02
1.18333E+01 -3.50000E-02 1.66044E-07  -3.44858E-02
1.20000E+01 -3.00000E-02 1.70805E-07  -2.94625E-02
1.21667E+01 -2.50000E-02 1.69116E-07  -2.44392E-02
1.23333E+01 -2.00000E-02 1.70805E-07  -1.94159E-02
1.25000E+01 -1.50000E-02 1.70191E-07  -1.46971E-02
1.26667E+01 -1.00000E-02 1.69116E-07  -9.67379E-03
1.28333E+01 -5.00000E-03 1.73570E-07  -4.80272E-03
1.30000E+01 8.13152E-18  1.72034E-07  2.20568E-04 
1.31667E+01 5.00000E-03  1.71727E-07  5.24386E-03 
1.33333E+01 1.00000E-02  1.71727E-07  1.04194E-02 
1.35000E+01 1.50000E-02  1.72034E-07  1.52904E-02 
1.36667E+01 2.00000E-02  1.72955E-07  2.03137E-02 
1.38333E+01 2.50000E-02  1.75873E-07  2.53370E-02 
1.40000E+01 3.00000E-02  1.73877E-07  3.03603E-02 
1.41667E+01 3.50000E-02  1.76180E-07  3.52314E-02 
1.43333E+01 4.00000E-02  1.77102E-07  4.04069E-02 
1.45000E+01 4.50000E-02  1.76948E-07  4.54302E-02 
1.46667E+01 5.00000E-02  1.81556E-07  5.04535E-02 
1.48333E+01 5.50000E-02  1.80173E-07  5.53246E-02 
1.50000E+01 6.00000E-02  1.81249E-07  6.03478E-02 
1.51667E+01 6.50000E-02  1.83245E-07  6.53711E-02 
1.53333E+01 7.00000E-02  1.84474E-07  7.02422E-02 
1.55000E+01 7.50000E-02  1.85395E-07  7.52655E-02 
1.56667E+01 8.00000E-02  1.92613E-07  8.02888E-02 
1.58333E+01 8.50000E-02  1.89081E-07  8.53121E-02 
1.60000E+01 9.00000E-02  1.92460E-07  9.03354E-02 
1.61667E+01 9.50000E-02  1.95071E-07  9.53587E-02 
1.63333E+01 1.00000E-01  1.95839E-07  1.00382E-01 
1.65000E+01 1.05000E-01  2.00753E-07  1.05405E-01 
1.66667E+01 1.10000E-01  2.04286E-07  1.10276E-01 
1.68333E+01 1.15000E-01  2.02903E-07  1.15300E-01 
1.70000E+01 1.20000E-01  2.07972E-07  1.20475E-01 
1.71667E+01 1.25000E-01  2.11504E-07  1.25498E-01 
1.73333E+01 1.30000E-01  2.12118E-07  1.30369E-01 
1.75000E+01 1.35000E-01  2.18569E-07  1.35393E-01 
1.76667E+01 1.40000E-01  2.19797E-07  1.40112E-01 
1.78333E+01 1.45000E-01  2.21947E-07  1.45287E-01 
1.80000E+01 1.50000E-01  2.27476E-07  1.50158E-01 
1.81667E+01 1.55000E-01  2.29166E-07  1.55182E-01 
1.83333E+01 1.60000E-01  2.32852E-07  1.60205E-01 
1.85000E+01 1.65000E-01  2.38995E-07  1.65380E-01 
1.86667E+01 1.70000E-01  2.35923E-07  1.70251E-01 
1.88333E+01 1.75000E-01  2.40991E-07  1.75275E-01 
1.90000E+01 1.80000E-01  2.43602E-07  1.80298E-01 
1.91667E+01 1.85000E-01  2.44216E-07  1.85321E-01 
1.93333E+01 1.90000E-01  2.50667E-07  1.90192E-01 
1.95000E+01 1.95000E-01  2.50360E-07  1.95216E-01 
1.96667E+01 2.00000E-01  2.53124E-07  2.00239E-01 
1.98333E+01 2.05000E-01  2.55121E-07  2.05414E-01 
2.00000E+01 2.10000E-01  2.59421E-07  2.10285E-01 
2.01667E+01 2.15000E-01  2.60957E-07  2.15309E-01 
2.03333E+01 2.20000E-01  2.70939E-07  2.20180E-01 
2.05000E+01 2.25000E-01  2.64643E-07  2.25355E-01 
2.06667E+01 2.30000E-01  2.73397E-07  2.30226E-01 
2.08333E+01 2.35000E-01  2.76468E-07  2.35250E-01 
2.10000E+01 2.40000E-01  2.80769E-07  2.40273E-01 
2.11667E+01 2.45000E-01  2.85683E-07  2.45296E-01 
2.13333E+01 2.50000E-01  2.94591E-07  2.50320E-01 
2.15000E+01 2.55000E-01  2.94744E-07  2.55343E-01 
2.16667E+01 2.60000E-01  3.01195E-07  2.60366E-01 
2.18333E+01 2.65000E-01  3.07645E-07  2.65237E-01 
2.20000E+01 2.70000E-01  3.13481E-07  2.70261E-01 
2.21667E+01 2.75000E-01  3.22850E-07  2.75284E-01 
2.23333E+01 2.80000E-01  3.27764E-07  2.80459E-01 
2.25000E+01 2.85000E-01  3.35443E-07  2.85330E-01 
2.26667E+01 2.90000E-01  3.41126E-07  2.90354E-01 
2.28333E+01 2.95000E-01  3.45272E-07  2.95377E-01 
2.30000E+01 3.00000E-01  3.54794E-07  3.00400E-01 
2.31667E+01 2.95000E-01  2.31162E-07  2.95225E-01 
2.33333E+01 2.90000E-01  1.65890E-07  2.90354E-01 
2.35000E+01 2.85000E-01  1.25499E-07  2.85330E-01 
2.36667E+01 2.80000E-01  9.41685E-08  2.80459E-01 
2.38333E+01 2.75000E-01  6.66776E-08  2.75284E-01 
2.40000E+01 2.70000E-01  5.03981E-08  2.70261E-01 
2.41667E+01 2.65000E-01  3.33506E-08  2.65237E-01 
2.43333E+01 2.60000E-01  1.55353E-08  2.60366E-01 
2.45000E+01 2.55000E-01  4.32394E-09  2.55343E-01 
2.46667E+01 2.50000E-01  -8.11607E-09 2.50320E-01 
2.48333E+01 2.45000E-01  -2.10168E-08 2.45296E-01 
2.50000E+01 2.40000E-01  -2.33205E-08 2.40273E-01 
2.51667E+01 2.35000E-01  -3.48391E-08 2.35250E-01 
2.53333E+01 2.30000E-01  -4.35931E-08 2.30226E-01 
2.55000E+01 2.25000E-01  -5.01971E-08 2.25355E-01 
2.56667E+01 2.20000E-01  -5.55724E-08 2.20180E-01 
2.58333E+01 2.15000E-01  -6.26371E-08 2.15309E-01 
2.60000E+01 2.10000E-01  -6.44801E-08 2.10285E-01 
2.61667E+01 2.05000E-01  -7.43092E-08 2.05414E-01 
2.63333E+01 2.00000E-01  -7.76880E-08 2.00239E-01 
2.65000E+01 1.95000E-01  -8.15275E-08 1.95216E-01 
2.66667E+01 1.90000E-01  -8.79779E-08 1.90192E-01 
2.68333E+01 1.85000E-01  -8.96673E-08 1.85321E-01 
2.70000E+01 1.80000E-01  -9.50426E-08 1.80298E-01 
2.71667E+01 1.75000E-01  -9.84213E-08 1.75275E-01 
2.73333E+01 1.70000E-01  -1.02261E-07 1.70251E-01 
2.75000E+01 1.65000E-01  -1.06100E-07 1.65228E-01 
2.76667E+01 1.60000E-01  -1.07636E-07 1.60205E-01 
2.78333E+01 1.55000E-01  -1.07790E-07 1.55182E-01 
2.80000E+01 1.50000E-01  -1.15162E-07 1.50158E-01 
2.81667E+01 1.45000E-01  -1.14547E-07 1.45135E-01 
2.83333E+01 1.40000E-01  -1.17926E-07 1.40112E-01 
2.85000E+01 1.35000E-01  -1.20383E-07 1.35393E-01 
2.86667E+01 1.30000E-01  -1.19769E-07 1.30369E-01 
2.88333E+01 1.25000E-01  -1.22533E-07 1.25498E-01 
2.90000E+01 1.20000E-01  -1.25912E-07 1.20323E-01 
2.91667E+01 1.15000E-01  -1.25298E-07 1.15300E-01 
2.93333E+01 1.10000E-01  -1.27294E-07 1.10276E-01 
2.95000E+01 1.05000E-01  -1.30980E-07 1.05405E-01 
2.96667E+01 1.00000E-01  -1.27294E-07 1.00382E-01 
2.98333E+01 9.50000E-02  -1.30980E-07 9.53587E-02 
3.00000E+01 9.00000E-02  -1.31595E-07 9.03354E-02 
3.01667E+01 8.50000E-02  -1.33284E-07 8.53121E-02 
3.03333E+01 8.00000E-02  -1.34052E-07 8.02888E-02 
3.05000E+01 7.50000E-02  -1.34513E-07 7.52655E-02 
3.06667E+01 7.00000E-02  -1.33898E-07 7.02422E-02 
3.08333E+01 6.50000E-02  -1.39581E-07 6.52189E-02 
3.10000E+01 6.00000E-02  -1.37584E-07 6.03478E-02 
3.11667E+01 5.50000E-02  -1.38659E-07 5.53246E-02 
3.13333E+01 5.00000E-02  -1.41424E-07 5.04535E-02 
3.15000E+01 4.50000E-02  -1.38045E-07 4.54302E-02 
3.16667E+01 4.00000E-02  -1.39581E-07 4.02547E-02 
3.18333E+01 3.50000E-02  -1.55553E-07 3.52314E-02 
3.20000E+01 3.00000E-02  -1.43420E-07 3.03603E-02 
3.21667E+01 2.50000E-02  -1.44188E-07 2.53370E-02 
3.23333E+01 2.00000E-02  -1.45878E-07 2.03137E-02 
3.25000E+01 1.50000E-02  -1.43420E-07 1.52904E-02 
3.26667E+01 1.00000E-02  -1.48642E-07 1.02672E-02 
3.28333E+01 5.00000E-03  -1.51099E-07 5.24386E-03 
3.30000E+01 8.13152E-18  -1.51407E-07 2.20568E-04 
3.31667E+01 -5.00000E-03 -1.53557E-07 -4.80272E-03
3.33333E+01 -1.00000E-02 -1.53250E-07 -9.67379E-03
3.35000E+01 -1.50000E-02 -1.54632E-07 -1.48493E-02
3.36667E+01 -2.00000E-02 -1.60929E-07 -1.94159E-02
3.38333E+01 -2.50000E-02 -1.61543E-07 -2.45914E-02
3.40000E+01 -3.00000E-02 -1.64307E-07 -2.94625E-02
3.41667E+01 -3.50000E-02 -1.66304E-07 -3.44858E-02
3.43333E+01 -4.00000E-02 -1.66457E-07 -3.95091E-02
3.45000E+01 -4.50000E-02 -1.67993E-07 -4.46846E-02
3.46667E+01 -5.00000E-02 -1.72908E-07 -4.95557E-02
3.48333E+01 -5.50000E-02 -1.75979E-07 -5.45790E-02
3.50000E+01 -6.00000E-02 -1.77054E-07 -5.96023E-02
3.51667E+01 -6.50000E-02 -1.78590E-07 -6.46256E-02
3.53333E+01 -7.00000E-02 -1.75672E-07 -6.94966E-02
3.55000E+01 -7.50000E-02 -1.81969E-07 -7.45199E-02
3.56667E+01 -8.00000E-02 -1.78744E-07 -7.96954E-02
3.58333E+01 -8.50000E-02 -1.80894E-07 -8.47187E-02
3.60000E+01 -9.00000E-02 -1.80894E-07 -8.95898E-02
3.61667E+01 -9.50000E-02 -1.78897E-07 -9.46131E-02
3.63333E+01 -1.00000E-01 -1.80126E-07 -9.96364E-02
3.65000E+01 -1.05000E-01 -1.80587E-07 -1.04660E-01
3.66667E+01 -1.10000E-01 -1.79665E-07 -1.09531E-01
3.68333E+01 -1.15000E-01 -1.81355E-07 -1.14554E-01
3.70000E+01 -1.20000E-01 -1.80894E-07 -1.19577E-01
3.71667E+01 -1.25000E-01 -1.76440E-07 -1.24601E-01
3.73333E+01 -1.30000E-01 -1.80894E-07 -1.29624E-01
3.75000E+01 -1.35000E-01 -1.78590E-07 -1.34647E-01
3.76667E+01 -1.40000E-01 -1.78283E-07 -1.39670E-01
3.78333E+01 -1.45000E-01 -1.79973E-07 -1.44542E-01
3.80000E+01 -1.50000E-01 -1.78744E-07 -1.49565E-01
3.81667E+01 -1.55000E-01 -1.76440E-07 -1.54740E-01
3.83333E+01 -1.60000E-01 -1.81508E-07 -1.59764E-01
3.85000E+01 -1.65000E-01 -1.81355E-07 -1.64635E-01
3.86667E+01 -1.70000E-01 -1.80126E-07 -1.69658E-01
3.88333E+01 -1.75000E-01 -1.83966E-07 -1.74377E-01
3.90000E+01 -1.80000E-01 -1.80894E-07 -1.79552E-01
3.91667E+01 -1.85000E-01 -1.83351E-07 -1.84423E-01
3.93333E+01 -1.90000E-01 -1.83658E-07 -1.89447E-01
3.95000E+01 -1.95000E-01 -1.84426E-07 -1.94470E-01
3.96667E+01 -2.00000E-01 -1.86269E-07 -1.99493E-01
3.98333E+01 -2.05000E-01 -1.86730E-07 -2.04517E-01
4.00000E+01 -2.10000E-01 -1.83351E-07 -2.09540E-01
4.01667E+01 -2.15000E-01 -1.88880E-07 -2.14563E-01
4.03333E+01 -2.20000E-01 -1.88880E-07 -2.19586E-01
4.05000E+01 -2.25000E-01 -1.89034E-07 -2.24458E-01
4.06667E+01 -2.30000E-01 -1.93641E-07 -2.29481E-01
4.08333E+01 -2.35000E-01 -1.91798E-07 -2.34504E-01
4.10000E+01 -2.40000E-01 -1.91952E-07 -2.39680E-01
4.11667E+01 -2.45000E-01 -1.96406E-07 -2.44551E-01
4.13333E+01 -2.50000E-01 -1.95638E-07 -2.49574E-01
4.15000E+01 -2.55000E-01 -1.97788E-07 -2.54445E-01
4.16667E+01 -2.60000E-01 -1.99784E-07 -2.59621E-01
4.18333E+01 -2.65000E-01 -1.96866E-07 -2.64492E-01
4.20000E+01 -2.70000E-01 -2.02088E-07 -2.69515E-01
4.21667E+01 -2.75000E-01 -2.03624E-07 -2.74538E-01
4.23333E+01 -2.80000E-01 -2.05620E-07 -2.79714E-01
4.25000E+01 -2.85000E-01 -2.06081E-07 -2.84585E-01
4.26667E+01 -2.90000E-01 -2.08999E-07 -2.89608E-01
4.28333E+01 -2.95000E-01 -2.08538E-07 -2.94631E-01
4.30000E+01 -3.00000E-01 -2.17139E-07 -2.99655E-01
4.31667E+01 -3.05000E-01 -2.16217E-07 -3.04526E-01
4.33333E+01 -3.10000E-01 -2.19136E-07 -3.09549E-01
4.35000E+01 -3.15000E-01 -2.21593E-07 -3.14725E-01
4.36667E+01 -3.20000E-01 -2.21746E-07 -3.19596E-01
4.38333E+01 -3.25000E-01 -2.26815E-07 -3.24619E-01
4.40000E+01 -3.30000E-01 -2.28965E-07 -3.29490E-01
4.41667E+01 -3.35000E-01 -2.30654E-07 -3.34666E-01
4.43333E+01 -3.40000E-01 -2.41098E-07 -3.39537E-01
4.45000E+01 -3.45000E-01 -2.36337E-07 -3.44560E-01
4.46667E+01 -3.50000E-01 -2.35722E-07 -3.49583E-01
4.48333E+01 -3.55000E-01 -2.55380E-07 -3.54759E-01
4.50000E+01 -3.60000E-01 -2.47241E-07 -3.59630E-01
4.51667E+01 -3.65000E-01 -2.50005E-07 -3.64653E-01
4.53333E+01 -3.70000E-01 -2.54920E-07 -3.69676E-01
4.55000E+01 -3.75000E-01 -2.56302E-07 -3.74700E-01
4.56667E+01 -3.80000E-01 -2.58759E-07 -3.79571E-01
4.58333E+01 -3.85000E-01 -2.67360E-07 -3.84746E-01
