20/10/2020 10:13:07
time/s      E/V        I/A
0.00000E+00 -3.90000E-01 -9.19710E-08 -3.89617E-01
1.66667E-01 -3.85000E-01 -4.15966E-08 -3.84594E-01
3.33333E-01 -3.80000E-01 -1.07269E-08 -3.79419E-01
5.00000E-01 -3.75000E-01 7.91588E-10  -3.74547E-01
6.66667E-01 -3.70000E-01 1.43067E-08  -3.69524E-01
8.33333E-01 -3.65000E-01 2.41358E-08  -3.64501E-01
1.00000E+00 -3.60000E-01 2.96647E-08  -3.59478E-01
1.16667E+00 -3.55000E-01 4.11832E-08  -3.54606E-01
1.33333E+00 -3.50000E-01 5.34697E-08  -3.49431E-01
1.50000E+00 -3.45000E-01 5.42376E-08  -3.44408E-01
1.66667E+00 -3.40000E-01 6.20702E-08  -3.39384E-01
1.83333E+00 -3.35000E-01 6.29916E-08  -3.34513E-01
2.00000E+00 -3.30000E-01 6.37595E-08  -3.29338E-01
2.16667E+00 -3.25000E-01 7.45102E-08  -3.24467E-01
2.33333E+00 -3.20000E-01 7.83497E-08  -3.19443E-01
2.50000E+00 -3.15000E-01 8.06534E-08  -3.14572E-01
2.66667E+00 -3.10000E-01 8.20356E-08  -3.09397E-01
2.83333E+00 -3.05000E-01 8.32643E-08  -3.04374E-01
3.00000E+00 -3.00000E-01 8.80252E-08  -2.99503E-01
3.16667E+00 -2.95000E-01 9.57043E-08  -2.94479E-01
3.33333E+00 -2.90000E-01 9.12504E-08  -2.89456E-01
3.50000E+00 -2.85000E-01 9.60114E-08  -2.84433E-01
3.66667E+00 -2.80000E-01 9.70865E-08  -2.79409E-01
3.83333E+00 -2.75000E-01 9.87759E-08  -2.74386E-01
4.00000E+00 -2.70000E-01 1.05533E-07  -2.69363E-01
4.16667E+00 -2.65000E-01 1.02769E-07  -2.64339E-01
4.33333E+00 -2.60000E-01 1.00619E-07  -2.59468E-01
4.50000E+00 -2.55000E-01 1.05073E-07  -2.54293E-01
4.66667E+00 -2.50000E-01 1.05841E-07  -2.49422E-01
4.83333E+00 -2.45000E-01 1.05994E-07  -2.44399E-01
5.00000E+00 -2.40000E-01 1.12291E-07  -2.39527E-01
5.16667E+00 -2.35000E-01 1.08605E-07  -2.34352E-01
5.33333E+00 -2.30000E-01 1.10294E-07  -2.29329E-01
5.50000E+00 -2.25000E-01 1.12445E-07  -2.24305E-01
5.66667E+00 -2.20000E-01 1.11216E-07  -2.19434E-01
5.83333E+00 -2.15000E-01 1.15055E-07  -2.14411E-01
6.00000E+00 -2.10000E-01 1.21045E-07  -2.09388E-01
6.16667E+00 -2.05000E-01 1.17820E-07  -2.04364E-01
6.33333E+00 -2.00000E-01 1.19202E-07  -1.99341E-01
6.50000E+00 -1.95000E-01 1.19048E-07  -1.94318E-01
6.66667E+00 -1.90000E-01 1.16745E-07  -1.89295E-01
6.83333E+00 -1.85000E-01 1.24424E-07  -1.84271E-01
7.00000E+00 -1.80000E-01 1.25806E-07  -1.79400E-01
7.16667E+00 -1.75000E-01 1.25192E-07  -1.74225E-01
7.33333E+00 -1.70000E-01 1.24424E-07  -1.69506E-01
7.50000E+00 -1.65000E-01 1.23809E-07  -1.64483E-01
7.66667E+00 -1.60000E-01 1.25806E-07  -1.59611E-01
7.83333E+00 -1.55000E-01 1.60976E-07  -1.54588E-01
8.00000E+00 -1.50000E-01 1.29799E-07  -1.49565E-01
8.16667E+00 -1.45000E-01 1.34253E-07  -1.44542E-01
8.33333E+00 -1.40000E-01 1.32717E-07  -1.39518E-01
8.50000E+00 -1.35000E-01 1.33485E-07  -1.34495E-01
8.66667E+00 -1.30000E-01 1.37785E-07  -1.29472E-01
8.83333E+00 -1.25000E-01 1.37785E-07  -1.24601E-01
9.00000E+00 -1.20000E-01 1.35635E-07  -1.19577E-01
9.16667E+00 -1.15000E-01 1.42239E-07  -1.14554E-01
9.33333E+00 -1.10000E-01 1.43314E-07  -1.09379E-01
9.50000E+00 -1.05000E-01 1.41471E-07  -1.04507E-01
9.66667E+00 -1.00000E-01 1.50072E-07  -9.94842E-02
9.83333E+00 -9.50000E-02 1.47768E-07  -9.46131E-02
1.00000E+01 -9.00000E-02 1.50225E-07  -8.94376E-02
1.01667E+01 -8.50000E-02 1.53604E-07  -8.45665E-02
1.03333E+01 -8.00000E-02 1.57136E-07  -7.95432E-02
1.05000E+01 -7.50000E-02 1.60054E-07  -7.45199E-02
1.06667E+01 -7.00000E-02 1.67426E-07  -6.94966E-02
1.08333E+01 -6.50000E-02 1.64662E-07  -6.44733E-02
1.10000E+01 -6.00000E-02 1.68501E-07  -5.94500E-02
1.11667E+01 -5.50000E-02 1.69116E-07  -5.44268E-02
1.13333E+01 -5.00000E-02 1.70498E-07  -4.94035E-02
1.15000E+01 -4.50000E-02 1.78638E-07  -4.45324E-02
1.16667E+01 -4.00000E-02 1.82477E-07  -3.95091E-02
1.18333E+01 -3.50000E-02 1.83399E-07  -3.44858E-02
1.20000E+01 -3.00000E-02 1.82631E-07  -2.93103E-02
1.21667E+01 -2.50000E-02 1.81402E-07  -2.44392E-02
1.23333E+01 -2.00000E-02 1.83245E-07  -1.94159E-02
1.25000E+01 -1.50000E-02 1.87852E-07  -1.46971E-02
1.26667E+01 -1.00000E-02 1.86777E-07  -9.67379E-03
1.28333E+01 -5.00000E-03 1.86624E-07  -4.65050E-03
1.30000E+01 8.13152E-18  1.88467E-07  3.72789E-04 
1.31667E+01 5.00000E-03  1.86470E-07  5.39608E-03 
1.33333E+01 1.00000E-02  1.88467E-07  1.04194E-02 
1.35000E+01 1.50000E-02  1.87545E-07  1.52904E-02 
1.36667E+01 2.00000E-02  1.84627E-07  2.04660E-02 
1.38333E+01 2.50000E-02  1.87545E-07  2.53370E-02 
1.40000E+01 3.00000E-02  1.89388E-07  3.03603E-02 
1.41667E+01 3.50000E-02  1.90003E-07  3.53836E-02 
1.43333E+01 4.00000E-02  1.90924E-07  4.04069E-02 
1.45000E+01 4.50000E-02  1.88774E-07  4.54302E-02 
1.46667E+01 5.00000E-02  1.89849E-07  5.04535E-02 
1.48333E+01 5.50000E-02  1.91999E-07  5.54768E-02 
1.50000E+01 6.00000E-02  1.94149E-07  6.03478E-02 
1.51667E+01 6.50000E-02  1.95224E-07  6.53711E-02 
1.53333E+01 7.00000E-02  2.00446E-07  7.03944E-02 
1.55000E+01 7.50000E-02  1.99217E-07  7.54177E-02 
1.56667E+01 8.00000E-02  2.00139E-07  8.04410E-02 
1.58333E+01 8.50000E-02  2.01521E-07  8.54643E-02 
1.60000E+01 9.00000E-02  2.02135E-07  9.03354E-02 
1.61667E+01 9.50000E-02  2.08893E-07  9.55109E-02 
1.63333E+01 1.00000E-01  2.11043E-07  1.00382E-01 
1.65000E+01 1.05000E-01  2.11965E-07  1.05405E-01 
1.66667E+01 1.10000E-01  2.12579E-07  1.10429E-01 
1.68333E+01 1.15000E-01  2.13040E-07  1.15452E-01 
1.70000E+01 1.20000E-01  2.15958E-07  1.20475E-01 
1.71667E+01 1.25000E-01  2.25940E-07  1.25498E-01 
1.73333E+01 1.30000E-01  2.23637E-07  1.30522E-01 
1.75000E+01 1.35000E-01  2.29473E-07  1.35545E-01 
1.76667E+01 1.40000E-01  2.29473E-07  1.40264E-01 
1.78333E+01 1.45000E-01  2.34695E-07  1.45287E-01 
1.80000E+01 1.50000E-01  2.38380E-07  1.50310E-01 
1.81667E+01 1.55000E-01  2.43449E-07  1.55334E-01 
1.83333E+01 1.60000E-01  2.43141E-07  1.60357E-01 
1.85000E+01 1.65000E-01  2.48056E-07  1.65380E-01 
1.86667E+01 1.70000E-01  2.50820E-07  1.70251E-01 
1.88333E+01 1.75000E-01  2.53585E-07  1.75427E-01 
1.90000E+01 1.80000E-01  2.57578E-07  1.80298E-01 
1.91667E+01 1.85000E-01  2.57578E-07  1.85321E-01 
1.93333E+01 1.90000E-01  2.62953E-07  1.90345E-01 
1.95000E+01 1.95000E-01  2.65411E-07  1.95368E-01 
1.96667E+01 2.00000E-01  2.69404E-07  2.00391E-01 
1.98333E+01 2.05000E-01  2.73397E-07  2.05414E-01 
2.00000E+01 2.10000E-01  2.79694E-07  2.10438E-01 
2.01667E+01 2.15000E-01  2.79540E-07  2.15461E-01 
2.03333E+01 2.20000E-01  2.84455E-07  2.20332E-01 
2.05000E+01 2.25000E-01  2.89062E-07  2.25355E-01 
2.06667E+01 2.30000E-01  2.92441E-07  2.30379E-01 
2.08333E+01 2.35000E-01  2.99813E-07  2.35402E-01 
2.10000E+01 2.40000E-01  3.04266E-07  2.40425E-01 
2.11667E+01 2.45000E-01  3.06417E-07  2.45449E-01 
2.13333E+01 2.50000E-01  3.09642E-07  2.50320E-01 
2.15000E+01 2.55000E-01  3.13942E-07  2.55343E-01 
2.16667E+01 2.60000E-01  3.20085E-07  2.60366E-01 
2.18333E+01 2.65000E-01  3.33447E-07  2.65389E-01 
2.20000E+01 2.70000E-01  3.32372E-07  2.70413E-01 
2.21667E+01 2.75000E-01  3.40972E-07  2.75436E-01 
2.23333E+01 2.80000E-01  3.42662E-07  2.80459E-01 
2.25000E+01 2.85000E-01  3.50187E-07  2.85483E-01 
2.26667E+01 2.90000E-01  3.58787E-07  2.90506E-01 
2.28333E+01 2.95000E-01  3.70152E-07  2.95377E-01 
2.30000E+01 3.00000E-01  3.69845E-07  3.00400E-01 
2.31667E+01 2.95000E-01  2.42681E-07  2.95377E-01 
2.33333E+01 2.90000E-01  1.79406E-07  2.90506E-01 
2.35000E+01 2.85000E-01  1.34099E-07  2.85483E-01 
2.36667E+01 2.80000E-01  1.03383E-07  2.80459E-01 
2.38333E+01 2.75000E-01  7.22065E-08  2.75436E-01 
2.40000E+01 2.70000E-01  5.36232E-08  2.70413E-01 
2.41667E+01 2.65000E-01  3.81116E-08  2.65389E-01 
2.43333E+01 2.60000E-01  2.04499E-08  2.60366E-01 
2.45000E+01 2.55000E-01  5.70616E-09  2.55343E-01 
2.46667E+01 2.50000E-01  -4.43014E-09 2.50320E-01 
2.48333E+01 2.45000E-01  -2.10168E-08 2.45449E-01 
2.50000E+01 2.40000E-01  -2.74672E-08 2.40425E-01 
2.51667E+01 2.35000E-01  -3.43783E-08 2.35402E-01 
2.53333E+01 2.30000E-01  -4.49754E-08 2.30226E-01 
2.55000E+01 2.25000E-01  -5.06578E-08 2.25355E-01 
2.56667E+01 2.20000E-01  -5.38830E-08 2.20332E-01 
2.58333E+01 2.15000E-01  -6.67838E-08 2.15461E-01 
2.60000E+01 2.10000E-01  -7.24663E-08 2.10285E-01 
2.61667E+01 2.05000E-01  -7.73808E-08 2.05414E-01 
2.63333E+01 2.00000E-01  -8.39848E-08 2.00391E-01 
2.65000E+01 1.95000E-01  -8.26026E-08 1.95368E-01 
2.66667E+01 1.90000E-01  -9.07423E-08 1.90345E-01 
2.68333E+01 1.85000E-01  -9.51962E-08 1.85321E-01 
2.70000E+01 1.80000E-01  -1.00418E-07 1.80298E-01 
2.71667E+01 1.75000E-01  -1.06868E-07 1.75275E-01 
2.73333E+01 1.70000E-01  -1.08097E-07 1.70251E-01 
2.75000E+01 1.65000E-01  -1.06868E-07 1.65380E-01 
2.76667E+01 1.60000E-01  -1.16851E-07 1.60357E-01 
2.78333E+01 1.55000E-01  -1.16390E-07 1.55182E-01 
2.80000E+01 1.50000E-01  -1.19001E-07 1.50158E-01 
2.81667E+01 1.45000E-01  -1.24223E-07 1.45287E-01 
2.83333E+01 1.40000E-01  -1.25451E-07 1.40264E-01 
2.85000E+01 1.35000E-01  -1.26987E-07 1.35545E-01 
2.86667E+01 1.30000E-01  -1.28677E-07 1.30369E-01 
2.88333E+01 1.25000E-01  -1.28830E-07 1.25498E-01 
2.90000E+01 1.20000E-01  -1.31595E-07 1.20475E-01 
2.91667E+01 1.15000E-01  -1.34666E-07 1.15452E-01 
2.93333E+01 1.10000E-01  -1.32055E-07 1.10429E-01 
2.95000E+01 1.05000E-01  -1.37738E-07 1.05405E-01 
2.96667E+01 1.00000E-01  -1.36509E-07 1.00382E-01 
2.98333E+01 9.50000E-02  -1.35895E-07 9.53587E-02 
3.00000E+01 9.00000E-02  -1.38199E-07 9.03354E-02 
3.01667E+01 8.50000E-02  -1.38352E-07 8.54643E-02 
3.03333E+01 8.00000E-02  -1.34052E-07 8.04410E-02 
3.05000E+01 7.50000E-02  -1.39888E-07 7.52655E-02 
3.06667E+01 7.00000E-02  -1.40810E-07 7.02422E-02 
3.08333E+01 6.50000E-02  -1.40656E-07 6.53711E-02 
3.10000E+01 6.00000E-02  -1.43728E-07 6.03478E-02 
3.11667E+01 5.50000E-02  -1.38352E-07 5.53246E-02 
3.13333E+01 5.00000E-02  -1.42038E-07 5.04535E-02 
3.15000E+01 4.50000E-02  -1.46031E-07 4.54302E-02 
3.16667E+01 4.00000E-02  -1.48028E-07 4.04069E-02 
3.18333E+01 3.50000E-02  -1.50024E-07 3.53836E-02 
3.20000E+01 3.00000E-02  -1.48796E-07 3.03603E-02 
3.21667E+01 2.50000E-02  -1.44035E-07 2.53370E-02 
3.23333E+01 2.00000E-02  -1.52482E-07 2.03137E-02 
3.25000E+01 1.50000E-02  -1.52789E-07 1.52904E-02 
3.26667E+01 1.00000E-02  -1.55400E-07 1.04194E-02 
3.28333E+01 5.00000E-03  -1.59086E-07 5.39608E-03 
3.30000E+01 8.13152E-18  -1.56628E-07 3.72789E-04 
3.31667E+01 -5.00000E-03 -1.57703E-07 -4.80272E-03
3.33333E+01 -1.00000E-02 -1.64307E-07 -9.67379E-03
3.35000E+01 -1.50000E-02 -1.64768E-07 -1.46971E-02
3.36667E+01 -2.00000E-02 -1.68761E-07 -1.94159E-02
3.38333E+01 -2.50000E-02 -1.74904E-07 -2.44392E-02
3.40000E+01 -3.00000E-02 -1.73676E-07 -2.94625E-02
3.41667E+01 -3.50000E-02 -1.76440E-07 -3.44858E-02
3.43333E+01 -4.00000E-02 -1.80280E-07 -3.95091E-02
3.45000E+01 -4.50000E-02 -2.00399E-07 -4.45324E-02
3.46667E+01 -5.00000E-02 -2.15603E-07 -4.94035E-02
3.48333E+01 -5.50000E-02 -1.90109E-07 -5.45790E-02
3.50000E+01 -6.00000E-02 -1.85809E-07 -5.94500E-02
3.51667E+01 -6.50000E-02 -1.93334E-07 -6.44733E-02
3.53333E+01 -7.00000E-02 -1.92720E-07 -6.94966E-02
3.55000E+01 -7.50000E-02 -2.04545E-07 -7.45199E-02
3.56667E+01 -8.00000E-02 -1.94870E-07 -7.95432E-02
3.58333E+01 -8.50000E-02 -1.92259E-07 -8.45665E-02
3.60000E+01 -9.00000E-02 -1.94563E-07 -8.95898E-02
3.61667E+01 -9.50000E-02 -1.93641E-07 -9.46131E-02
3.63333E+01 -1.00000E-01 -1.94716E-07 -9.94842E-02
3.65000E+01 -1.05000E-01 -1.93795E-07 -1.04507E-01
3.66667E+01 -1.10000E-01 -1.95331E-07 -1.09531E-01
3.68333E+01 -1.15000E-01 -1.87191E-07 -1.14554E-01
3.70000E+01 -1.20000E-01 -1.97634E-07 -1.19577E-01
3.71667E+01 -1.25000E-01 -1.91798E-07 -1.24601E-01
3.73333E+01 -1.30000E-01 -1.91337E-07 -1.29624E-01
3.75000E+01 -1.35000E-01 -1.90416E-07 -1.34647E-01
3.76667E+01 -1.40000E-01 -1.89034E-07 -1.39518E-01
3.78333E+01 -1.45000E-01 -1.86423E-07 -1.44542E-01
3.80000E+01 -1.50000E-01 -1.93334E-07 -1.49565E-01
3.81667E+01 -1.55000E-01 -1.89495E-07 -1.54588E-01
3.83333E+01 -1.60000E-01 -1.89034E-07 -1.59611E-01
3.85000E+01 -1.65000E-01 -1.90877E-07 -1.64635E-01
3.86667E+01 -1.70000E-01 -1.87344E-07 -1.69658E-01
3.88333E+01 -1.75000E-01 -1.90877E-07 -1.74377E-01
3.90000E+01 -1.80000E-01 -1.91030E-07 -1.79400E-01
3.91667E+01 -1.85000E-01 -1.90877E-07 -1.84271E-01
3.93333E+01 -1.90000E-01 -1.93488E-07 -1.89447E-01
3.95000E+01 -1.95000E-01 -1.95791E-07 -1.94470E-01
3.96667E+01 -2.00000E-01 -1.88266E-07 -1.99493E-01
3.98333E+01 -2.05000E-01 -1.95791E-07 -2.04364E-01
4.00000E+01 -2.10000E-01 -1.93334E-07 -2.09388E-01
4.01667E+01 -2.15000E-01 -1.96559E-07 -2.14411E-01
4.03333E+01 -2.20000E-01 -2.01167E-07 -2.19434E-01
4.05000E+01 -2.25000E-01 -1.95177E-07 -2.24458E-01
4.06667E+01 -2.30000E-01 -1.96252E-07 -2.29481E-01
4.08333E+01 -2.35000E-01 -1.99016E-07 -2.34504E-01
4.10000E+01 -2.40000E-01 -2.00859E-07 -2.39527E-01
4.11667E+01 -2.45000E-01 -2.05467E-07 -2.44551E-01
4.13333E+01 -2.50000E-01 -2.06542E-07 -2.49574E-01
4.15000E+01 -2.55000E-01 -1.98863E-07 -2.54445E-01
4.16667E+01 -2.60000E-01 -2.07771E-07 -2.59468E-01
4.18333E+01 -2.65000E-01 -2.07156E-07 -2.64492E-01
4.20000E+01 -2.70000E-01 -2.09153E-07 -2.69515E-01
4.21667E+01 -2.75000E-01 -2.13299E-07 -2.74538E-01
4.23333E+01 -2.80000E-01 -2.13760E-07 -2.79562E-01
4.25000E+01 -2.85000E-01 -2.10074E-07 -2.84433E-01
4.26667E+01 -2.90000E-01 -2.20825E-07 -2.89608E-01
4.28333E+01 -2.95000E-01 -2.16525E-07 -2.94479E-01
4.30000E+01 -3.00000E-01 -2.18828E-07 -2.99503E-01
4.31667E+01 -3.05000E-01 -2.22514E-07 -3.04526E-01
4.33333E+01 -3.10000E-01 -2.19750E-07 -3.09549E-01
4.35000E+01 -3.15000E-01 -2.25739E-07 -3.14572E-01
4.36667E+01 -3.20000E-01 -2.31576E-07 -3.19596E-01
4.38333E+01 -3.25000E-01 -2.32804E-07 -3.24619E-01
4.40000E+01 -3.30000E-01 -2.35108E-07 -3.29490E-01
4.41667E+01 -3.35000E-01 -2.37412E-07 -3.34513E-01
4.43333E+01 -3.40000E-01 -2.34801E-07 -3.39537E-01
4.45000E+01 -3.45000E-01 -2.45398E-07 -3.44560E-01
4.46667E+01 -3.50000E-01 -2.46473E-07 -3.49583E-01
4.48333E+01 -3.55000E-01 -2.52770E-07 -3.54606E-01
4.50000E+01 -3.60000E-01 -2.54920E-07 -3.59630E-01
4.51667E+01 -3.65000E-01 -2.51080E-07 -3.64653E-01
4.53333E+01 -3.70000E-01 -2.57223E-07 -3.69524E-01
4.55000E+01 -3.75000E-01 -2.62906E-07 -3.74700E-01
4.56667E+01 -3.80000E-01 -2.65824E-07 -3.79571E-01
4.58333E+01 -3.85000E-01 -2.72735E-07 -3.84594E-01
