20/10/2020 09:51:26
time/s      E/V        I/A
0.00000E+00 -3.90000E-01 -1.84580E-07 -3.89617E-01
1.66667E-01 -3.85000E-01 -1.21305E-07 -3.84594E-01
3.33333E-01 -3.80000E-01 -8.61349E-08 -3.79419E-01
5.00000E-01 -3.75000E-01 -6.34050E-08 -3.74547E-01
6.66667E-01 -3.70000E-01 -4.29788E-08 -3.69524E-01
8.33333E-01 -3.65000E-01 -2.86958E-08 -3.64501E-01
1.00000E+00 -3.60000E-01 -1.33378E-08 -3.59478E-01
1.16667E+00 -3.55000E-01 -1.35854E-09 -3.54606E-01
1.33333E+00 -3.50000E-01 1.29244E-08  -3.49583E-01
1.50000E+00 -3.45000E-01 1.99891E-08  -3.44408E-01
1.66667E+00 -3.40000E-01 3.02790E-08  -3.39384E-01
1.83333E+00 -3.35000E-01 3.70366E-08  -3.34513E-01
2.00000E+00 -3.30000E-01 4.30262E-08  -3.29490E-01
2.16667E+00 -3.25000E-01 5.23946E-08  -3.24467E-01
2.33333E+00 -3.20000E-01 5.71556E-08  -3.19443E-01
2.50000E+00 -3.15000E-01 6.25309E-08  -3.14572E-01
2.66667E+00 -3.10000E-01 6.59097E-08  -3.09549E-01
2.83333E+00 -3.05000E-01 7.09778E-08  -3.04374E-01
3.00000E+00 -3.00000E-01 7.60460E-08  -2.99503E-01
3.16667E+00 -2.95000E-01 8.37250E-08  -2.94479E-01
3.33333E+00 -2.90000E-01 8.34178E-08  -2.89456E-01
3.50000E+00 -2.85000E-01 8.84860E-08  -2.84433E-01
3.66667E+00 -2.80000E-01 8.80252E-08  -2.79562E-01
3.83333E+00 -2.75000E-01 9.18648E-08  -2.74386E-01
4.00000E+00 -2.70000E-01 9.67793E-08  -2.69363E-01
4.16667E+00 -2.65000E-01 1.00005E-07  -2.64339E-01
4.33333E+00 -2.60000E-01 1.02001E-07  -2.59468E-01
4.50000E+00 -2.55000E-01 1.05533E-07  -2.54445E-01
4.66667E+00 -2.50000E-01 1.06148E-07  -2.49422E-01
4.83333E+00 -2.45000E-01 1.07069E-07  -2.44399E-01
5.00000E+00 -2.40000E-01 1.12905E-07  -2.39527E-01
5.16667E+00 -2.35000E-01 1.13212E-07  -2.34504E-01
5.33333E+00 -2.30000E-01 1.15823E-07  -2.29481E-01
5.50000E+00 -2.25000E-01 1.17052E-07  -2.24305E-01
5.66667E+00 -2.20000E-01 1.18895E-07  -2.19434E-01
5.83333E+00 -2.15000E-01 1.20891E-07  -2.14411E-01
6.00000E+00 -2.10000E-01 1.24117E-07  -2.09388E-01
6.16667E+00 -2.05000E-01 1.25499E-07  -2.04364E-01
6.33333E+00 -2.00000E-01 1.25652E-07  -1.99493E-01
6.50000E+00 -1.95000E-01 1.28878E-07  -1.94318E-01
6.66667E+00 -1.90000E-01 1.29799E-07  -1.89295E-01
6.83333E+00 -1.85000E-01 1.34560E-07  -1.84271E-01
7.00000E+00 -1.80000E-01 1.36557E-07  -1.79400E-01
7.16667E+00 -1.75000E-01 1.36096E-07  -1.74225E-01
7.33333E+00 -1.70000E-01 1.36864E-07  -1.69506E-01
7.50000E+00 -1.65000E-01 1.39628E-07  -1.64483E-01
7.66667E+00 -1.60000E-01 1.40857E-07  -1.59611E-01
7.83333E+00 -1.55000E-01 1.48536E-07  -1.54588E-01
8.00000E+00 -1.50000E-01 1.45157E-07  -1.49565E-01
8.16667E+00 -1.45000E-01 1.47768E-07  -1.44542E-01
8.33333E+00 -1.40000E-01 1.48997E-07  -1.39518E-01
8.50000E+00 -1.35000E-01 1.52683E-07  -1.34495E-01
8.66667E+00 -1.30000E-01 1.56829E-07  -1.29472E-01
8.83333E+00 -1.25000E-01 1.62051E-07  -1.24601E-01
9.00000E+00 -1.20000E-01 1.64048E-07  -1.19577E-01
9.16667E+00 -1.15000E-01 1.67887E-07  -1.14402E-01
9.33333E+00 -1.10000E-01 1.72494E-07  -1.09379E-01
9.50000E+00 -1.05000E-01 1.75873E-07  -1.04507E-01
9.66667E+00 -1.00000E-01 1.85702E-07  -9.94842E-02
9.83333E+00 -9.50000E-02 1.85702E-07  -9.46131E-02
1.00000E+01 -9.00000E-02 1.94149E-07  -8.94376E-02
1.01667E+01 -8.50000E-02 1.89542E-07  -8.45665E-02
1.03333E+01 -8.00000E-02 2.07204E-07  -7.95432E-02
1.05000E+01 -7.50000E-02 2.12733E-07  -7.45199E-02
1.06667E+01 -7.00000E-02 2.25019E-07  -6.93444E-02
1.08333E+01 -6.50000E-02 2.28398E-07  -6.44733E-02
1.10000E+01 -6.00000E-02 2.34848E-07  -5.94500E-02
1.11667E+01 -5.50000E-02 2.41606E-07  -5.44268E-02
1.13333E+01 -5.00000E-02 2.46981E-07  -4.94035E-02
1.15000E+01 -4.50000E-02 2.52971E-07  -4.45324E-02
1.16667E+01 -4.00000E-02 2.58039E-07  -3.95091E-02
1.18333E+01 -3.50000E-02 2.60342E-07  -3.43336E-02
1.20000E+01 -3.00000E-02 2.60035E-07  -2.93103E-02
1.21667E+01 -2.50000E-02 2.59882E-07  -2.44392E-02
1.23333E+01 -2.00000E-02 2.58346E-07  -1.94159E-02
1.25000E+01 -1.50000E-02 2.61725E-07  -1.46971E-02
1.26667E+01 -1.00000E-02 2.55889E-07  -9.67379E-03
1.28333E+01 -5.00000E-03 2.54046E-07  -4.65050E-03
1.30000E+01 8.13152E-18  2.50974E-07  3.72789E-04 
1.31667E+01 5.00000E-03  2.47442E-07  5.39608E-03 
1.33333E+01 1.00000E-02  2.45906E-07  1.04194E-02 
1.35000E+01 1.50000E-02  2.44370E-07  1.54427E-02 
1.36667E+01 2.00000E-02  2.38380E-07  2.04660E-02 
1.38333E+01 2.50000E-02  2.35002E-07  2.53370E-02 
1.40000E+01 3.00000E-02  2.35923E-07  3.03603E-02 
1.41667E+01 3.50000E-02  2.33773E-07  3.53836E-02 
1.43333E+01 4.00000E-02  2.34848E-07  4.04069E-02 
1.45000E+01 4.50000E-02  2.31776E-07  4.54302E-02 
1.46667E+01 5.00000E-02  2.30701E-07  5.04535E-02 
1.48333E+01 5.50000E-02  2.30548E-07  5.54768E-02 
1.50000E+01 6.00000E-02  2.30548E-07  6.03478E-02 
1.51667E+01 6.50000E-02  2.30701E-07  6.53711E-02 
1.53333E+01 7.00000E-02  2.34541E-07  7.03944E-02 
1.55000E+01 7.50000E-02  2.31469E-07  7.54177E-02 
1.56667E+01 8.00000E-02  2.33466E-07  8.04410E-02 
1.58333E+01 8.50000E-02  2.34848E-07  8.54643E-02 
1.60000E+01 9.00000E-02  2.34695E-07  9.04876E-02 
1.61667E+01 9.50000E-02  2.40070E-07  9.55109E-02 
1.63333E+01 1.00000E-01  2.40531E-07  1.00382E-01 
1.65000E+01 1.05000E-01  2.44063E-07  1.05405E-01 
1.66667E+01 1.10000E-01  2.46213E-07  1.10429E-01 
1.68333E+01 1.15000E-01  2.47749E-07  1.15452E-01 
1.70000E+01 1.20000E-01  2.48977E-07  1.20475E-01 
1.71667E+01 1.25000E-01  2.57732E-07  1.25498E-01 
1.73333E+01 1.30000E-01  2.55581E-07  1.30522E-01 
1.75000E+01 1.35000E-01  2.61725E-07  1.35545E-01 
1.76667E+01 1.40000E-01  2.64028E-07  1.40264E-01 
1.78333E+01 1.45000E-01  2.66793E-07  1.45287E-01 
1.80000E+01 1.50000E-01  2.73397E-07  1.50310E-01 
1.81667E+01 1.55000E-01  2.81229E-07  1.55334E-01 
1.83333E+01 1.60000E-01  2.79694E-07  1.60357E-01 
1.85000E+01 1.65000E-01  2.87065E-07  1.65380E-01 
1.86667E+01 1.70000E-01  2.93669E-07  1.70251E-01 
1.88333E+01 1.75000E-01  2.97355E-07  1.75427E-01 
1.90000E+01 1.80000E-01  3.08567E-07  1.80298E-01 
1.91667E+01 1.85000E-01  3.13481E-07  1.85473E-01 
1.93333E+01 1.90000E-01  3.16399E-07  1.90345E-01 
1.95000E+01 1.95000E-01  3.21775E-07  1.95368E-01 
1.96667E+01 2.00000E-01  3.28071E-07  2.00391E-01 
1.98333E+01 2.05000E-01  3.37440E-07  2.05414E-01 
2.00000E+01 2.10000E-01  3.46808E-07  2.10438E-01 
2.01667E+01 2.15000E-01  3.48344E-07  2.15461E-01 
2.03333E+01 2.20000E-01  3.57712E-07  2.20332E-01 
2.05000E+01 2.25000E-01  3.64009E-07  2.25355E-01 
2.06667E+01 2.30000E-01  3.68156E-07  2.30379E-01 
2.08333E+01 2.35000E-01  3.81364E-07  2.35402E-01 
2.10000E+01 2.40000E-01  3.88889E-07  2.40425E-01 
2.11667E+01 2.45000E-01  3.93343E-07  2.45449E-01 
2.13333E+01 2.50000E-01  4.03787E-07  2.50472E-01 
2.15000E+01 2.55000E-01  4.10544E-07  2.55343E-01 
2.16667E+01 2.60000E-01  4.18377E-07  2.60518E-01 
2.18333E+01 2.65000E-01  4.35424E-07  2.65389E-01 
2.20000E+01 2.70000E-01  4.39264E-07  2.70413E-01 
2.21667E+01 2.75000E-01  4.50475E-07  2.75436E-01 
2.23333E+01 2.80000E-01  4.58768E-07  2.80459E-01 
2.25000E+01 2.85000E-01  5.00235E-07  2.85483E-01 
2.26667E+01 2.90000E-01  4.79194E-07  2.90506E-01 
2.28333E+01 2.95000E-01  4.93631E-07  2.95377E-01 
2.30000E+01 3.00000E-01  4.97778E-07  3.00400E-01 
2.31667E+01 2.95000E-01  3.43583E-07  2.95377E-01 
2.33333E+01 2.90000E-01  2.62646E-07  2.90506E-01 
2.35000E+01 2.85000E-01  2.03518E-07  2.85483E-01 
2.36667E+01 2.80000E-01  1.63894E-07  2.80459E-01 
2.38333E+01 2.75000E-01  1.27803E-07  2.75436E-01 
2.40000E+01 2.70000E-01  9.72401E-08  2.70413E-01 
2.41667E+01 2.65000E-01  7.34351E-08  2.65389E-01 
2.43333E+01 2.60000E-01  5.20874E-08  2.60366E-01 
2.45000E+01 2.55000E-01  3.35042E-08  2.55343E-01 
2.46667E+01 2.50000E-01  2.18321E-08  2.50320E-01 
2.48333E+01 2.45000E-01  6.38008E-10  2.45449E-01 
2.50000E+01 2.40000E-01  -1.02662E-08 2.40425E-01 
2.51667E+01 2.35000E-01  -2.08632E-08 2.35402E-01 
2.53333E+01 2.30000E-01  -3.23818E-08 2.30379E-01 
2.55000E+01 2.25000E-01  -3.97536E-08 2.25355E-01 
2.56667E+01 2.20000E-01  -4.85077E-08 2.20332E-01 
2.58333E+01 2.15000E-01  -5.81833E-08 2.15461E-01 
2.60000E+01 2.10000E-01  -6.24835E-08 2.10285E-01 
2.61667E+01 2.05000E-01  -7.44628E-08 2.05414E-01 
2.63333E+01 2.00000E-01  -8.10668E-08 2.00391E-01 
2.65000E+01 1.95000E-01  -8.26026E-08 1.95368E-01 
2.66667E+01 1.90000E-01  -9.08959E-08 1.90345E-01 
2.68333E+01 1.85000E-01  -9.61176E-08 1.85321E-01 
2.70000E+01 1.80000E-01  -1.01954E-07 1.80298E-01 
2.71667E+01 1.75000E-01  -1.09479E-07 1.75275E-01 
2.73333E+01 1.70000E-01  -1.12397E-07 1.70251E-01 
2.75000E+01 1.65000E-01  -1.10401E-07 1.65380E-01 
2.76667E+01 1.60000E-01  -1.21458E-07 1.60357E-01 
2.78333E+01 1.55000E-01  -1.21458E-07 1.55334E-01 
2.80000E+01 1.50000E-01  -1.25144E-07 1.50158E-01 
2.81667E+01 1.45000E-01  -1.27141E-07 1.45287E-01 
2.83333E+01 1.40000E-01  -1.28984E-07 1.40264E-01 
2.85000E+01 1.35000E-01  -1.32055E-07 1.35545E-01 
2.86667E+01 1.30000E-01  -1.34513E-07 1.30522E-01 
2.88333E+01 1.25000E-01  -1.34973E-07 1.25498E-01 
2.90000E+01 1.20000E-01  -1.37738E-07 1.20475E-01 
2.91667E+01 1.15000E-01  -1.39427E-07 1.15452E-01 
2.93333E+01 1.10000E-01  -1.37891E-07 1.10429E-01 
2.95000E+01 1.05000E-01  -1.44188E-07 1.05405E-01 
2.96667E+01 1.00000E-01  -1.41270E-07 1.00382E-01 
2.98333E+01 9.50000E-02  -1.43420E-07 9.53587E-02 
3.00000E+01 9.00000E-02  -1.45110E-07 9.03354E-02 
3.01667E+01 8.50000E-02  -1.45110E-07 8.54643E-02 
3.03333E+01 8.00000E-02  -1.44188E-07 8.04410E-02 
3.05000E+01 7.50000E-02  -1.47721E-07 7.54177E-02 
3.06667E+01 7.00000E-02  -1.49410E-07 7.03944E-02 
3.08333E+01 6.50000E-02  -1.49871E-07 6.53711E-02 
3.10000E+01 6.00000E-02  -1.50485E-07 6.03478E-02 
3.11667E+01 5.50000E-02  -1.48642E-07 5.54768E-02 
3.13333E+01 5.00000E-02  -1.52789E-07 5.04535E-02 
3.15000E+01 4.50000E-02  -1.53250E-07 4.54302E-02 
3.16667E+01 4.00000E-02  -1.57089E-07 4.04069E-02 
3.18333E+01 3.50000E-02  -1.60161E-07 3.53836E-02 
3.20000E+01 3.00000E-02  -1.61082E-07 3.03603E-02 
3.21667E+01 2.50000E-02  -1.58164E-07 2.53370E-02 
3.23333E+01 2.00000E-02  -1.67686E-07 2.04660E-02 
3.25000E+01 1.50000E-02  -1.70297E-07 1.52904E-02 
3.26667E+01 1.00000E-02  -1.74904E-07 1.04194E-02 
3.28333E+01 5.00000E-03  -1.79819E-07 5.39608E-03 
3.30000E+01 8.13152E-18  -1.81662E-07 3.72789E-04 
3.31667E+01 -5.00000E-03 -1.85962E-07 -4.65050E-03
3.33333E+01 -1.00000E-02 -1.92873E-07 -9.67379E-03
3.35000E+01 -1.50000E-02 -2.00245E-07 -1.46971E-02
3.36667E+01 -2.00000E-02 -2.07463E-07 -1.94159E-02
3.38333E+01 -2.50000E-02 -2.15910E-07 -2.44392E-02
3.40000E+01 -3.00000E-02 -2.19596E-07 -2.93103E-02
3.41667E+01 -3.50000E-02 -2.30961E-07 -3.44858E-02
3.43333E+01 -4.00000E-02 -2.33726E-07 -3.95091E-02
3.45000E+01 -4.50000E-02 -2.41558E-07 -4.45324E-02
3.46667E+01 -5.00000E-02 -2.47548E-07 -4.94035E-02
3.48333E+01 -5.50000E-02 -2.50466E-07 -5.45790E-02
3.50000E+01 -6.00000E-02 -2.54305E-07 -5.94500E-02
3.51667E+01 -6.50000E-02 -2.60295E-07 -6.44733E-02
3.53333E+01 -7.00000E-02 -2.59681E-07 -6.94966E-02
3.55000E+01 -7.50000E-02 -2.58759E-07 -7.45199E-02
3.56667E+01 -8.00000E-02 -2.59220E-07 -7.95432E-02
3.58333E+01 -8.50000E-02 -2.52462E-07 -8.45665E-02
3.60000E+01 -9.00000E-02 -2.54152E-07 -8.95898E-02
3.61667E+01 -9.50000E-02 -2.51695E-07 -9.46131E-02
3.63333E+01 -1.00000E-01 -2.51080E-07 -9.94842E-02
3.65000E+01 -1.05000E-01 -2.47855E-07 -1.04507E-01
3.66667E+01 -1.10000E-01 -2.44169E-07 -1.09531E-01
3.68333E+01 -1.15000E-01 -2.36337E-07 -1.14554E-01
3.70000E+01 -1.20000E-01 -2.39869E-07 -1.19577E-01
3.71667E+01 -1.25000E-01 -2.34494E-07 -1.24601E-01
3.73333E+01 -1.30000E-01 -2.35722E-07 -1.29624E-01
3.75000E+01 -1.35000E-01 -2.34494E-07 -1.34495E-01
3.76667E+01 -1.40000E-01 -2.29886E-07 -1.39518E-01
3.78333E+01 -1.45000E-01 -2.26815E-07 -1.44542E-01
3.80000E+01 -1.50000E-01 -2.27890E-07 -1.49565E-01
3.81667E+01 -1.55000E-01 -2.25125E-07 -1.54588E-01
3.83333E+01 -1.60000E-01 -2.26968E-07 -1.59611E-01
3.85000E+01 -1.65000E-01 -2.28197E-07 -1.64635E-01
3.86667E+01 -1.70000E-01 -2.25279E-07 -1.69658E-01
3.88333E+01 -1.75000E-01 -2.28350E-07 -1.74377E-01
3.90000E+01 -1.80000E-01 -2.27122E-07 -1.79400E-01
3.91667E+01 -1.85000E-01 -2.27582E-07 -1.84271E-01
3.93333E+01 -1.90000E-01 -2.27890E-07 -1.89447E-01
3.95000E+01 -1.95000E-01 -2.29118E-07 -1.94470E-01
3.96667E+01 -2.00000E-01 -2.29425E-07 -1.99493E-01
3.98333E+01 -2.05000E-01 -2.34186E-07 -2.04364E-01
4.00000E+01 -2.10000E-01 -2.33572E-07 -2.09388E-01
4.01667E+01 -2.15000E-01 -2.33879E-07 -2.14411E-01
4.03333E+01 -2.20000E-01 -2.38333E-07 -2.19434E-01
4.05000E+01 -2.25000E-01 -2.35415E-07 -2.24458E-01
4.06667E+01 -2.30000E-01 -2.38947E-07 -2.29481E-01
4.08333E+01 -2.35000E-01 -2.41098E-07 -2.34504E-01
4.10000E+01 -2.40000E-01 -2.42787E-07 -2.39527E-01
4.11667E+01 -2.45000E-01 -2.45859E-07 -2.44399E-01
4.13333E+01 -2.50000E-01 -2.48009E-07 -2.49574E-01
4.15000E+01 -2.55000E-01 -2.43862E-07 -2.54445E-01
4.16667E+01 -2.60000E-01 -2.52002E-07 -2.59468E-01
4.18333E+01 -2.65000E-01 -2.52616E-07 -2.64339E-01
4.20000E+01 -2.70000E-01 -2.58452E-07 -2.69515E-01
4.21667E+01 -2.75000E-01 -2.61370E-07 -2.74538E-01
4.23333E+01 -2.80000E-01 -2.61831E-07 -2.79562E-01
4.25000E+01 -2.85000E-01 -2.61217E-07 -2.84433E-01
4.26667E+01 -2.90000E-01 -2.67667E-07 -2.89456E-01
4.28333E+01 -2.95000E-01 -2.69971E-07 -2.94479E-01
4.30000E+01 -3.00000E-01 -2.73349E-07 -2.99503E-01
4.31667E+01 -3.05000E-01 -2.77803E-07 -3.04526E-01
4.33333E+01 -3.10000E-01 -2.76267E-07 -3.09549E-01
4.35000E+01 -3.15000E-01 -2.83179E-07 -3.14572E-01
4.36667E+01 -3.20000E-01 -2.87479E-07 -3.19596E-01
4.38333E+01 -3.25000E-01 -2.89629E-07 -3.24619E-01
4.40000E+01 -3.30000E-01 -2.94543E-07 -3.29490E-01
4.41667E+01 -3.35000E-01 -3.00840E-07 -3.34513E-01
4.43333E+01 -3.40000E-01 -3.02223E-07 -3.39537E-01
4.45000E+01 -3.45000E-01 -3.10209E-07 -3.44560E-01
4.46667E+01 -3.50000E-01 -3.11898E-07 -3.49583E-01
4.48333E+01 -3.55000E-01 -3.18041E-07 -3.54606E-01
4.50000E+01 -3.60000E-01 -3.23724E-07 -3.59478E-01
4.51667E+01 -3.65000E-01 -3.28331E-07 -3.64653E-01
4.53333E+01 -3.70000E-01 -3.33860E-07 -3.69524E-01
4.55000E+01 -3.75000E-01 -3.40310E-07 -3.74547E-01
4.56667E+01 -3.80000E-01 -3.46146E-07 -3.79571E-01
4.58333E+01 -3.85000E-01 -3.51829E-07 -3.84594E-01
