20/10/2020 10:14:45
time/s      E/V        I/A
0.00000E+00 -3.90000E-01 -2.68588E-07 -3.89617E-01
1.66667E-01 -3.85000E-01 -1.68454E-07 -3.84594E-01
3.33333E-01 -3.80000E-01 -1.14854E-07 -3.79571E-01
5.00000E-01 -3.75000E-01 -8.13739E-08 -3.74547E-01
6.66667E-01 -3.70000E-01 -5.58796E-08 -3.69524E-01
8.33333E-01 -3.65000E-01 -3.97536E-08 -3.64653E-01
1.00000E+00 -3.60000E-01 -1.45664E-08 -3.59478E-01
1.16667E+00 -3.55000E-01 -1.10341E-08 -3.54606E-01
1.33333E+00 -3.50000E-01 5.39900E-09  -3.49583E-01
1.50000E+00 -3.45000E-01 1.47674E-08  -3.44560E-01
1.66667E+00 -3.40000E-01 2.27536E-08  -3.39384E-01
1.83333E+00 -3.35000E-01 3.62687E-08  -3.34513E-01
2.00000E+00 -3.30000E-01 3.91867E-08  -3.29490E-01
2.16667E+00 -3.25000E-01 4.37941E-08  -3.24467E-01
2.33333E+00 -3.20000E-01 4.90158E-08  -3.19596E-01
2.50000E+00 -3.15000E-01 5.39304E-08  -3.14572E-01
2.66667E+00 -3.10000E-01 5.94593E-08  -3.09549E-01
2.83333E+00 -3.05000E-01 7.03635E-08  -3.04526E-01
3.00000E+00 -3.00000E-01 6.13023E-08  -2.99503E-01
3.16667E+00 -2.95000E-01 6.69847E-08  -2.94479E-01
3.33333E+00 -2.90000E-01 7.37423E-08  -2.89456E-01
3.50000E+00 -2.85000E-01 7.52781E-08  -2.84433E-01
3.66667E+00 -2.80000E-01 7.65067E-08  -2.79562E-01
3.83333E+00 -2.75000E-01 8.48001E-08  -2.74538E-01
4.00000E+00 -2.70000E-01 7.85033E-08  -2.69363E-01
4.16667E+00 -2.65000E-01 8.57215E-08  -2.64339E-01
4.33333E+00 -2.60000E-01 8.89467E-08  -2.59468E-01
4.50000E+00 -2.55000E-01 8.91003E-08  -2.54445E-01
4.66667E+00 -2.50000E-01 9.89295E-08  -2.49574E-01
4.83333E+00 -2.45000E-01 9.30934E-08  -2.44399E-01
5.00000E+00 -2.40000E-01 9.69329E-08  -2.39527E-01
5.16667E+00 -2.35000E-01 9.81616E-08  -2.34504E-01
5.33333E+00 -2.30000E-01 9.64722E-08  -2.29481E-01
5.50000E+00 -2.25000E-01 9.95438E-08  -2.24305E-01
5.66667E+00 -2.20000E-01 1.08298E-07  -2.19434E-01
5.83333E+00 -2.15000E-01 1.00312E-07  -2.14411E-01
6.00000E+00 -2.10000E-01 1.05073E-07  -2.09388E-01
6.16667E+00 -2.05000E-01 1.06301E-07  -2.04364E-01
6.33333E+00 -2.00000E-01 1.03998E-07  -1.99493E-01
6.50000E+00 -1.95000E-01 1.10909E-07  -1.94470E-01
6.66667E+00 -1.90000E-01 1.10448E-07  -1.89295E-01
6.83333E+00 -1.85000E-01 1.10602E-07  -1.84271E-01
7.00000E+00 -1.80000E-01 1.11830E-07  -1.79400E-01
7.16667E+00 -1.75000E-01 1.14441E-07  -1.74377E-01
7.33333E+00 -1.70000E-01 1.17820E-07  -1.69658E-01
7.50000E+00 -1.65000E-01 1.20431E-07  -1.64483E-01
7.66667E+00 -1.60000E-01 1.13366E-07  -1.59611E-01
7.83333E+00 -1.55000E-01 1.18588E-07  -1.54588E-01
8.00000E+00 -1.50000E-01 1.21967E-07  -1.49565E-01
8.16667E+00 -1.45000E-01 1.23349E-07  -1.44542E-01
8.33333E+00 -1.40000E-01 1.26113E-07  -1.39518E-01
8.50000E+00 -1.35000E-01 1.28724E-07  -1.34495E-01
8.66667E+00 -1.30000E-01 1.21659E-07  -1.29472E-01
8.83333E+00 -1.25000E-01 1.29646E-07  -1.24601E-01
9.00000E+00 -1.20000E-01 1.30413E-07  -1.19577E-01
9.16667E+00 -1.15000E-01 1.34099E-07  -1.14554E-01
9.33333E+00 -1.10000E-01 1.42393E-07  -1.09379E-01
9.50000E+00 -1.05000E-01 1.36864E-07  -1.04507E-01
9.66667E+00 -1.00000E-01 1.40857E-07  -9.94842E-02
9.83333E+00 -9.50000E-02 1.43775E-07  -9.46131E-02
1.00000E+01 -9.00000E-02 1.45618E-07  -8.95898E-02
1.01667E+01 -8.50000E-02 1.48229E-07  -8.45665E-02
1.03333E+01 -8.00000E-02 1.58365E-07  -7.95432E-02
1.05000E+01 -7.50000E-02 1.51761E-07  -7.45199E-02
1.06667E+01 -7.00000E-02 1.58519E-07  -6.94966E-02
1.08333E+01 -6.50000E-02 1.58979E-07  -6.44733E-02
1.10000E+01 -6.00000E-02 1.61897E-07  -5.94500E-02
1.11667E+01 -5.50000E-02 1.71419E-07  -5.44268E-02
1.13333E+01 -5.00000E-02 1.72802E-07  -4.94035E-02
1.15000E+01 -4.50000E-02 1.73262E-07  -4.45324E-02
1.16667E+01 -4.00000E-02 1.76948E-07  -3.95091E-02
1.18333E+01 -3.50000E-02 1.76488E-07  -3.44858E-02
1.20000E+01 -3.00000E-02 1.81249E-07  -2.93103E-02
1.21667E+01 -2.50000E-02 1.90617E-07  -2.44392E-02
1.23333E+01 -2.00000E-02 1.79559E-07  -1.94159E-02
1.25000E+01 -1.50000E-02 1.84781E-07  -1.46971E-02
1.26667E+01 -1.00000E-02 1.84167E-07  -9.67379E-03
1.28333E+01 -5.00000E-03 1.83859E-07  -4.65050E-03
1.30000E+01 8.13152E-18  1.89081E-07  3.72789E-04 
1.31667E+01 5.00000E-03  1.89695E-07  5.39608E-03 
1.33333E+01 1.00000E-02  1.81863E-07  1.04194E-02 
1.35000E+01 1.50000E-02  1.87392E-07  1.52904E-02 
1.36667E+01 2.00000E-02  1.86931E-07  2.04660E-02 
1.38333E+01 2.50000E-02  1.85702E-07  2.53370E-02 
1.40000E+01 3.00000E-02  1.93228E-07  3.03603E-02 
1.41667E+01 3.50000E-02  1.84781E-07  3.53836E-02 
1.43333E+01 4.00000E-02  1.89695E-07  4.04069E-02 
1.45000E+01 4.50000E-02  1.91999E-07  4.54302E-02 
1.46667E+01 5.00000E-02  1.90617E-07  5.04535E-02 
1.48333E+01 5.50000E-02  1.90771E-07  5.54768E-02 
1.50000E+01 6.00000E-02  1.99525E-07  6.03478E-02 
1.51667E+01 6.50000E-02  1.90156E-07  6.53711E-02 
1.53333E+01 7.00000E-02  1.94610E-07  7.03944E-02 
1.55000E+01 7.50000E-02  1.99217E-07  7.52655E-02 
1.56667E+01 8.00000E-02  1.96760E-07  8.04410E-02 
1.58333E+01 8.50000E-02  2.00293E-07  8.54643E-02 
1.60000E+01 9.00000E-02  2.03825E-07  9.03354E-02 
1.61667E+01 9.50000E-02  1.97989E-07  9.53587E-02 
1.63333E+01 1.00000E-01  2.02443E-07  1.00382E-01 
1.65000E+01 1.05000E-01  2.00907E-07  1.05405E-01 
1.66667E+01 1.10000E-01  2.07357E-07  1.10429E-01 
1.68333E+01 1.15000E-01  2.16879E-07  1.15452E-01 
1.70000E+01 1.20000E-01  2.08586E-07  1.20475E-01 
1.71667E+01 1.25000E-01  2.13961E-07  1.25498E-01 
1.73333E+01 1.30000E-01  2.16572E-07  1.30522E-01 
1.75000E+01 1.35000E-01  2.14575E-07  1.35545E-01 
1.76667E+01 1.40000E-01  2.21487E-07  1.40264E-01 
1.78333E+01 1.45000E-01  2.30548E-07  1.45287E-01 
1.80000E+01 1.50000E-01  2.19644E-07  1.50158E-01 
1.81667E+01 1.55000E-01  2.29319E-07  1.55334E-01 
1.83333E+01 1.60000E-01  2.32698E-07  1.60357E-01 
1.85000E+01 1.65000E-01  2.21947E-07  1.65380E-01 
1.86667E+01 1.70000E-01  2.19951E-07  1.70251E-01 
1.88333E+01 1.75000E-01  2.38534E-07  1.75275E-01 
1.90000E+01 1.80000E-01  2.41298E-07  1.80298E-01 
1.91667E+01 1.85000E-01  2.44984E-07  1.85321E-01 
1.93333E+01 1.90000E-01  2.46213E-07  1.90345E-01 
1.95000E+01 1.95000E-01  2.47135E-07  1.95368E-01 
1.96667E+01 2.00000E-01  2.57424E-07  2.00391E-01 
1.98333E+01 2.05000E-01  2.49745E-07  2.05414E-01 
2.00000E+01 2.10000E-01  2.59421E-07  2.10285E-01 
2.01667E+01 2.15000E-01  2.61417E-07  2.15461E-01 
2.03333E+01 2.20000E-01  2.60803E-07  2.20332E-01 
2.05000E+01 2.25000E-01  2.68175E-07  2.25355E-01 
2.06667E+01 2.30000E-01  2.74933E-07  2.30226E-01 
2.08333E+01 2.35000E-01  2.68943E-07  2.35402E-01 
2.10000E+01 2.40000E-01  2.78311E-07  2.40425E-01 
2.11667E+01 2.45000E-01  2.82151E-07  2.45449E-01 
2.13333E+01 2.50000E-01  2.85222E-07  2.50320E-01 
2.15000E+01 2.55000E-01  3.00120E-07  2.55343E-01 
2.16667E+01 2.60000E-01  2.91980E-07  2.60366E-01 
2.18333E+01 2.65000E-01  2.97202E-07  2.65389E-01 
2.20000E+01 2.70000E-01  3.04881E-07  2.70413E-01 
2.21667E+01 2.75000E-01  3.13788E-07  2.75436E-01 
2.23333E+01 2.80000E-01  3.20239E-07  2.80459E-01 
2.25000E+01 2.85000E-01  3.32679E-07  2.85330E-01 
2.26667E+01 2.90000E-01  3.22389E-07  2.90506E-01 
2.28333E+01 2.95000E-01  3.34675E-07  2.95377E-01 
2.30000E+01 3.00000E-01  3.41586E-07  3.00400E-01 
2.31667E+01 2.95000E-01  2.18261E-07  2.95377E-01 
2.33333E+01 2.90000E-01  1.66658E-07  2.90506E-01 
2.35000E+01 2.85000E-01  1.20891E-07  2.85330E-01 
2.36667E+01 2.80000E-01  8.72573E-08  2.80459E-01 
2.38333E+01 2.75000E-01  6.43739E-08  2.75436E-01 
2.40000E+01 2.70000E-01  4.30262E-08  2.70413E-01 
2.41667E+01 2.65000E-01  2.35215E-08  2.65389E-01 
2.43333E+01 2.60000E-01  1.98356E-08  2.60366E-01 
2.45000E+01 2.55000E-01  -4.12298E-09 2.55343E-01 
2.46667E+01 2.50000E-01  -1.05734E-08 2.50320E-01 
2.48333E+01 2.45000E-01  -2.23990E-08 2.45449E-01 
2.50000E+01 2.40000E-01  -3.42247E-08 2.40425E-01 
2.51667E+01 2.35000E-01  -4.31324E-08 2.35402E-01 
2.53333E+01 2.30000E-01  -4.31324E-08 2.30226E-01 
2.55000E+01 2.25000E-01  -5.72618E-08 2.25355E-01 
2.56667E+01 2.20000E-01  -6.04870E-08 2.20332E-01 
2.58333E+01 2.15000E-01  -6.92411E-08 2.15461E-01 
2.60000E+01 2.10000E-01  -7.38485E-08 2.10285E-01 
2.61667E+01 2.05000E-01  -7.23127E-08 2.05414E-01 
2.63333E+01 2.00000E-01  -8.82850E-08 2.00391E-01 
2.65000E+01 1.95000E-01  -8.88994E-08 1.95368E-01 
2.66667E+01 1.90000E-01  -9.15102E-08 1.90345E-01 
2.68333E+01 1.85000E-01  -9.62712E-08 1.85321E-01 
2.70000E+01 1.80000E-01  -9.90357E-08 1.80298E-01 
2.71667E+01 1.75000E-01  -9.45818E-08 1.75275E-01 
2.73333E+01 1.70000E-01  -1.16851E-07 1.70251E-01 
2.75000E+01 1.65000E-01  -1.15776E-07 1.65380E-01 
2.76667E+01 1.60000E-01  -1.14087E-07 1.60357E-01 
2.78333E+01 1.55000E-01  -1.18848E-07 1.55182E-01 
2.80000E+01 1.50000E-01  -1.17619E-07 1.50158E-01 
2.81667E+01 1.45000E-01  -1.21766E-07 1.45287E-01 
2.83333E+01 1.40000E-01  -1.27602E-07 1.40264E-01 
2.85000E+01 1.35000E-01  -1.27294E-07 1.35545E-01 
2.86667E+01 1.30000E-01  -1.29905E-07 1.30369E-01 
2.88333E+01 1.25000E-01  -1.30827E-07 1.25498E-01 
2.90000E+01 1.20000E-01  -1.24530E-07 1.20475E-01 
2.91667E+01 1.15000E-01  -1.36663E-07 1.15452E-01 
2.93333E+01 1.10000E-01  -1.32209E-07 1.10429E-01 
2.95000E+01 1.05000E-01  -1.34052E-07 1.05405E-01 
2.96667E+01 1.00000E-01  -1.40042E-07 1.00382E-01 
2.98333E+01 9.50000E-02  -1.36816E-07 9.53587E-02 
3.00000E+01 9.00000E-02  -1.32670E-07 9.03354E-02 
3.01667E+01 8.50000E-02  -1.43420E-07 8.54643E-02 
3.03333E+01 8.00000E-02  -1.41577E-07 8.04410E-02 
3.05000E+01 7.50000E-02  -1.42499E-07 7.52655E-02 
3.06667E+01 7.00000E-02  -1.44342E-07 7.02422E-02 
3.08333E+01 6.50000E-02  -1.36356E-07 6.53711E-02 
3.10000E+01 6.00000E-02  -1.44495E-07 6.03478E-02 
3.11667E+01 5.50000E-02  -1.45417E-07 5.54768E-02 
3.13333E+01 5.00000E-02  -1.44649E-07 5.04535E-02 
3.15000E+01 4.50000E-02  -1.47567E-07 4.54302E-02 
3.16667E+01 4.00000E-02  -1.47106E-07 4.04069E-02 
3.18333E+01 3.50000E-02  -1.41117E-07 3.52314E-02 
3.20000E+01 3.00000E-02  -1.57396E-07 3.03603E-02 
3.21667E+01 2.50000E-02  -1.51560E-07 2.53370E-02 
3.23333E+01 2.00000E-02  -1.53557E-07 2.03137E-02 
3.25000E+01 1.50000E-02  -1.55553E-07 1.52904E-02 
3.26667E+01 1.00000E-02  -1.55707E-07 1.04194E-02 
3.28333E+01 5.00000E-03  -1.57857E-07 5.39608E-03 
3.30000E+01 8.13152E-18  -1.68915E-07 3.72789E-04 
3.31667E+01 -5.00000E-03 -1.63232E-07 -4.80272E-03
3.33333E+01 -1.00000E-02 -1.66918E-07 -9.67379E-03
3.35000E+01 -1.50000E-02 -1.70604E-07 -1.46971E-02
3.36667E+01 -2.00000E-02 -1.65997E-07 -1.94159E-02
3.38333E+01 -2.50000E-02 -1.77362E-07 -2.44392E-02
3.40000E+01 -3.00000E-02 -1.78744E-07 -2.94625E-02
3.41667E+01 -3.50000E-02 -1.82123E-07 -3.44858E-02
3.43333E+01 -4.00000E-02 -1.86116E-07 -3.95091E-02
3.45000E+01 -4.50000E-02 -1.87191E-07 -4.45324E-02
3.46667E+01 -5.00000E-02 -1.82276E-07 -4.95557E-02
3.48333E+01 -5.50000E-02 -1.98095E-07 -5.45790E-02
3.50000E+01 -6.00000E-02 -1.94716E-07 -5.94500E-02
3.51667E+01 -6.50000E-02 -1.99324E-07 -6.46256E-02
3.53333E+01 -7.00000E-02 -2.00245E-07 -6.94966E-02
3.55000E+01 -7.50000E-02 -1.93641E-07 -7.45199E-02
3.56667E+01 -8.00000E-02 -1.98709E-07 -7.95432E-02
3.58333E+01 -8.50000E-02 -2.00552E-07 -8.45665E-02
3.60000E+01 -9.00000E-02 -1.97327E-07 -8.95898E-02
3.61667E+01 -9.50000E-02 -2.00092E-07 -9.46131E-02
3.63333E+01 -1.00000E-01 -2.00092E-07 -9.94842E-02
3.65000E+01 -1.05000E-01 -1.89802E-07 -1.04507E-01
3.66667E+01 -1.10000E-01 -2.02088E-07 -1.09531E-01
3.68333E+01 -1.15000E-01 -1.96713E-07 -1.14554E-01
3.70000E+01 -1.20000E-01 -1.95023E-07 -1.19577E-01
3.71667E+01 -1.25000E-01 -1.95484E-07 -1.24601E-01
3.73333E+01 -1.30000E-01 -1.94870E-07 -1.29624E-01
3.75000E+01 -1.35000E-01 -1.92259E-07 -1.34647E-01
3.76667E+01 -1.40000E-01 -2.00245E-07 -1.39670E-01
3.78333E+01 -1.45000E-01 -1.94255E-07 -1.44542E-01
3.80000E+01 -1.50000E-01 -1.93027E-07 -1.49565E-01
3.81667E+01 -1.55000E-01 -1.93641E-07 -1.54588E-01
3.83333E+01 -1.60000E-01 -1.89034E-07 -1.59611E-01
3.85000E+01 -1.65000E-01 -1.95791E-07 -1.64635E-01
3.86667E+01 -1.70000E-01 -1.93027E-07 -1.69658E-01
3.88333E+01 -1.75000E-01 -1.93948E-07 -1.74377E-01
3.90000E+01 -1.80000E-01 -1.92720E-07 -1.79400E-01
3.91667E+01 -1.85000E-01 -1.92873E-07 -1.84271E-01
3.93333E+01 -1.90000E-01 -1.86423E-07 -1.89447E-01
3.95000E+01 -1.95000E-01 -1.98095E-07 -1.94470E-01
3.96667E+01 -2.00000E-01 -1.95484E-07 -1.99493E-01
3.98333E+01 -2.05000E-01 -1.94563E-07 -2.04364E-01
4.00000E+01 -2.10000E-01 -1.97174E-07 -2.09540E-01
4.01667E+01 -2.15000E-01 -1.94716E-07 -2.14411E-01
4.03333E+01 -2.20000E-01 -1.97788E-07 -2.19434E-01
4.05000E+01 -2.25000E-01 -2.01935E-07 -2.24458E-01
4.06667E+01 -2.30000E-01 -2.01013E-07 -2.29481E-01
4.08333E+01 -2.35000E-01 -2.02549E-07 -2.34504E-01
4.10000E+01 -2.40000E-01 -2.01935E-07 -2.39527E-01
4.11667E+01 -2.45000E-01 -1.97020E-07 -2.44551E-01
4.13333E+01 -2.50000E-01 -2.09306E-07 -2.49574E-01
4.15000E+01 -2.55000E-01 -2.05774E-07 -2.54445E-01
4.16667E+01 -2.60000E-01 -2.06849E-07 -2.59468E-01
4.18333E+01 -2.65000E-01 -2.09767E-07 -2.64492E-01
4.20000E+01 -2.70000E-01 -2.09306E-07 -2.69515E-01
4.21667E+01 -2.75000E-01 -2.03470E-07 -2.74538E-01
4.23333E+01 -2.80000E-01 -2.20057E-07 -2.79562E-01
4.25000E+01 -2.85000E-01 -2.17293E-07 -2.84585E-01
4.26667E+01 -2.90000E-01 -2.17753E-07 -2.89608E-01
4.28333E+01 -2.95000E-01 -2.21439E-07 -2.94479E-01
4.30000E+01 -3.00000E-01 -2.16371E-07 -2.99503E-01
4.31667E+01 -3.05000E-01 -2.18368E-07 -3.04526E-01
4.33333E+01 -3.10000E-01 -2.25125E-07 -3.09549E-01
4.35000E+01 -3.15000E-01 -2.28043E-07 -3.14572E-01
4.36667E+01 -3.20000E-01 -2.32036E-07 -3.19596E-01
4.38333E+01 -3.25000E-01 -2.31883E-07 -3.24619E-01
4.40000E+01 -3.30000E-01 -2.27736E-07 -3.29490E-01
4.41667E+01 -3.35000E-01 -2.43862E-07 -3.34513E-01
4.43333E+01 -3.40000E-01 -2.37719E-07 -3.39537E-01
4.45000E+01 -3.45000E-01 -2.41558E-07 -3.44560E-01
4.46667E+01 -3.50000E-01 -2.48316E-07 -3.49583E-01
4.48333E+01 -3.55000E-01 -2.48009E-07 -3.54606E-01
4.50000E+01 -3.60000E-01 -2.51695E-07 -3.59630E-01
4.51667E+01 -3.65000E-01 -2.63367E-07 -3.64653E-01
4.53333E+01 -3.70000E-01 -2.60756E-07 -3.69524E-01
4.55000E+01 -3.75000E-01 -2.64595E-07 -3.74700E-01
4.56667E+01 -3.80000E-01 -2.68896E-07 -3.79571E-01
4.58333E+01 -3.85000E-01 -2.63981E-07 -3.84594E-01
