21/10/2020 10:46:41
time/s      E/V        I/A
0.00000E+00 -3.90000E-01 -4.28252E-08 -3.89770E-01
1.66667E-01 -3.85000E-01 -2.63921E-08 -3.84746E-01
3.33333E-01 -3.80000E-01 -1.73309E-08 -3.79723E-01
5.00000E-01 -3.75000E-01 -8.57681E-09 -3.74700E-01
6.66667E-01 -3.70000E-01 -3.50866E-09 -3.69676E-01
8.33333E-01 -3.65000E-01 1.09875E-09  -3.64653E-01
1.00000E+00 -3.60000E-01 4.32394E-09  -3.59630E-01
1.16667E+00 -3.55000E-01 7.08838E-09  -3.54759E-01
1.33333E+00 -3.50000E-01 1.06207E-08  -3.49735E-01
1.50000E+00 -3.45000E-01 1.44602E-08  -3.44712E-01
1.66667E+00 -3.40000E-01 1.66104E-08  -3.39537E-01
1.83333E+00 -3.35000E-01 1.89141E-08  -3.34666E-01
2.00000E+00 -3.30000E-01 2.07570E-08  -3.29642E-01
2.16667E+00 -3.25000E-01 2.19857E-08  -3.24771E-01
2.33333E+00 -3.20000E-01 2.53644E-08  -3.19748E-01
2.50000E+00 -3.15000E-01 2.75146E-08  -3.14725E-01
2.66667E+00 -3.10000E-01 2.87432E-08  -3.09701E-01
2.83333E+00 -3.05000E-01 2.99719E-08  -3.04678E-01
3.00000E+00 -3.00000E-01 3.04326E-08  -2.99655E-01
3.16667E+00 -2.95000E-01 3.05862E-08  -2.94631E-01
3.33333E+00 -2.90000E-01 3.51936E-08  -2.89608E-01
3.50000E+00 -2.85000E-01 3.58079E-08  -2.84585E-01
3.66667E+00 -2.80000E-01 3.59615E-08  -2.79714E-01
3.83333E+00 -2.75000E-01 3.76509E-08  -2.74690E-01
4.00000E+00 -2.70000E-01 3.79580E-08  -2.69515E-01
4.16667E+00 -2.65000E-01 3.88795E-08  -2.64492E-01
4.33333E+00 -2.60000E-01 4.24119E-08  -2.59621E-01
4.50000E+00 -2.55000E-01 4.07225E-08  -2.54597E-01
4.66667E+00 -2.50000E-01 4.27190E-08  -2.49726E-01
4.83333E+00 -2.45000E-01 4.30262E-08  -2.44551E-01
5.00000E+00 -2.40000E-01 4.31798E-08  -2.39680E-01
5.16667E+00 -2.35000E-01 4.57906E-08  -2.34656E-01
5.33333E+00 -2.30000E-01 4.42548E-08  -2.29633E-01
5.50000E+00 -2.25000E-01 4.74800E-08  -2.24458E-01
5.66667E+00 -2.20000E-01 4.70193E-08  -2.19586E-01
5.83333E+00 -2.15000E-01 4.74800E-08  -2.14563E-01
6.00000E+00 -2.10000E-01 4.71729E-08  -2.09540E-01
6.16667E+00 -2.05000E-01 5.10124E-08  -2.04517E-01
6.33333E+00 -2.00000E-01 5.05516E-08  -1.99646E-01
6.50000E+00 -1.95000E-01 5.10124E-08  -1.94622E-01
6.66667E+00 -1.90000E-01 5.23946E-08  -1.89447E-01
6.83333E+00 -1.85000E-01 5.16267E-08  -1.84423E-01
7.00000E+00 -1.80000E-01 5.25482E-08  -1.79552E-01
7.16667E+00 -1.75000E-01 5.48519E-08  -1.74529E-01
7.33333E+00 -1.70000E-01 5.51590E-08  -1.69810E-01
7.50000E+00 -1.65000E-01 5.37768E-08  -1.64635E-01
7.66667E+00 -1.60000E-01 5.36232E-08  -1.59764E-01
7.83333E+00 -1.55000E-01 5.28553E-08  -1.54740E-01
8.00000E+00 -1.50000E-01 5.85378E-08  -1.49717E-01
8.16667E+00 -1.45000E-01 5.65413E-08  -1.44694E-01
8.33333E+00 -1.40000E-01 5.89986E-08  -1.39670E-01
8.50000E+00 -1.35000E-01 5.88450E-08  -1.34647E-01
8.66667E+00 -1.30000E-01 5.88450E-08  -1.29624E-01
8.83333E+00 -1.25000E-01 5.96129E-08  -1.24753E-01
9.00000E+00 -1.20000E-01 6.09951E-08  -1.19730E-01
9.16667E+00 -1.15000E-01 5.96129E-08  -1.14706E-01
9.33333E+00 -1.10000E-01 6.20702E-08  -1.09683E-01
9.50000E+00 -1.05000E-01 6.25309E-08  -1.04660E-01
9.66667E+00 -1.00000E-01 6.25309E-08  -9.96364E-02
9.83333E+00 -9.50000E-02 6.32988E-08  -9.47653E-02
1.00000E+01 -9.00000E-02 6.28381E-08  -8.95898E-02
1.01667E+01 -8.50000E-02 6.36060E-08  -8.47187E-02
1.03333E+01 -8.00000E-02 6.43739E-08  -7.96954E-02
1.05000E+01 -7.50000E-02 6.45274E-08  -7.46721E-02
1.06667E+01 -7.00000E-02 6.45274E-08  -6.96489E-02
1.08333E+01 -6.50000E-02 6.60633E-08  -6.46256E-02
1.10000E+01 -6.00000E-02 6.62168E-08  -5.96023E-02
1.11667E+01 -5.50000E-02 6.77526E-08  -5.45790E-02
1.13333E+01 -5.00000E-02 6.79062E-08  -4.95557E-02
1.15000E+01 -4.50000E-02 6.72919E-08  -4.46846E-02
1.16667E+01 -4.00000E-02 6.83670E-08  -3.96613E-02
1.18333E+01 -3.50000E-02 7.06707E-08  -3.46380E-02
1.20000E+01 -3.00000E-02 6.92884E-08  -2.94625E-02
1.21667E+01 -2.50000E-02 7.02099E-08  -2.45914E-02
1.23333E+01 -2.00000E-02 7.35887E-08  -1.95682E-02
1.25000E+01 -1.50000E-02 7.06707E-08  -1.48493E-02
1.26667E+01 -1.00000E-02 7.49709E-08  -9.82602E-03
1.28333E+01 -5.00000E-03 7.26672E-08  -4.80272E-03
1.30000E+01 8.13152E-18  7.28208E-08  2.20568E-04 
1.31667E+01 5.00000E-03  7.35887E-08  5.24386E-03 
1.33333E+01 1.00000E-02  7.43566E-08  1.02672E-02 
1.35000E+01 1.50000E-02  7.55852E-08  1.52904E-02 
1.36667E+01 2.00000E-02  7.91176E-08  2.03137E-02 
1.38333E+01 2.50000E-02  7.68139E-08  2.51848E-02 
1.40000E+01 3.00000E-02  7.83497E-08  3.03603E-02 
1.41667E+01 3.50000E-02  7.89640E-08  3.52314E-02 
1.43333E+01 4.00000E-02  7.92712E-08  4.02547E-02 
1.45000E+01 4.50000E-02  8.29571E-08  4.52780E-02 
1.46667E+01 5.00000E-02  8.17284E-08  5.03013E-02 
1.48333E+01 5.50000E-02  8.29571E-08  5.53246E-02 
1.50000E+01 6.00000E-02  8.34178E-08  6.01956E-02 
1.51667E+01 6.50000E-02  8.54144E-08  6.52189E-02 
1.53333E+01 7.00000E-02  8.55680E-08  7.02422E-02 
1.55000E+01 7.50000E-02  8.98682E-08  7.52655E-02 
1.56667E+01 8.00000E-02  8.75645E-08  8.02888E-02 
1.58333E+01 8.50000E-02  8.86396E-08  8.53121E-02 
1.60000E+01 9.00000E-02  9.14040E-08  9.01832E-02 
1.61667E+01 9.50000E-02  9.17112E-08  9.53587E-02 
1.63333E+01 1.00000E-01  9.27862E-08  1.00230E-01 
1.65000E+01 1.05000E-01  9.60114E-08  1.05253E-01 
1.66667E+01 1.10000E-01  9.49364E-08  1.10276E-01 
1.68333E+01 1.15000E-01  9.72401E-08  1.15300E-01 
1.70000E+01 1.20000E-01  9.66257E-08  1.20323E-01 
1.71667E+01 1.25000E-01  9.89295E-08  1.25346E-01 
1.73333E+01 1.30000E-01  1.01847E-07  1.30369E-01 
1.75000E+01 1.35000E-01  1.02769E-07  1.35393E-01 
1.76667E+01 1.40000E-01  1.04458E-07  1.40112E-01 
1.78333E+01 1.45000E-01  1.05533E-07  1.45135E-01 
1.80000E+01 1.50000E-01  1.05687E-07  1.50158E-01 
1.81667E+01 1.55000E-01  1.07837E-07  1.55182E-01 
1.83333E+01 1.60000E-01  1.12905E-07  1.60205E-01 
1.85000E+01 1.65000E-01  1.10294E-07  1.65228E-01 
1.86667E+01 1.70000E-01  1.15055E-07  1.70099E-01 
1.88333E+01 1.75000E-01  1.16438E-07  1.75275E-01 
1.90000E+01 1.80000E-01  1.17206E-07  1.80146E-01 
1.91667E+01 1.85000E-01  1.21813E-07  1.85169E-01 
1.93333E+01 1.90000E-01  1.23349E-07  1.90192E-01 
1.95000E+01 1.95000E-01  1.24270E-07  1.95216E-01 
1.96667E+01 2.00000E-01  1.27188E-07  2.00239E-01 
1.98333E+01 2.05000E-01  1.28878E-07  2.05262E-01 
2.00000E+01 2.10000E-01  1.30567E-07  2.10285E-01 
2.01667E+01 2.15000E-01  1.34714E-07  2.15309E-01 
2.03333E+01 2.20000E-01  1.33946E-07  2.20180E-01 
2.05000E+01 2.25000E-01  1.36557E-07  2.25203E-01 
2.06667E+01 2.30000E-01  1.40089E-07  2.30226E-01 
2.08333E+01 2.35000E-01  1.39628E-07  2.35250E-01 
2.10000E+01 2.40000E-01  1.42239E-07  2.40273E-01 
2.11667E+01 2.45000E-01  1.46847E-07  2.45296E-01 
2.13333E+01 2.50000E-01  1.45925E-07  2.50167E-01 
2.15000E+01 2.55000E-01  1.50225E-07  2.55191E-01 
2.16667E+01 2.60000E-01  1.52683E-07  2.60214E-01 
2.18333E+01 2.65000E-01  1.53143E-07  2.65237E-01 
2.20000E+01 2.70000E-01  1.57597E-07  2.70261E-01 
2.21667E+01 2.75000E-01  1.60362E-07  2.75284E-01 
2.23333E+01 2.80000E-01  1.63126E-07  2.80307E-01 
2.25000E+01 2.85000E-01  1.64815E-07  2.85330E-01 
2.26667E+01 2.90000E-01  1.67426E-07  2.90354E-01 
2.28333E+01 2.95000E-01  1.68962E-07  2.95225E-01 
2.30000E+01 3.00000E-01  1.74491E-07  3.00248E-01 
2.31667E+01 2.95000E-01  1.20124E-07  2.95225E-01 
2.33333E+01 2.90000E-01  9.38613E-08  2.90354E-01 
2.35000E+01 2.85000E-01  7.48173E-08  2.85330E-01 
2.36667E+01 2.80000E-01  5.86914E-08  2.80307E-01 
2.38333E+01 2.75000E-01  4.84015E-08  2.75284E-01 
2.40000E+01 2.70000E-01  3.84188E-08  2.70261E-01 
2.41667E+01 2.65000E-01  2.87432E-08  2.65237E-01 
2.43333E+01 2.60000E-01  2.12178E-08  2.60214E-01 
2.45000E+01 2.55000E-01  1.35388E-08  2.55191E-01 
2.46667E+01 2.50000E-01  7.39554E-09  2.50320E-01 
2.48333E+01 2.45000E-01  5.09184E-09  2.45296E-01 
2.50000E+01 2.40000E-01  -2.89434E-09 2.40273E-01 
2.51667E+01 2.35000E-01  -7.65533E-09 2.35250E-01 
2.53333E+01 2.30000E-01  -1.14948E-08 2.30226E-01 
2.55000E+01 2.25000E-01  -1.56415E-08 2.25355E-01 
2.56667E+01 2.20000E-01  -1.90203E-08 2.20180E-01 
2.58333E+01 2.15000E-01  -2.08632E-08 2.15309E-01 
2.60000E+01 2.10000E-01  -2.60850E-08 2.10285E-01 
2.61667E+01 2.05000E-01  -2.91566E-08 2.05262E-01 
2.63333E+01 2.00000E-01  -3.14603E-08 2.00239E-01 
2.65000E+01 1.95000E-01  -3.45319E-08 1.95216E-01 
2.66667E+01 1.90000E-01  -3.45319E-08 1.90192E-01 
2.68333E+01 1.85000E-01  -3.89857E-08 1.85321E-01 
2.70000E+01 1.80000E-01  -4.22109E-08 1.80146E-01 
2.71667E+01 1.75000E-01  -4.32860E-08 1.75275E-01 
2.73333E+01 1.70000E-01  -4.55897E-08 1.70251E-01 
2.75000E+01 1.65000E-01  -4.69719E-08 1.65228E-01 
2.76667E+01 1.60000E-01  -4.68183E-08 1.60205E-01 
2.78333E+01 1.55000E-01  -5.08114E-08 1.55182E-01 
2.80000E+01 1.50000E-01  -5.12722E-08 1.50158E-01 
2.81667E+01 1.45000E-01  -5.17329E-08 1.45135E-01 
2.83333E+01 1.40000E-01  -5.28080E-08 1.40112E-01 
2.85000E+01 1.35000E-01  -5.28080E-08 1.35393E-01 
2.86667E+01 1.30000E-01  -5.31151E-08 1.30369E-01 
2.88333E+01 1.25000E-01  -5.75690E-08 1.25498E-01 
2.90000E+01 1.20000E-01  -5.75690E-08 1.20323E-01 
2.91667E+01 1.15000E-01  -5.78761E-08 1.15300E-01 
2.93333E+01 1.10000E-01  -5.86440E-08 1.10276E-01 
2.95000E+01 1.05000E-01  -5.68011E-08 1.05405E-01 
2.96667E+01 1.00000E-01  -5.97191E-08 1.00230E-01 
2.98333E+01 9.50000E-02  -6.06406E-08 9.53587E-02 
3.00000E+01 9.00000E-02  -6.24835E-08 9.03354E-02 
3.01667E+01 8.50000E-02  -6.07941E-08 8.53121E-02 
3.03333E+01 8.00000E-02  -6.21764E-08 8.02888E-02 
3.05000E+01 7.50000E-02  -6.03334E-08 7.52655E-02 
3.06667E+01 7.00000E-02  -6.38658E-08 7.02422E-02 
3.08333E+01 6.50000E-02  -6.32514E-08 6.52189E-02 
3.10000E+01 6.00000E-02  -6.44801E-08 6.01956E-02 
3.11667E+01 5.50000E-02  -6.47872E-08 5.53246E-02 
3.13333E+01 5.00000E-02  -6.23299E-08 5.03013E-02 
3.15000E+01 4.50000E-02  -6.49408E-08 4.52780E-02 
3.16667E+01 4.00000E-02  -6.50944E-08 4.02547E-02 
3.18333E+01 3.50000E-02  -6.61695E-08 3.52314E-02 
3.20000E+01 3.00000E-02  -6.58623E-08 3.03603E-02 
3.21667E+01 2.50000E-02  -6.64766E-08 2.53370E-02 
3.23333E+01 2.00000E-02  -6.52480E-08 2.03137E-02 
3.25000E+01 1.50000E-02  -6.90875E-08 1.52904E-02 
3.26667E+01 1.00000E-02  -6.66302E-08 1.02672E-02 
3.28333E+01 5.00000E-03  -6.75517E-08 5.24386E-03 
3.30000E+01 8.13152E-18  -6.86267E-08 2.20568E-04 
3.31667E+01 -5.00000E-03 -6.67838E-08 -4.80272E-03
3.33333E+01 -1.00000E-02 -6.75517E-08 -9.67379E-03
3.35000E+01 -1.50000E-02 -6.98554E-08 -1.48493E-02
3.36667E+01 -2.00000E-02 -6.97018E-08 -1.95682E-02
3.38333E+01 -2.50000E-02 -6.98554E-08 -2.45914E-02
3.40000E+01 -3.00000E-02 -7.09304E-08 -2.94625E-02
3.41667E+01 -3.50000E-02 -6.86267E-08 -3.44858E-02
3.43333E+01 -4.00000E-02 -6.97018E-08 -3.96613E-02
3.45000E+01 -4.50000E-02 -6.93946E-08 -4.46846E-02
3.46667E+01 -5.00000E-02 -7.10840E-08 -4.95557E-02
3.48333E+01 -5.50000E-02 -7.27734E-08 -5.45790E-02
3.50000E+01 -6.00000E-02 -7.24663E-08 -5.96023E-02
3.51667E+01 -6.50000E-02 -6.97018E-08 -6.46256E-02
3.53333E+01 -7.00000E-02 -7.24663E-08 -6.94966E-02
3.55000E+01 -7.50000E-02 -7.21591E-08 -7.46721E-02
3.56667E+01 -8.00000E-02 -7.24663E-08 -7.96954E-02
3.58333E+01 -8.50000E-02 -8.07596E-08 -8.47187E-02
3.60000E+01 -9.00000E-02 -7.27734E-08 -8.95898E-02
3.61667E+01 -9.50000E-02 -7.96845E-08 -9.46131E-02
3.63333E+01 -1.00000E-01 -7.46164E-08 -9.96364E-02
3.65000E+01 -1.05000E-01 -7.46164E-08 -1.04660E-01
3.66667E+01 -1.10000E-01 -7.46164E-08 -1.09531E-01
3.68333E+01 -1.15000E-01 -7.69201E-08 -1.14554E-01
3.70000E+01 -1.20000E-01 -7.46164E-08 -1.19577E-01
3.71667E+01 -1.25000E-01 -7.66129E-08 -1.24601E-01
3.73333E+01 -1.30000E-01 -7.76880E-08 -1.29624E-01
3.75000E+01 -1.35000E-01 -7.75344E-08 -1.34647E-01
3.76667E+01 -1.40000E-01 -7.81487E-08 -1.39670E-01
3.78333E+01 -1.45000E-01 -7.89166E-08 -1.44542E-01
3.80000E+01 -1.50000E-01 -7.84559E-08 -1.49565E-01
3.81667E+01 -1.55000E-01 -8.07596E-08 -1.54740E-01
3.83333E+01 -1.60000E-01 -8.09132E-08 -1.59764E-01
3.85000E+01 -1.65000E-01 -8.07596E-08 -1.64635E-01
3.86667E+01 -1.70000E-01 -8.24490E-08 -1.69658E-01
3.88333E+01 -1.75000E-01 -8.22954E-08 -1.74529E-01
3.90000E+01 -1.80000E-01 -8.16811E-08 -1.79552E-01
3.91667E+01 -1.85000E-01 -8.26026E-08 -1.84423E-01
3.93333E+01 -1.90000E-01 -8.35240E-08 -1.89447E-01
3.95000E+01 -1.95000E-01 -8.47527E-08 -1.94470E-01
3.96667E+01 -2.00000E-01 -8.62885E-08 -1.99493E-01
3.98333E+01 -2.05000E-01 -8.42919E-08 -2.04517E-01
4.00000E+01 -2.10000E-01 -8.72100E-08 -2.09540E-01
4.01667E+01 -2.15000E-01 -8.58277E-08 -2.14563E-01
4.03333E+01 -2.20000E-01 -8.65956E-08 -2.19586E-01
4.05000E+01 -2.25000E-01 -8.75171E-08 -2.24458E-01
4.06667E+01 -2.30000E-01 -8.76707E-08 -2.29481E-01
4.08333E+01 -2.35000E-01 -8.70564E-08 -2.34504E-01
4.10000E+01 -2.40000E-01 -8.96673E-08 -2.39680E-01
4.11667E+01 -2.45000E-01 -8.87458E-08 -2.44551E-01
4.13333E+01 -2.50000E-01 -8.87458E-08 -2.49574E-01
4.15000E+01 -2.55000E-01 -9.01280E-08 -2.54445E-01
4.16667E+01 -2.60000E-01 -8.98208E-08 -2.59621E-01
4.18333E+01 -2.65000E-01 -9.30460E-08 -2.64492E-01
4.20000E+01 -2.70000E-01 -9.28924E-08 -2.69515E-01
4.21667E+01 -2.75000E-01 -9.30460E-08 -2.74538E-01
4.23333E+01 -2.80000E-01 -9.27389E-08 -2.79714E-01
4.25000E+01 -2.85000E-01 -9.41211E-08 -2.84585E-01
4.26667E+01 -2.90000E-01 -9.28924E-08 -2.89608E-01
4.28333E+01 -2.95000E-01 -9.79606E-08 -2.94631E-01
4.30000E+01 -3.00000E-01 -9.67320E-08 -2.99655E-01
4.31667E+01 -3.05000E-01 -9.68855E-08 -3.04526E-01
4.33333E+01 -3.10000E-01 -9.91892E-08 -3.09549E-01
4.35000E+01 -3.15000E-01 -9.87285E-08 -3.14725E-01
4.36667E+01 -3.20000E-01 -9.99571E-08 -3.19596E-01
4.38333E+01 -3.25000E-01 -1.01186E-07 -3.24619E-01
4.40000E+01 -3.30000E-01 -1.01493E-07 -3.29642E-01
4.41667E+01 -3.35000E-01 -1.02568E-07 -3.34666E-01
4.43333E+01 -3.40000E-01 -1.04872E-07 -3.39537E-01
4.45000E+01 -3.45000E-01 -1.03797E-07 -3.44560E-01
4.46667E+01 -3.50000E-01 -1.05640E-07 -3.49583E-01
4.48333E+01 -3.55000E-01 -1.06868E-07 -3.54759E-01
4.50000E+01 -3.60000E-01 -1.07329E-07 -3.59630E-01
4.51667E+01 -3.65000E-01 -1.09940E-07 -3.64653E-01
4.53333E+01 -3.70000E-01 -1.10861E-07 -3.69676E-01
4.55000E+01 -3.75000E-01 -1.10401E-07 -3.74700E-01
4.56667E+01 -3.80000E-01 -1.14701E-07 -3.79571E-01
4.58333E+01 -3.85000E-01 -1.15315E-07 -3.84746E-01
