20/10/2020 10:57:54
time/s      E/V        I/A
0.00000E+00 -3.90000E-01 -2.69356E-07 -3.89770E-01
1.66667E-01 -3.85000E-01 -1.66150E-07 -3.84746E-01
3.33333E-01 -3.80000E-01 -1.12090E-07 -3.79571E-01
5.00000E-01 -3.75000E-01 -8.56742E-08 -3.74700E-01
6.66667E-01 -3.70000E-01 -5.78761E-08 -3.69676E-01
8.33333E-01 -3.65000E-01 -3.62213E-08 -3.64653E-01
1.00000E+00 -3.60000E-01 -2.19383E-08 -3.59630E-01
1.16667E+00 -3.55000E-01 -7.04101E-09 -3.54606E-01
1.33333E+00 -3.50000E-01 1.00064E-08  -3.49583E-01
1.50000E+00 -3.45000E-01 8.62419E-09  -3.44560E-01
1.66667E+00 -3.40000E-01 2.24464E-08  -3.39537E-01
1.83333E+00 -3.35000E-01 3.04326E-08  -3.34513E-01
2.00000E+00 -3.30000E-01 3.64222E-08  -3.29490E-01
2.16667E+00 -3.25000E-01 4.45620E-08  -3.24619E-01
2.33333E+00 -3.20000E-01 4.64050E-08  -3.19596E-01
2.50000E+00 -3.15000E-01 5.16267E-08  -3.14572E-01
2.66667E+00 -3.10000E-01 5.79235E-08  -3.09549E-01
2.83333E+00 -3.05000E-01 6.34524E-08  -3.04526E-01
3.00000E+00 -3.00000E-01 6.49882E-08  -2.99655E-01
3.16667E+00 -2.95000E-01 7.43566E-08  -2.94479E-01
3.33333E+00 -2.90000E-01 6.94420E-08  -2.89608E-01
3.50000E+00 -2.85000E-01 7.23600E-08  -2.84585E-01
3.66667E+00 -2.80000E-01 7.83497E-08  -2.79562E-01
3.83333E+00 -2.75000E-01 7.91176E-08  -2.74538E-01
4.00000E+00 -2.70000E-01 8.34178E-08  -2.69515E-01
4.16667E+00 -2.65000E-01 8.75645E-08  -2.64492E-01
4.33333E+00 -2.60000E-01 8.26499E-08  -2.59468E-01
4.50000E+00 -2.55000E-01 8.80252E-08  -2.54445E-01
4.66667E+00 -2.50000E-01 9.09433E-08  -2.49574E-01
4.83333E+00 -2.45000E-01 9.15576E-08  -2.44551E-01
5.00000E+00 -2.40000E-01 9.67793E-08  -2.39527E-01
5.16667E+00 -2.35000E-01 9.52435E-08  -2.34504E-01
5.33333E+00 -2.30000E-01 9.75472E-08  -2.29481E-01
5.50000E+00 -2.25000E-01 9.77008E-08  -2.24458E-01
5.66667E+00 -2.20000E-01 1.00619E-07  -2.19586E-01
5.83333E+00 -2.15000E-01 1.02769E-07  -2.14411E-01
6.00000E+00 -2.10000E-01 1.07684E-07  -2.09540E-01
6.16667E+00 -2.05000E-01 1.01847E-07  -2.04517E-01
6.33333E+00 -2.00000E-01 1.05687E-07  -1.99493E-01
6.50000E+00 -1.95000E-01 1.07530E-07  -1.94470E-01
6.66667E+00 -1.90000E-01 1.10141E-07  -1.89447E-01
6.83333E+00 -1.85000E-01 1.11062E-07  -1.84423E-01
7.00000E+00 -1.80000E-01 1.12291E-07  -1.79400E-01
7.16667E+00 -1.75000E-01 1.10755E-07  -1.74377E-01
7.33333E+00 -1.70000E-01 1.13827E-07  -1.69658E-01
7.50000E+00 -1.65000E-01 1.13212E-07  -1.64635E-01
7.66667E+00 -1.60000E-01 1.16591E-07  -1.59764E-01
7.83333E+00 -1.55000E-01 1.22888E-07  -1.54588E-01
8.00000E+00 -1.50000E-01 1.16898E-07  -1.49565E-01
8.16667E+00 -1.45000E-01 1.20891E-07  -1.44542E-01
8.33333E+00 -1.40000E-01 1.22427E-07  -1.39670E-01
8.50000E+00 -1.35000E-01 1.21352E-07  -1.34647E-01
8.66667E+00 -1.30000E-01 1.26881E-07  -1.29624E-01
8.83333E+00 -1.25000E-01 1.32256E-07  -1.24601E-01
9.00000E+00 -1.20000E-01 1.24117E-07  -1.19577E-01
9.16667E+00 -1.15000E-01 1.30567E-07  -1.14554E-01
9.33333E+00 -1.10000E-01 1.30106E-07  -1.09531E-01
9.50000E+00 -1.05000E-01 1.30721E-07  -1.04507E-01
9.66667E+00 -1.00000E-01 1.39321E-07  -9.94842E-02
9.83333E+00 -9.50000E-02 1.37478E-07  -9.46131E-02
1.00000E+01 -9.00000E-02 1.40703E-07  -8.95898E-02
1.01667E+01 -8.50000E-02 1.42239E-07  -8.47187E-02
1.03333E+01 -8.00000E-02 1.45311E-07  -7.95432E-02
1.05000E+01 -7.50000E-02 1.46539E-07  -7.45199E-02
1.06667E+01 -7.00000E-02 1.55601E-07  -6.94966E-02
1.08333E+01 -6.50000E-02 1.48536E-07  -6.46256E-02
1.10000E+01 -6.00000E-02 1.54833E-07  -5.94500E-02
1.11667E+01 -5.50000E-02 1.57751E-07  -5.45790E-02
1.13333E+01 -5.00000E-02 1.59133E-07  -4.95557E-02
1.15000E+01 -4.50000E-02 1.62512E-07  -4.45324E-02
1.16667E+01 -4.00000E-02 1.65583E-07  -3.95091E-02
1.18333E+01 -3.50000E-02 1.63433E-07  -3.44858E-02
1.20000E+01 -3.00000E-02 1.67426E-07  -2.94625E-02
1.21667E+01 -2.50000E-02 1.69116E-07  -2.44392E-02
1.23333E+01 -2.00000E-02 1.69576E-07  -1.94159E-02
1.25000E+01 -1.50000E-02 1.75720E-07  -1.46971E-02
1.26667E+01 -1.00000E-02 1.71112E-07  -9.67379E-03
1.28333E+01 -5.00000E-03 1.71573E-07  -4.80272E-03
1.30000E+01 8.13152E-18  1.72648E-07  2.20568E-04 
1.31667E+01 5.00000E-03  1.72648E-07  5.24386E-03 
1.33333E+01 1.00000E-02  1.73416E-07  1.04194E-02 
1.35000E+01 1.50000E-02  1.78023E-07  1.52904E-02 
1.36667E+01 2.00000E-02  1.71880E-07  2.03137E-02 
1.38333E+01 2.50000E-02  1.75720E-07  2.53370E-02 
1.40000E+01 3.00000E-02  1.76027E-07  3.03603E-02 
1.41667E+01 3.50000E-02  1.76180E-07  3.52314E-02 
1.43333E+01 4.00000E-02  1.81095E-07  4.04069E-02 
1.45000E+01 4.50000E-02  1.77563E-07  4.54302E-02 
1.46667E+01 5.00000E-02  1.79866E-07  5.04535E-02 
1.48333E+01 5.50000E-02  1.81249E-07  5.53246E-02 
1.50000E+01 6.00000E-02  1.82784E-07  6.03478E-02 
1.51667E+01 6.50000E-02  1.84320E-07  6.53711E-02 
1.53333E+01 7.00000E-02  1.90310E-07  7.02422E-02 
1.55000E+01 7.50000E-02  1.83092E-07  7.52655E-02 
1.56667E+01 8.00000E-02  1.89081E-07  8.02888E-02 
1.58333E+01 8.50000E-02  1.91078E-07  8.53121E-02 
1.60000E+01 9.00000E-02  1.92767E-07  9.03354E-02 
1.61667E+01 9.50000E-02  1.96146E-07  9.53587E-02 
1.63333E+01 1.00000E-01  2.00907E-07  1.00382E-01 
1.65000E+01 1.05000E-01  1.93228E-07  1.05405E-01 
1.66667E+01 1.10000E-01  2.01060E-07  1.10276E-01 
1.68333E+01 1.15000E-01  2.02443E-07  1.15300E-01 
1.70000E+01 1.20000E-01  2.03978E-07  1.20475E-01 
1.71667E+01 1.25000E-01  2.11350E-07  1.25498E-01 
1.73333E+01 1.30000E-01  2.08893E-07  1.30369E-01 
1.75000E+01 1.35000E-01  2.11350E-07  1.35393E-01 
1.76667E+01 1.40000E-01  2.14422E-07  1.40112E-01 
1.78333E+01 1.45000E-01  2.17647E-07  1.45287E-01 
1.80000E+01 1.50000E-01  2.20872E-07  1.50158E-01 
1.81667E+01 1.55000E-01  2.28858E-07  1.55182E-01 
1.83333E+01 1.60000E-01  2.20872E-07  1.60205E-01 
1.85000E+01 1.65000E-01  2.27630E-07  1.65228E-01 
1.86667E+01 1.70000E-01  2.30855E-07  1.70251E-01 
1.88333E+01 1.75000E-01  2.30855E-07  1.75275E-01 
1.90000E+01 1.80000E-01  2.37613E-07  1.80298E-01 
1.91667E+01 1.85000E-01  2.37459E-07  1.85321E-01 
1.93333E+01 1.90000E-01  2.35155E-07  1.90192E-01 
1.95000E+01 1.95000E-01  2.38534E-07  1.95216E-01 
1.96667E+01 2.00000E-01  2.42220E-07  2.00239E-01 
1.98333E+01 2.05000E-01  2.44831E-07  2.05414E-01 
2.00000E+01 2.10000E-01  2.52971E-07  2.10285E-01 
2.01667E+01 2.15000E-01  2.46059E-07  2.15309E-01 
2.03333E+01 2.20000E-01  2.51742E-07  2.20180E-01 
2.05000E+01 2.25000E-01  2.55274E-07  2.25355E-01 
2.06667E+01 2.30000E-01  2.57885E-07  2.30226E-01 
2.08333E+01 2.35000E-01  2.63107E-07  2.35250E-01 
2.10000E+01 2.40000E-01  2.71093E-07  2.40273E-01 
2.11667E+01 2.45000E-01  2.65103E-07  2.45296E-01 
2.13333E+01 2.50000E-01  2.72782E-07  2.50320E-01 
2.15000E+01 2.55000E-01  2.78311E-07  2.55343E-01 
2.16667E+01 2.60000E-01  2.80922E-07  2.60366E-01 
2.18333E+01 2.65000E-01  2.92287E-07  2.65237E-01 
2.20000E+01 2.70000E-01  2.92594E-07  2.70261E-01 
2.21667E+01 2.75000E-01  2.98891E-07  2.75284E-01 
2.23333E+01 2.80000E-01  3.04881E-07  2.80459E-01 
2.25000E+01 2.85000E-01  3.09488E-07  2.85330E-01 
2.26667E+01 2.90000E-01  3.17628E-07  2.90354E-01 
2.28333E+01 2.95000E-01  3.29454E-07  2.95225E-01 
2.30000E+01 3.00000E-01  3.26382E-07  3.00400E-01 
2.31667E+01 2.95000E-01  2.10122E-07  2.95225E-01 
2.33333E+01 2.90000E-01  1.51608E-07  2.90354E-01 
2.35000E+01 2.85000E-01  1.11216E-07  2.85330E-01 
2.36667E+01 2.80000E-01  8.51072E-08  2.80459E-01 
2.38333E+01 2.75000E-01  5.91521E-08  2.75284E-01 
2.40000E+01 2.70000E-01  3.47329E-08  2.70261E-01 
2.41667E+01 2.65000E-01  2.18321E-08  2.65237E-01 
2.43333E+01 2.60000E-01  8.00987E-09  2.60366E-01 
2.45000E+01 2.55000E-01  -8.26965E-09 2.55343E-01 
2.46667E+01 2.50000E-01  -9.80546E-09 2.50320E-01 
2.48333E+01 2.45000E-01  -2.76208E-08 2.45296E-01 
2.50000E+01 2.40000E-01  -3.19210E-08 2.40273E-01 
2.51667E+01 2.35000E-01  -3.96001E-08 2.35250E-01 
2.53333E+01 2.30000E-01  -4.68183E-08 2.30226E-01 
2.55000E+01 2.25000E-01  -5.34223E-08 2.25203E-01 
2.56667E+01 2.20000E-01  -5.44973E-08 2.20180E-01 
2.58333E+01 2.15000E-01  -7.13912E-08 2.15309E-01 
2.60000E+01 2.10000E-01  -7.13912E-08 2.10285E-01 
2.61667E+01 2.05000E-01  -7.72272E-08 2.05414E-01 
2.63333E+01 2.00000E-01  -8.24490E-08 2.00239E-01 
2.65000E+01 1.95000E-01  -8.19882E-08 1.95216E-01 
2.66667E+01 1.90000E-01  -9.15102E-08 1.90192E-01 
2.68333E+01 1.85000E-01  -9.55033E-08 1.85321E-01 
2.70000E+01 1.80000E-01  -9.67320E-08 1.80298E-01 
2.71667E+01 1.75000E-01  -1.00264E-07 1.75275E-01 
2.73333E+01 1.70000E-01  -1.05025E-07 1.70251E-01 
2.75000E+01 1.65000E-01  -1.01493E-07 1.65228E-01 
2.76667E+01 1.60000E-01  -1.14701E-07 1.60205E-01 
2.78333E+01 1.55000E-01  -1.12704E-07 1.55182E-01 
2.80000E+01 1.50000E-01  -1.15008E-07 1.50158E-01 
2.81667E+01 1.45000E-01  -1.19923E-07 1.45135E-01 
2.83333E+01 1.40000E-01  -1.19155E-07 1.40112E-01 
2.85000E+01 1.35000E-01  -1.19001E-07 1.35393E-01 
2.86667E+01 1.30000E-01  -1.28830E-07 1.30369E-01 
2.88333E+01 1.25000E-01  -1.25605E-07 1.25498E-01 
2.90000E+01 1.20000E-01  -1.24837E-07 1.20323E-01 
2.91667E+01 1.15000E-01  -1.29137E-07 1.15300E-01 
2.93333E+01 1.10000E-01  -1.25759E-07 1.10276E-01 
2.95000E+01 1.05000E-01  -1.33284E-07 1.05405E-01 
2.96667E+01 1.00000E-01  -1.33591E-07 1.00382E-01 
2.98333E+01 9.50000E-02  -1.33131E-07 9.53587E-02 
3.00000E+01 9.00000E-02  -1.34820E-07 9.03354E-02 
3.01667E+01 8.50000E-02  -1.37124E-07 8.53121E-02 
3.03333E+01 8.00000E-02  -1.31288E-07 8.02888E-02 
3.05000E+01 7.50000E-02  -1.43420E-07 7.52655E-02 
3.06667E+01 7.00000E-02  -1.39581E-07 7.02422E-02 
3.08333E+01 6.50000E-02  -1.40195E-07 6.52189E-02 
3.10000E+01 6.00000E-02  -1.42960E-07 6.03478E-02 
3.11667E+01 5.50000E-02  -1.38967E-07 5.53246E-02 
3.13333E+01 5.00000E-02  -1.43267E-07 5.03013E-02 
3.15000E+01 4.50000E-02  -1.46185E-07 4.54302E-02 
3.16667E+01 4.00000E-02  -1.46338E-07 4.02547E-02 
3.18333E+01 3.50000E-02  -1.47260E-07 3.52314E-02 
3.20000E+01 3.00000E-02  -1.48028E-07 3.03603E-02 
3.21667E+01 2.50000E-02  -1.44956E-07 2.53370E-02 
3.23333E+01 2.00000E-02  -1.53403E-07 2.03137E-02 
3.25000E+01 1.50000E-02  -1.50332E-07 1.52904E-02 
3.26667E+01 1.00000E-02  -1.53096E-07 1.02672E-02 
3.28333E+01 5.00000E-03  -1.56935E-07 5.24386E-03 
3.30000E+01 8.13152E-18  -1.54017E-07 2.20568E-04 
3.31667E+01 -5.00000E-03 -1.54017E-07 -4.80272E-03
3.33333E+01 -1.00000E-02 -1.66611E-07 -9.67379E-03
3.35000E+01 -1.50000E-02 -1.62004E-07 -1.48493E-02
3.36667E+01 -2.00000E-02 -1.65997E-07 -1.95682E-02
3.38333E+01 -2.50000E-02 -1.69375E-07 -2.45914E-02
3.40000E+01 -3.00000E-02 -1.64768E-07 -2.94625E-02
3.41667E+01 -3.50000E-02 -1.74597E-07 -3.44858E-02
3.43333E+01 -4.00000E-02 -1.74751E-07 -3.96613E-02
3.45000E+01 -4.50000E-02 -1.71065E-07 -4.46846E-02
3.46667E+01 -5.00000E-02 -1.82430E-07 -4.95557E-02
3.48333E+01 -5.50000E-02 -1.85041E-07 -5.45790E-02
3.50000E+01 -6.00000E-02 -1.74904E-07 -5.96023E-02
3.51667E+01 -6.50000E-02 -1.89648E-07 -6.46256E-02
3.53333E+01 -7.00000E-02 -1.85655E-07 -6.94966E-02
3.55000E+01 -7.50000E-02 -1.84734E-07 -7.46721E-02
3.56667E+01 -8.00000E-02 -1.88266E-07 -7.96954E-02
3.58333E+01 -8.50000E-02 -1.84119E-07 -8.47187E-02
3.60000E+01 -9.00000E-02 -1.83505E-07 -8.95898E-02
3.61667E+01 -9.50000E-02 -1.89034E-07 -9.46131E-02
3.63333E+01 -1.00000E-01 -1.85041E-07 -9.96364E-02
3.65000E+01 -1.05000E-01 -1.85501E-07 -1.04660E-01
3.66667E+01 -1.10000E-01 -1.84887E-07 -1.09531E-01
3.68333E+01 -1.15000E-01 -1.81048E-07 -1.14554E-01
3.70000E+01 -1.20000E-01 -1.87498E-07 -1.19577E-01
3.71667E+01 -1.25000E-01 -1.83658E-07 -1.24601E-01
3.73333E+01 -1.30000E-01 -1.83505E-07 -1.29624E-01
3.75000E+01 -1.35000E-01 -1.83351E-07 -1.34647E-01
3.76667E+01 -1.40000E-01 -1.83505E-07 -1.39670E-01
3.78333E+01 -1.45000E-01 -1.79051E-07 -1.44542E-01
3.80000E+01 -1.50000E-01 -1.88266E-07 -1.49565E-01
3.81667E+01 -1.55000E-01 -1.84580E-07 -1.54740E-01
3.83333E+01 -1.60000E-01 -1.83505E-07 -1.59764E-01
3.85000E+01 -1.65000E-01 -1.83812E-07 -1.64635E-01
3.86667E+01 -1.70000E-01 -1.80126E-07 -1.69658E-01
3.88333E+01 -1.75000E-01 -1.86576E-07 -1.74377E-01
3.90000E+01 -1.80000E-01 -1.85501E-07 -1.79552E-01
3.91667E+01 -1.85000E-01 -1.86116E-07 -1.84423E-01
3.93333E+01 -1.90000E-01 -1.88112E-07 -1.89447E-01
3.95000E+01 -1.95000E-01 -1.86884E-07 -1.94470E-01
3.96667E+01 -2.00000E-01 -1.83044E-07 -1.99493E-01
3.98333E+01 -2.05000E-01 -1.92105E-07 -2.04517E-01
4.00000E+01 -2.10000E-01 -1.87805E-07 -2.09540E-01
4.01667E+01 -2.15000E-01 -1.90109E-07 -2.14563E-01
4.03333E+01 -2.20000E-01 -1.91337E-07 -2.19586E-01
4.05000E+01 -2.25000E-01 -1.89648E-07 -2.24458E-01
4.06667E+01 -2.30000E-01 -1.89955E-07 -2.29481E-01
4.08333E+01 -2.35000E-01 -1.97788E-07 -2.34504E-01
4.10000E+01 -2.40000E-01 -1.93948E-07 -2.39680E-01
4.11667E+01 -2.45000E-01 -1.95023E-07 -2.44551E-01
4.13333E+01 -2.50000E-01 -1.98402E-07 -2.49574E-01
4.15000E+01 -2.55000E-01 -1.93641E-07 -2.54597E-01
4.16667E+01 -2.60000E-01 -2.02856E-07 -2.59621E-01
4.18333E+01 -2.65000E-01 -2.01781E-07 -2.64492E-01
4.20000E+01 -2.70000E-01 -2.02856E-07 -2.69515E-01
4.21667E+01 -2.75000E-01 -2.04392E-07 -2.74538E-01
4.23333E+01 -2.80000E-01 -2.05006E-07 -2.79714E-01
4.25000E+01 -2.85000E-01 -2.01781E-07 -2.84585E-01
4.26667E+01 -2.90000E-01 -2.15757E-07 -2.89608E-01
4.28333E+01 -2.95000E-01 -2.13299E-07 -2.94631E-01
4.30000E+01 -3.00000E-01 -2.14528E-07 -2.99655E-01
4.31667E+01 -3.05000E-01 -2.17293E-07 -3.04526E-01
4.33333E+01 -3.10000E-01 -2.14682E-07 -3.09701E-01
4.35000E+01 -3.15000E-01 -2.21746E-07 -3.14725E-01
4.36667E+01 -3.20000E-01 -2.26507E-07 -3.19596E-01
4.38333E+01 -3.25000E-01 -2.24972E-07 -3.24619E-01
4.40000E+01 -3.30000E-01 -2.29272E-07 -3.29642E-01
4.41667E+01 -3.35000E-01 -2.30961E-07 -3.34666E-01
4.43333E+01 -3.40000E-01 -2.26815E-07 -3.39537E-01
4.45000E+01 -3.45000E-01 -2.41098E-07 -3.44560E-01
4.46667E+01 -3.50000E-01 -2.40330E-07 -3.49735E-01
4.48333E+01 -3.55000E-01 -2.43708E-07 -3.54759E-01
4.50000E+01 -3.60000E-01 -2.47701E-07 -3.59630E-01
4.51667E+01 -3.65000E-01 -2.47548E-07 -3.64653E-01
4.53333E+01 -3.70000E-01 -2.48623E-07 -3.69676E-01
4.55000E+01 -3.75000E-01 -2.61370E-07 -3.74700E-01
4.56667E+01 -3.80000E-01 -2.60141E-07 -3.79571E-01
4.58333E+01 -3.85000E-01 -2.64288E-07 -3.84746E-01
