20/10/2020 09:52:17
time/s      E/V        I/A
0.00000E+00 -3.90000E-01 -3.60429E-07 -3.89617E-01
1.66667E-01 -3.85000E-01 -2.23129E-07 -3.84594E-01
3.33333E-01 -3.80000E-01 -1.71833E-07 -3.79571E-01
5.00000E-01 -3.75000E-01 -1.30212E-07 -3.74547E-01
6.66667E-01 -3.70000E-01 -9.94964E-08 -3.69524E-01
8.33333E-01 -3.65000E-01 -7.21591E-08 -3.64501E-01
1.00000E+00 -3.60000E-01 -5.03507E-08 -3.59478E-01
1.16667E+00 -3.55000E-01 -2.90030E-08 -3.54606E-01
1.33333E+00 -3.50000E-01 -2.05561E-08 -3.49583E-01
1.50000E+00 -3.45000E-01 -6.11953E-09 -3.44408E-01
1.66667E+00 -3.40000E-01 4.63110E-09  -3.39384E-01
1.83333E+00 -3.35000E-01 1.53817E-08  -3.34513E-01
2.00000E+00 -3.30000E-01 2.93575E-08  -3.29490E-01
2.16667E+00 -3.25000E-01 3.38114E-08  -3.24467E-01
2.33333E+00 -3.20000E-01 4.13368E-08  -3.19443E-01
2.50000E+00 -3.15000E-01 4.70193E-08  -3.14572E-01
2.66667E+00 -3.10000E-01 5.27018E-08  -3.09549E-01
2.83333E+00 -3.05000E-01 5.56198E-08  -3.04374E-01
3.00000E+00 -3.00000E-01 6.56025E-08  -2.99503E-01
3.16667E+00 -2.95000E-01 6.43739E-08  -2.94479E-01
3.33333E+00 -2.90000E-01 7.29744E-08  -2.89456E-01
3.50000E+00 -2.85000E-01 7.54317E-08  -2.84433E-01
3.66667E+00 -2.80000E-01 7.89640E-08  -2.79562E-01
3.83333E+00 -2.75000E-01 8.21892E-08  -2.74386E-01
4.00000E+00 -2.70000E-01 8.52608E-08  -2.69363E-01
4.16667E+00 -2.65000E-01 8.77181E-08  -2.64339E-01
4.33333E+00 -2.60000E-01 9.06361E-08  -2.59468E-01
4.50000E+00 -2.55000E-01 9.40149E-08  -2.54445E-01
4.66667E+00 -2.50000E-01 9.44756E-08  -2.49422E-01
4.83333E+00 -2.45000E-01 1.00926E-07  -2.44399E-01
5.00000E+00 -2.40000E-01 9.98509E-08  -2.39527E-01
5.16667E+00 -2.35000E-01 9.92366E-08  -2.34504E-01
5.33333E+00 -2.30000E-01 1.03844E-07  -2.29481E-01
5.50000E+00 -2.25000E-01 1.05687E-07  -2.24305E-01
5.66667E+00 -2.20000E-01 1.09066E-07  -2.19434E-01
5.83333E+00 -2.15000E-01 1.14902E-07  -2.14411E-01
6.00000E+00 -2.10000E-01 1.10602E-07  -2.09388E-01
6.16667E+00 -2.05000E-01 1.12598E-07  -2.04364E-01
6.33333E+00 -2.00000E-01 1.13366E-07  -1.99493E-01
6.50000E+00 -1.95000E-01 1.16130E-07  -1.94470E-01
6.66667E+00 -1.90000E-01 1.22734E-07  -1.89295E-01
6.83333E+00 -1.85000E-01 1.20738E-07  -1.84271E-01
7.00000E+00 -1.80000E-01 1.23349E-07  -1.79400E-01
7.16667E+00 -1.75000E-01 1.25806E-07  -1.74377E-01
7.33333E+00 -1.70000E-01 1.26728E-07  -1.69658E-01
7.50000E+00 -1.65000E-01 1.28263E-07  -1.64483E-01
7.66667E+00 -1.60000E-01 1.34407E-07  -1.59611E-01
7.83333E+00 -1.55000E-01 1.30567E-07  -1.54588E-01
8.00000E+00 -1.50000E-01 1.34867E-07  -1.49565E-01
8.16667E+00 -1.45000E-01 1.37017E-07  -1.44542E-01
8.33333E+00 -1.40000E-01 1.37939E-07  -1.39518E-01
8.50000E+00 -1.35000E-01 1.40550E-07  -1.34495E-01
8.66667E+00 -1.30000E-01 1.47154E-07  -1.29472E-01
8.83333E+00 -1.25000E-01 1.46079E-07  -1.24601E-01
9.00000E+00 -1.20000E-01 1.51454E-07  -1.19577E-01
9.16667E+00 -1.15000E-01 1.54833E-07  -1.14554E-01
9.33333E+00 -1.10000E-01 1.57136E-07  -1.09379E-01
9.50000E+00 -1.05000E-01 1.66351E-07  -1.04507E-01
9.66667E+00 -1.00000E-01 1.67119E-07  -9.94842E-02
9.83333E+00 -9.50000E-02 1.73262E-07  -9.46131E-02
1.00000E+01 -9.00000E-02 1.79406E-07  -8.94376E-02
1.01667E+01 -8.50000E-02 1.83245E-07  -8.45665E-02
1.03333E+01 -8.00000E-02 1.91231E-07  -7.95432E-02
1.05000E+01 -7.50000E-02 2.03671E-07  -7.45199E-02
1.06667E+01 -7.00000E-02 2.00753E-07  -6.93444E-02
1.08333E+01 -6.50000E-02 2.08279E-07  -6.44733E-02
1.10000E+01 -6.00000E-02 2.16111E-07  -5.94500E-02
1.11667E+01 -5.50000E-02 2.20565E-07  -5.44268E-02
1.13333E+01 -5.00000E-02 2.31776E-07  -4.94035E-02
1.15000E+01 -4.50000E-02 2.32852E-07  -4.45324E-02
1.16667E+01 -4.00000E-02 2.35923E-07  -3.95091E-02
1.18333E+01 -3.50000E-02 2.40223E-07  -3.43336E-02
1.20000E+01 -3.00000E-02 2.40991E-07  -2.93103E-02
1.21667E+01 -2.50000E-02 2.41298E-07  -2.44392E-02
1.23333E+01 -2.00000E-02 2.48056E-07  -1.94159E-02
1.25000E+01 -1.50000E-02 2.38688E-07  -1.46971E-02
1.26667E+01 -1.00000E-02 2.39916E-07  -9.67379E-03
1.28333E+01 -5.00000E-03 2.37459E-07  -4.65050E-03
1.30000E+01 8.13152E-18  2.32237E-07  3.72789E-04 
1.31667E+01 5.00000E-03  2.29934E-07  5.39608E-03 
1.33333E+01 1.00000E-02  2.30394E-07  1.04194E-02 
1.35000E+01 1.50000E-02  2.23483E-07  1.54427E-02 
1.36667E+01 2.00000E-02  2.24097E-07  2.04660E-02 
1.38333E+01 2.50000E-02  2.23022E-07  2.53370E-02 
1.40000E+01 3.00000E-02  2.18415E-07  3.05125E-02 
1.41667E+01 3.50000E-02  2.21026E-07  3.53836E-02 
1.43333E+01 4.00000E-02  2.18261E-07  4.04069E-02 
1.45000E+01 4.50000E-02  2.17033E-07  4.54302E-02 
1.46667E+01 5.00000E-02  2.16572E-07  5.04535E-02 
1.48333E+01 5.50000E-02  2.15651E-07  5.54768E-02 
1.50000E+01 6.00000E-02  2.15651E-07  6.03478E-02 
1.51667E+01 6.50000E-02  2.19797E-07  6.53711E-02 
1.53333E+01 7.00000E-02  2.14268E-07  7.03944E-02 
1.55000E+01 7.50000E-02  2.17494E-07  7.54177E-02 
1.56667E+01 8.00000E-02  2.17954E-07  8.04410E-02 
1.58333E+01 8.50000E-02  2.19644E-07  8.54643E-02 
1.60000E+01 9.00000E-02  2.24712E-07  9.04876E-02 
1.61667E+01 9.50000E-02  2.23330E-07  9.55109E-02 
1.63333E+01 1.00000E-01  2.21026E-07  1.00382E-01 
1.65000E+01 1.05000E-01  2.25633E-07  1.05405E-01 
1.66667E+01 1.10000E-01  2.29012E-07  1.10429E-01 
1.68333E+01 1.15000E-01  2.31162E-07  1.15452E-01 
1.70000E+01 1.20000E-01  2.38688E-07  1.20475E-01 
1.71667E+01 1.25000E-01  2.31776E-07  1.25498E-01 
1.73333E+01 1.30000E-01  2.38995E-07  1.30522E-01 
1.75000E+01 1.35000E-01  2.42066E-07  1.35545E-01 
1.76667E+01 1.40000E-01  2.46059E-07  1.40264E-01 
1.78333E+01 1.45000E-01  2.49745E-07  1.45287E-01 
1.80000E+01 1.50000E-01  2.56657E-07  1.50310E-01 
1.81667E+01 1.55000E-01  2.54967E-07  1.55334E-01 
1.83333E+01 1.60000E-01  2.61571E-07  1.60357E-01 
1.85000E+01 1.65000E-01  2.63875E-07  1.65380E-01 
1.86667E+01 1.70000E-01  2.66946E-07  1.70251E-01 
1.88333E+01 1.75000E-01  2.76008E-07  1.75427E-01 
1.90000E+01 1.80000E-01  2.78004E-07  1.80298E-01 
1.91667E+01 1.85000E-01  2.84455E-07  1.85473E-01 
1.93333E+01 1.90000E-01  2.88448E-07  1.90345E-01 
1.95000E+01 1.95000E-01  2.93209E-07  1.95368E-01 
1.96667E+01 2.00000E-01  2.97662E-07  2.00391E-01 
1.98333E+01 2.05000E-01  3.08874E-07  2.05414E-01 
2.00000E+01 2.10000E-01  3.05649E-07  2.10438E-01 
2.01667E+01 2.15000E-01  3.11485E-07  2.15461E-01 
2.03333E+01 2.20000E-01  3.15785E-07  2.20332E-01 
2.05000E+01 2.25000E-01  3.21621E-07  2.25355E-01 
2.06667E+01 2.30000E-01  3.29761E-07  2.30379E-01 
2.08333E+01 2.35000E-01  3.32832E-07  2.35402E-01 
2.10000E+01 2.40000E-01  3.38054E-07  2.40425E-01 
2.11667E+01 2.45000E-01  3.50648E-07  2.45449E-01 
2.13333E+01 2.50000E-01  3.51416E-07  2.50472E-01 
2.15000E+01 2.55000E-01  3.58787E-07  2.55343E-01 
2.16667E+01 2.60000E-01  3.71995E-07  2.60366E-01 
2.18333E+01 2.65000E-01  3.70460E-07  2.65389E-01 
2.20000E+01 2.70000E-01  3.83053E-07  2.70413E-01 
2.21667E+01 2.75000E-01  3.91961E-07  2.75436E-01 
2.23333E+01 2.80000E-01  3.98718E-07  2.80459E-01 
2.25000E+01 2.85000E-01  4.09162E-07  2.85483E-01 
2.26667E+01 2.90000E-01  4.24673E-07  2.90506E-01 
2.28333E+01 2.95000E-01  4.25134E-07  2.95377E-01 
2.30000E+01 3.00000E-01  4.42182E-07  3.00553E-01 
2.31667E+01 2.95000E-01  2.98123E-07  2.95377E-01 
2.33333E+01 2.90000E-01  2.24558E-07  2.90506E-01 
2.35000E+01 2.85000E-01  1.77716E-07  2.85483E-01 
2.36667E+01 2.80000E-01  1.35482E-07  2.80459E-01 
2.38333E+01 2.75000E-01  1.04458E-07  2.75436E-01 
2.40000E+01 2.70000E-01  7.75818E-08  2.70413E-01 
2.41667E+01 2.65000E-01  5.19339E-08  2.65389E-01 
2.43333E+01 2.60000E-01  3.67294E-08  2.60366E-01 
2.45000E+01 2.55000E-01  1.16958E-08  2.55343E-01 
2.46667E+01 2.50000E-01  6.01332E-09  2.50320E-01 
2.48333E+01 2.45000E-01  -5.04447E-09 2.45449E-01 
2.50000E+01 2.40000E-01  -2.02489E-08 2.40425E-01 
2.51667E+01 2.35000E-01  -3.14603E-08 2.35402E-01 
2.53333E+01 2.30000E-01  -3.59141E-08 2.30379E-01 
2.55000E+01 2.25000E-01  -4.35931E-08 2.25355E-01 
2.56667E+01 2.20000E-01  -5.66475E-08 2.20332E-01 
2.58333E+01 2.15000E-01  -6.17156E-08 2.15461E-01 
2.60000E+01 2.10000E-01  -7.06233E-08 2.10438E-01 
2.61667E+01 2.05000E-01  -7.86095E-08 2.05414E-01 
2.63333E+01 2.00000E-01  -7.76880E-08 2.00391E-01 
2.65000E+01 1.95000E-01  -8.95137E-08 1.95368E-01 
2.66667E+01 1.90000E-01  -9.22781E-08 1.90345E-01 
2.68333E+01 1.85000E-01  -9.68855E-08 1.85321E-01 
2.70000E+01 1.80000E-01  -1.03182E-07 1.80298E-01 
2.71667E+01 1.75000E-01  -1.07636E-07 1.75275E-01 
2.73333E+01 1.70000E-01  -1.07943E-07 1.70251E-01 
2.75000E+01 1.65000E-01  -1.19308E-07 1.65380E-01 
2.76667E+01 1.60000E-01  -1.18694E-07 1.60357E-01 
2.78333E+01 1.55000E-01  -1.21766E-07 1.55334E-01 
2.80000E+01 1.50000E-01  -1.26373E-07 1.50158E-01 
2.81667E+01 1.45000E-01  -1.27909E-07 1.45287E-01 
2.83333E+01 1.40000E-01  -1.30212E-07 1.40264E-01 
2.85000E+01 1.35000E-01  -1.33898E-07 1.35545E-01 
2.86667E+01 1.30000E-01  -1.35895E-07 1.30522E-01 
2.88333E+01 1.25000E-01  -1.36202E-07 1.25498E-01 
2.90000E+01 1.20000E-01  -1.38199E-07 1.20475E-01 
2.91667E+01 1.15000E-01  -1.35281E-07 1.15452E-01 
2.93333E+01 1.10000E-01  -1.42806E-07 1.10429E-01 
2.95000E+01 1.05000E-01  -1.42806E-07 1.05405E-01 
2.96667E+01 1.00000E-01  -1.44495E-07 1.00382E-01 
2.98333E+01 9.50000E-02  -1.44956E-07 9.55109E-02 
3.00000E+01 9.00000E-02  -1.43113E-07 9.03354E-02 
3.01667E+01 8.50000E-02  -1.40810E-07 8.54643E-02 
3.03333E+01 8.00000E-02  -1.48335E-07 8.04410E-02 
3.05000E+01 7.50000E-02  -1.47721E-07 7.54177E-02 
3.06667E+01 7.00000E-02  -1.48028E-07 7.03944E-02 
3.08333E+01 6.50000E-02  -1.50792E-07 6.53711E-02 
3.10000E+01 6.00000E-02  -1.46031E-07 6.03478E-02 
3.11667E+01 5.50000E-02  -1.52328E-07 5.54768E-02 
3.13333E+01 5.00000E-02  -1.52942E-07 5.04535E-02 
3.15000E+01 4.50000E-02  -1.54939E-07 4.54302E-02 
3.16667E+01 4.00000E-02  -1.55707E-07 4.04069E-02 
3.18333E+01 3.50000E-02  -1.59393E-07 3.53836E-02 
3.20000E+01 3.00000E-02  -1.56321E-07 3.03603E-02 
3.21667E+01 2.50000E-02  -1.65382E-07 2.53370E-02 
3.23333E+01 2.00000E-02  -1.64307E-07 2.04660E-02 
3.25000E+01 1.50000E-02  -1.67225E-07 1.52904E-02 
3.26667E+01 1.00000E-02  -1.71833E-07 1.04194E-02 
3.28333E+01 5.00000E-03  -1.75826E-07 5.39608E-03 
3.30000E+01 8.13152E-18  -1.80126E-07 3.72789E-04 
3.31667E+01 -5.00000E-03 -1.86730E-07 -4.65050E-03
3.33333E+01 -1.00000E-02 -1.89802E-07 -9.67379E-03
3.35000E+01 -1.50000E-02 -1.95638E-07 -1.46971E-02
3.36667E+01 -2.00000E-02 -2.02549E-07 -1.94159E-02
3.38333E+01 -2.50000E-02 -2.04392E-07 -2.44392E-02
3.40000E+01 -3.00000E-02 -2.16832E-07 -2.93103E-02
3.41667E+01 -3.50000E-02 -2.22514E-07 -3.43336E-02
3.43333E+01 -4.00000E-02 -2.28197E-07 -3.95091E-02
3.45000E+01 -4.50000E-02 -2.33572E-07 -4.45324E-02
3.46667E+01 -5.00000E-02 -2.36337E-07 -4.94035E-02
3.48333E+01 -5.50000E-02 -2.37872E-07 -5.44268E-02
3.50000E+01 -6.00000E-02 -2.49084E-07 -5.94500E-02
3.51667E+01 -6.50000E-02 -2.53230E-07 -6.44733E-02
3.53333E+01 -7.00000E-02 -2.50312E-07 -6.94966E-02
3.55000E+01 -7.50000E-02 -2.49544E-07 -7.45199E-02
3.56667E+01 -8.00000E-02 -2.43708E-07 -7.95432E-02
3.58333E+01 -8.50000E-02 -2.47855E-07 -8.45665E-02
3.60000E+01 -9.00000E-02 -2.45091E-07 -8.95898E-02
3.61667E+01 -9.50000E-02 -2.46934E-07 -9.46131E-02
3.63333E+01 -1.00000E-01 -2.40944E-07 -9.94842E-02
3.65000E+01 -1.05000E-01 -2.40483E-07 -1.04507E-01
3.66667E+01 -1.10000E-01 -2.30347E-07 -1.09379E-01
3.68333E+01 -1.15000E-01 -2.34494E-07 -1.14554E-01
3.70000E+01 -1.20000E-01 -2.27890E-07 -1.19577E-01
3.71667E+01 -1.25000E-01 -2.24511E-07 -1.24601E-01
3.73333E+01 -1.30000E-01 -2.26354E-07 -1.29472E-01
3.75000E+01 -1.35000E-01 -2.23897E-07 -1.34495E-01
3.76667E+01 -1.40000E-01 -2.19903E-07 -1.39518E-01
3.78333E+01 -1.45000E-01 -2.22514E-07 -1.44542E-01
3.80000E+01 -1.50000E-01 -2.18368E-07 -1.49565E-01
3.81667E+01 -1.55000E-01 -2.18521E-07 -1.54588E-01
3.83333E+01 -1.60000E-01 -2.19136E-07 -1.59611E-01
3.85000E+01 -1.65000E-01 -2.13760E-07 -1.64635E-01
3.86667E+01 -1.70000E-01 -2.19750E-07 -1.69658E-01
3.88333E+01 -1.75000E-01 -2.15603E-07 -1.74377E-01
3.90000E+01 -1.80000E-01 -2.17293E-07 -1.79400E-01
3.91667E+01 -1.85000E-01 -2.18060E-07 -1.84271E-01
3.93333E+01 -1.90000E-01 -2.17139E-07 -1.89447E-01
3.95000E+01 -1.95000E-01 -2.13146E-07 -1.94470E-01
3.96667E+01 -2.00000E-01 -2.25125E-07 -1.99493E-01
3.98333E+01 -2.05000E-01 -2.21900E-07 -2.04364E-01
4.00000E+01 -2.10000E-01 -2.22514E-07 -2.09388E-01
4.01667E+01 -2.15000E-01 -2.23436E-07 -2.14411E-01
4.03333E+01 -2.20000E-01 -2.21132E-07 -2.19434E-01
4.05000E+01 -2.25000E-01 -2.26661E-07 -2.24305E-01
4.06667E+01 -2.30000E-01 -2.29118E-07 -2.29481E-01
4.08333E+01 -2.35000E-01 -2.29425E-07 -2.34504E-01
4.10000E+01 -2.40000E-01 -2.30500E-07 -2.39527E-01
4.11667E+01 -2.45000E-01 -2.32651E-07 -2.44399E-01
4.13333E+01 -2.50000E-01 -2.28504E-07 -2.49574E-01
4.15000E+01 -2.55000E-01 -2.38947E-07 -2.54445E-01
4.16667E+01 -2.60000E-01 -2.37258E-07 -2.59468E-01
4.18333E+01 -2.65000E-01 -2.39255E-07 -2.64339E-01
4.20000E+01 -2.70000E-01 -2.44783E-07 -2.69515E-01
4.21667E+01 -2.75000E-01 -2.42940E-07 -2.74538E-01
4.23333E+01 -2.80000E-01 -2.43862E-07 -2.79562E-01
4.25000E+01 -2.85000E-01 -2.61831E-07 -2.84433E-01
4.26667E+01 -2.90000E-01 -2.53077E-07 -2.89456E-01
4.28333E+01 -2.95000E-01 -2.51541E-07 -2.94479E-01
4.30000E+01 -3.00000E-01 -2.59374E-07 -2.99503E-01
4.31667E+01 -3.05000E-01 -2.55534E-07 -3.04526E-01
4.33333E+01 -3.10000E-01 -2.65363E-07 -3.09549E-01
4.35000E+01 -3.15000E-01 -2.67360E-07 -3.14572E-01
4.36667E+01 -3.20000E-01 -2.70739E-07 -3.19596E-01
4.38333E+01 -3.25000E-01 -2.89015E-07 -3.24467E-01
4.40000E+01 -3.30000E-01 -2.80261E-07 -3.29490E-01
4.41667E+01 -3.35000E-01 -2.75653E-07 -3.34513E-01
4.43333E+01 -3.40000E-01 -2.86864E-07 -3.39537E-01
4.45000E+01 -3.45000E-01 -2.92240E-07 -3.44560E-01
4.46667E+01 -3.50000E-01 -2.96386E-07 -3.49583E-01
4.48333E+01 -3.55000E-01 -3.00533E-07 -3.54606E-01
4.50000E+01 -3.60000E-01 -3.01762E-07 -3.59478E-01
4.51667E+01 -3.65000E-01 -3.13127E-07 -3.64653E-01
4.53333E+01 -3.70000E-01 -3.16045E-07 -3.69524E-01
4.55000E+01 -3.75000E-01 -3.22495E-07 -3.74547E-01
4.56667E+01 -3.80000E-01 -3.27717E-07 -3.79571E-01
4.58333E+01 -3.85000E-01 -3.35703E-07 -3.84594E-01
